cell_id,lat_center,lon_center,mean,date
c0065,35.829838,14.270835,13.923478260869611,2019-01-01
c0065,35.829838,14.270835,16.569354838709696,2019-01-02
c0065,35.829838,14.270835,13.058852459016451,2019-01-03
c0065,35.829838,14.270835,11.720370370370407,2019-01-04
c0065,35.829838,14.270835,8.138400000000024,2019-01-05
c0065,35.829838,14.270835,12.190000000000046,2019-01-06
c0065,35.829838,14.270835,14.89745762711866,2019-01-07
c0065,35.829838,14.270835,14.3372340425532,2019-01-08
c0065,35.829838,14.270835,7.3700000000000045,2019-01-09
c0065,35.829838,14.270835,,2019-01-10
c0065,35.829838,14.270835,,2019-01-11
c0065,35.829838,14.270835,6.396122448979645,2019-01-12
c0065,35.829838,14.270835,13.886393442622962,2019-01-13
c0065,35.829838,14.270835,,2019-01-14
c0065,35.829838,14.270835,15.213921568627493,2019-01-15
c0065,35.829838,14.270835,14.401475409836072,2019-01-16
c0065,35.829838,14.270835,,2019-01-17
c0065,35.829838,14.270835,16.27523809523811,2019-01-18
c0065,35.829838,14.270835,11.410000000000023,2019-01-19
c0065,35.829838,14.270835,5.3700000000000045,2019-01-20
c0065,35.829838,14.270835,,2019-01-21
c0065,35.829838,14.270835,13.470000000000024,2019-01-22
c0065,35.829838,14.270835,12.597586206896564,2019-01-23
c0065,35.829838,14.270835,,2019-01-24
c0065,35.829838,14.270835,12.581111111111127,2019-01-25
c0065,35.829838,14.270835,10.72170731707321,2019-01-26
c0065,35.829838,14.270835,14.624237288135609,2019-01-27
c0065,35.829838,14.270835,13.910000000000023,2019-01-28
c0065,35.829838,14.270835,8.726000000000017,2019-01-29
c0065,35.829838,14.270835,,2019-01-30
c0065,35.829838,14.270835,14.13135593220344,2019-01-31
c0065,35.829838,14.270835,16.783333333333342,2019-02-01
c0065,35.829838,14.270835,,2019-02-02
c0065,35.829838,14.270835,17.760333333333385,2019-02-03
c0065,35.829838,14.270835,,2019-02-04
c0065,35.829838,14.270835,13.77000000000004,2019-02-05
c0065,35.829838,14.270835,13.882459016393485,2019-02-06
c0065,35.829838,14.270835,,2019-02-07
c0065,35.829838,14.270835,11.470000000000027,2019-02-08
c0065,35.829838,14.270835,15.47416666666672,2019-02-09
c0065,35.829838,14.270835,15.996153846153897,2019-02-10
c0065,35.829838,14.270835,18.078000000000007,2019-02-11
c0065,35.829838,14.270835,14.859062500000046,2019-02-12
c0065,35.829838,14.270835,11.5119672131148,2019-02-13
c0065,35.829838,14.270835,15.658070175438636,2019-02-14
c0065,35.829838,14.270835,17.075714285714305,2019-02-15
c0065,35.829838,14.270835,12.962000000000012,2019-02-16
c0065,35.829838,14.270835,14.623846153846191,2019-02-17
c0065,35.829838,14.270835,13.35476190476192,2019-02-18
c0065,35.829838,14.270835,16.984736842105285,2019-02-19
c0065,35.829838,14.270835,11.788947368421065,2019-02-20
c0065,35.829838,14.270835,14.813478260869594,2019-02-21
c0065,35.829838,14.270835,13.63071428571433,2019-02-22
c0065,35.829838,14.270835,15.7976666666667,2019-02-23
c0065,35.829838,14.270835,,2019-02-24
c0065,35.829838,14.270835,,2019-02-25
c0065,35.829838,14.270835,12.12513513513519,2019-02-26
c0065,35.829838,14.270835,14.857037037037063,2019-02-27
c0065,35.829838,14.270835,17.986428571428622,2019-02-28
c0065,35.829838,14.270835,11.370000000000005,2019-03-01
c0065,35.829838,14.270835,16.7868181818182,2019-03-02
c0065,35.829838,14.270835,12.53333333333337,2019-03-03
c0065,35.829838,14.270835,20.21586206896553,2019-03-04
c0065,35.829838,14.270835,20.194838709677462,2019-03-05
c0065,35.829838,14.270835,19.77892857142859,2019-03-06
c0065,35.829838,14.270835,21.448730158730186,2019-03-07
c0065,35.829838,14.270835,13.523333333333367,2019-03-08
c0065,35.829838,14.270835,16.82172413793108,2019-03-09
c0065,35.829838,14.270835,21.326774193548417,2019-03-10
c0065,35.829838,14.270835,,2019-03-11
c0065,35.829838,14.270835,16.084137931034494,2019-03-12
c0065,35.829838,14.270835,20.25703703703704,2019-03-13
c0065,35.829838,14.270835,17.928947368421078,2019-03-14
c0065,35.829838,14.270835,12.050000000000011,2019-03-15
c0065,35.829838,14.270835,17.528750000000013,2019-03-16
c0065,35.829838,14.270835,20.580645161290334,2019-03-17
c0065,35.829838,14.270835,24.38741935483875,2019-03-18
c0065,35.829838,14.270835,,2019-03-19
c0065,35.829838,14.270835,,2019-03-20
c0065,35.829838,14.270835,,2019-03-21
c0065,35.829838,14.270835,,2019-03-22
c0065,35.829838,14.270835,10.77000000000004,2019-03-23
c0065,35.829838,14.270835,20.550645161290333,2019-03-24
c0065,35.829838,14.270835,22.77360655737709,2019-03-25
c0065,35.829838,14.270835,19.93392857142858,2019-03-26
c0065,35.829838,14.270835,,2019-03-27
c0065,35.829838,14.270835,15.869047619047638,2019-03-28
c0065,35.829838,14.270835,19.367777777777796,2019-03-29
c0065,35.829838,14.270835,20.82916666666668,2019-03-30
c0065,35.829838,14.270835,22.198235294117698,2019-03-31
c0065,35.829838,14.270835,,2019-04-01
c0065,35.829838,14.270835,,2019-04-02
c0065,35.829838,14.270835,7.490000000000009,2019-04-03
c0065,35.829838,14.270835,,2019-04-04
c0065,35.829838,14.270835,,2019-04-05
c0065,35.829838,14.270835,21.15754716981137,2019-04-06
c0065,35.829838,14.270835,,2019-04-07
c0065,35.829838,14.270835,15.495000000000037,2019-04-08
c0065,35.829838,14.270835,19.998076923076944,2019-04-09
c0065,35.829838,14.270835,24.189016393442664,2019-04-10
c0065,35.829838,14.270835,21.890000000000043,2019-04-11
c0065,35.829838,14.270835,20.18785714285719,2019-04-12
c0065,35.829838,14.270835,17.994324324324367,2019-04-13
c0065,35.829838,14.270835,13.630000000000052,2019-04-14
c0065,35.829838,14.270835,16.84130434782611,2019-04-15
c0065,35.829838,14.270835,22.940566037735884,2019-04-16
c0065,35.829838,14.270835,26.346507936507983,2019-04-17
c0065,35.829838,14.270835,23.22301587301591,2019-04-18
c0065,35.829838,14.270835,18.716666666666704,2019-04-19
c0065,35.829838,14.270835,16.275423728813582,2019-04-20
c0065,35.829838,14.270835,15.197142857142891,2019-04-21
c0065,35.829838,14.270835,,2019-04-22
c0065,35.829838,14.270835,18.756666666666696,2019-04-23
c0065,35.829838,14.270835,22.386071428571466,2019-04-24
c0065,35.829838,14.270835,14.604482758620724,2019-04-25
c0065,35.829838,14.270835,27.10904761904767,2019-04-26
c0065,35.829838,14.270835,24.512105263157924,2019-04-27
c0065,35.829838,14.270835,29.820819672131176,2019-04-28
c0065,35.829838,14.270835,25.74142857142858,2019-04-29
c0065,35.829838,14.270835,21.60803278688527,2019-04-30
c0065,35.829838,14.270835,26.315573770491817,2019-05-01
c0065,35.829838,14.270835,26.146071428571464,2019-05-02
c0065,35.829838,14.270835,25.048064516129052,2019-05-03
c0065,35.829838,14.270835,17.065555555555587,2019-05-04
c0065,35.829838,14.270835,24.16826086956524,2019-05-05
c0065,35.829838,14.270835,21.252456140350912,2019-05-06
c0065,35.829838,14.270835,25.24127272727275,2019-05-07
c0065,35.829838,14.270835,24.630000000000052,2019-05-08
c0065,35.829838,14.270835,16.630000000000052,2019-05-09
c0065,35.829838,14.270835,31.529677419354883,2019-05-10
c0065,35.829838,14.270835,29.209365079365085,2019-05-11
c0065,35.829838,14.270835,,2019-05-12
c0065,35.829838,14.270835,21.54827586206899,2019-05-13
c0065,35.829838,14.270835,22.118333333333375,2019-05-14
c0065,35.829838,14.270835,23.38920000000005,2019-05-15
c0065,35.829838,14.270835,22.33065573770497,2019-05-16
c0065,35.829838,14.270835,30.738135593220377,2019-05-17
c0065,35.829838,14.270835,,2019-05-18
c0065,35.829838,14.270835,31.633809523809568,2019-05-19
c0065,35.829838,14.270835,,2019-05-20
c0065,35.829838,14.270835,23.65566666666668,2019-05-21
c0065,35.829838,14.270835,30.784838709677462,2019-05-22
c0065,35.829838,14.270835,33.582203389830525,2019-05-23
c0065,35.829838,14.270835,34.47375000000001,2019-05-24
c0065,35.829838,14.270835,,2019-05-25
c0065,35.829838,14.270835,,2019-05-26
c0065,35.829838,14.270835,29.254838709677433,2019-05-27
c0065,35.829838,14.270835,29.85075471698117,2019-05-28
c0065,35.829838,14.270835,,2019-05-29
c0065,35.829838,14.270835,,2019-05-30
c0065,35.829838,14.270835,29.9461904761905,2019-05-31
c0065,35.829838,14.270835,32.17896551724139,2019-06-01
c0065,35.829838,14.270835,32.44161290322587,2019-06-02
c0065,35.829838,14.270835,31.974444444444487,2019-06-03
c0065,35.829838,14.270835,37.50766666666669,2019-06-04
c0065,35.829838,14.270835,33.047777777777796,2019-06-05
c0065,35.829838,14.270835,34.80213114754104,2019-06-06
c0065,35.829838,14.270835,33.816666666666706,2019-06-07
c0065,35.829838,14.270835,39.581562500000025,2019-06-08
c0065,35.829838,14.270835,42.83689655172417,2019-06-09
c0065,35.829838,14.270835,37.071052631578965,2019-06-10
c0065,35.829838,14.270835,40.2886885245902,2019-06-11
c0065,35.829838,14.270835,30.07840000000002,2019-06-12
c0065,35.829838,14.270835,38.342203389830544,2019-06-13
c0065,35.829838,14.270835,31.09101694915258,2019-06-14
c0065,35.829838,14.270835,36.49825396825397,2019-06-15
c0065,35.829838,14.270835,37.840877192982475,2019-06-16
c0065,35.829838,14.270835,,2019-06-17
c0065,35.829838,14.270835,39.890967741935505,2019-06-18
c0065,35.829838,14.270835,37.92387096774199,2019-06-19
c0065,35.829838,14.270835,42.46079365079369,2019-06-20
c0065,35.829838,14.270835,34.4204918032787,2019-06-21
c0065,35.829838,14.270835,38.60152542372885,2019-06-22
c0065,35.829838,14.270835,38.4236507936508,2019-06-23
c0065,35.829838,14.270835,41.403968253968266,2019-06-24
c0065,35.829838,14.270835,39.21426229508201,2019-06-25
c0065,35.829838,14.270835,39.11031746031748,2019-06-26
c0065,35.829838,14.270835,42.31350877192986,2019-06-27
c0065,35.829838,14.270835,35.69063492063495,2019-06-28
c0065,35.829838,14.270835,42.779841269841285,2019-06-29
c0065,35.829838,14.270835,36.36423728813561,2019-06-30
c0065,35.829838,14.270835,34.733846153846166,2019-07-01
c0065,35.829838,14.270835,38.16081967213117,2019-07-02
c0065,35.829838,14.270835,38.84333333333334,2019-07-03
c0065,35.829838,14.270835,42.674761904761915,2019-07-04
c0065,35.829838,14.270835,37.538666666666714,2019-07-05
c0065,35.829838,14.270835,44.773934426229566,2019-07-06
c0065,35.829838,14.270835,36.45786885245907,2019-07-07
c0065,35.829838,14.270835,42.30180327868856,2019-07-08
c0065,35.829838,14.270835,39.10419354838712,2019-07-09
c0065,35.829838,14.270835,41.63000000000005,2019-07-10
c0065,35.829838,14.270835,42.07603174603176,2019-07-11
c0065,35.829838,14.270835,37.27065573770496,2019-07-12
c0065,35.829838,14.270835,41.44741935483874,2019-07-13
c0065,35.829838,14.270835,26.42571428571432,2019-07-14
c0065,35.829838,14.270835,34.200588235294155,2019-07-15
c0065,35.829838,14.270835,,2019-07-16
c0065,35.829838,14.270835,41.84555555555558,2019-07-17
c0065,35.829838,14.270835,39.08645161290325,2019-07-18
c0065,35.829838,14.270835,39.6829032258065,2019-07-19
c0065,35.829838,14.270835,36.960769230769245,2019-07-20
c0065,35.829838,14.270835,34.52423728813564,2019-07-21
c0065,35.829838,14.270835,44.54903225806456,2019-07-22
c0065,35.829838,14.270835,39.05984126984127,2019-07-23
c0065,35.829838,14.270835,42.345873015873025,2019-07-24
c0065,35.829838,14.270835,40.23700000000001,2019-07-25
c0065,35.829838,14.270835,42.56655172413794,2019-07-26
c0065,35.829838,14.270835,38.010322580645195,2019-07-27
c0065,35.829838,14.270835,34.68703703703706,2019-07-28
c0065,35.829838,14.270835,39.99833333333338,2019-07-29
c0065,35.829838,14.270835,36.91736842105266,2019-07-30
c0065,35.829838,14.270835,42.0526229508197,2019-07-31
c0065,35.829838,14.270835,40.293389830508495,2019-08-01
c0065,35.829838,14.270835,41.212187500000034,2019-08-02
c0065,35.829838,14.270835,33.58850000000005,2019-08-03
c0065,35.829838,14.270835,39.6854838709678,2019-08-04
c0065,35.829838,14.270835,42.452622950819695,2019-08-05
c0065,35.829838,14.270835,39.97709677419359,2019-08-06
c0065,35.829838,14.270835,40.01393442622955,2019-08-07
c0065,35.829838,14.270835,28.27307692307693,2019-08-08
c0065,35.829838,14.270835,42.845000000000056,2019-08-09
c0065,35.829838,14.270835,38.92766666666669,2019-08-10
c0065,35.829838,14.270835,42.27935483870969,2019-08-11
c0065,35.829838,14.270835,41.56064516129037,2019-08-12
c0065,35.829838,14.270835,40.82593220338987,2019-08-13
c0065,35.829838,14.270835,40.811935483871025,2019-08-14
c0065,35.829838,14.270835,36.644920634920645,2019-08-15
c0065,35.829838,14.270835,43.69819672131153,2019-08-16
c0065,35.829838,14.270835,33.99000000000001,2019-08-17
c0065,35.829838,14.270835,39.674482758620705,2019-08-18
c0065,35.829838,14.270835,38.70733333333335,2019-08-19
c0065,35.829838,14.270835,39.440491803278725,2019-08-20
c0065,35.829838,14.270835,36.87666666666668,2019-08-21
c0065,35.829838,14.270835,37.61542372881358,2019-08-22
c0065,35.829838,14.270835,42.509365079365104,2019-08-23
c0065,35.829838,14.270835,33.40306122448984,2019-08-24
c0065,35.829838,14.270835,41.469672131147576,2019-08-25
c0065,35.829838,14.270835,36.07163265306127,2019-08-26
c0065,35.829838,14.270835,37.826721311475424,2019-08-27
c0065,35.829838,14.270835,39.3466666666667,2019-08-28
c0065,35.829838,14.270835,,2019-08-29
c0065,35.829838,14.270835,36.93313725490198,2019-08-30
c0065,35.829838,14.270835,29.565348837209335,2019-08-31
c0065,35.829838,14.270835,,2019-09-01
c0065,35.829838,14.270835,28.210000000000036,2019-09-02
c0065,35.829838,14.270835,34.07113207547176,2019-09-03
c0065,35.829838,14.270835,31.84243243243247,2019-09-04
c0065,35.829838,14.270835,29.110000000000017,2019-09-05
c0065,35.829838,14.270835,26.870000000000005,2019-09-06
c0065,35.829838,14.270835,32.228644067796616,2019-09-07
c0065,35.829838,14.270835,,2019-09-08
c0065,35.829838,14.270835,,2019-09-09
c0065,35.829838,14.270835,,2019-09-10
c0065,35.829838,14.270835,28.883333333333383,2019-09-11
c0065,35.829838,14.270835,25.33000000000004,2019-09-12
c0065,35.829838,14.270835,35.18460317460321,2019-09-13
c0065,35.829838,14.270835,32.515762711864426,2019-09-14
c0065,35.829838,14.270835,33.920666666666676,2019-09-15
c0065,35.829838,14.270835,29.282972972973024,2019-09-16
c0065,35.829838,14.270835,34.341071428571475,2019-09-17
c0065,35.829838,14.270835,30.230344827586215,2019-09-18
c0065,35.829838,14.270835,31.85081632653065,2019-09-19
c0065,35.829838,14.270835,28.18666666666669,2019-09-20
c0065,35.829838,14.270835,31.93516129032263,2019-09-21
c0065,35.829838,14.270835,,2019-09-22
c0065,35.829838,14.270835,26.350000000000023,2019-09-23
c0065,35.829838,14.270835,32.317096774193594,2019-09-24
c0065,35.829838,14.270835,33.28758620689656,2019-09-25
c0065,35.829838,14.270835,35.480645161290354,2019-09-26
c0065,35.829838,14.270835,30.99133333333338,2019-09-27
c0065,35.829838,14.270835,35.24093750000002,2019-09-28
c0065,35.829838,14.270835,30.91000000000002,2019-09-29
c0065,35.829838,14.270835,28.025000000000023,2019-09-30
c0065,35.829838,14.270835,34.09412698412704,2019-10-01
c0065,35.829838,14.270835,28.345769230769285,2019-10-02
c0065,35.829838,14.270835,33.667460317460325,2019-10-03
c0065,35.829838,14.270835,28.56612903225809,2019-10-04
c0065,35.829838,14.270835,29.465517241379345,2019-10-05
c0065,35.829838,14.270835,26.70209302325583,2019-10-06
c0065,35.829838,14.270835,,2019-10-07
c0065,35.829838,14.270835,21.190000000000055,2019-10-08
c0065,35.829838,14.270835,19.910000000000025,2019-10-09
c0065,35.829838,14.270835,25.825593220339016,2019-10-10
c0065,35.829838,14.270835,25.14387096774198,2019-10-11
c0065,35.829838,14.270835,24.76142857142862,2019-10-12
c0065,35.829838,14.270835,24.870000000000005,2019-10-13
c0065,35.829838,14.270835,26.012727272727297,2019-10-14
c0065,35.829838,14.270835,26.976250000000007,2019-10-15
c0065,35.829838,14.270835,18.27000000000004,2019-10-16
c0065,35.829838,14.270835,28.3303278688525,2019-10-17
c0065,35.829838,14.270835,22.613076923076957,2019-10-18
c0065,35.829838,14.270835,26.226666666666695,2019-10-19
c0065,35.829838,14.270835,27.994561403508815,2019-10-20
c0065,35.829838,14.270835,28.26694915254241,2019-10-21
c0065,35.829838,14.270835,28.487241379310387,2019-10-22
c0065,35.829838,14.270835,27.750645161290343,2019-10-23
c0065,35.829838,14.270835,,2019-10-24
c0065,35.829838,14.270835,,2019-10-25
c0065,35.829838,14.270835,25.67652173913048,2019-10-26
c0065,35.829838,14.270835,,2019-10-27
c0065,35.829838,14.270835,20.57000000000005,2019-10-28
c0065,35.829838,14.270835,,2019-10-29
c0065,35.829838,14.270835,24.29000000000002,2019-10-30
c0065,35.829838,14.270835,23.212333333333344,2019-10-31
c0065,35.829838,14.270835,,2019-11-01
c0065,35.829838,14.270835,23.35529411764709,2019-11-02
c0065,35.829838,14.270835,21.03000000000003,2019-11-03
c0065,35.829838,14.270835,22.929333333333343,2019-11-04
c0065,35.829838,14.270835,23.22206896551725,2019-11-05
c0065,35.829838,14.270835,23.686470588235338,2019-11-06
c0065,35.829838,14.270835,18.17981132075474,2019-11-07
c0065,35.829838,14.270835,21.950000000000045,2019-11-08
c0065,35.829838,14.270835,24.130000000000052,2019-11-09
c0065,35.829838,14.270835,19.230000000000015,2019-11-10
c0065,35.829838,14.270835,,2019-11-11
c0065,35.829838,14.270835,,2019-11-12
c0065,35.829838,14.270835,11.83000000000004,2019-11-13
c0065,35.829838,14.270835,16.210000000000036,2019-11-14
c0065,35.829838,14.270835,20.75542372881357,2019-11-15
c0065,35.829838,14.270835,20.43218750000003,2019-11-16
c0065,35.829838,14.270835,,2019-11-17
c0065,35.829838,14.270835,20.580322580645188,2019-11-18
c0065,35.829838,14.270835,,2019-11-19
c0065,35.829838,14.270835,18.207460317460324,2019-11-20
c0065,35.829838,14.270835,13.750000000000057,2019-11-21
c0065,35.829838,14.270835,17.935573770491825,2019-11-22
c0065,35.829838,14.270835,13.94700000000002,2019-11-23
c0065,35.829838,14.270835,,2019-11-24
c0065,35.829838,14.270835,11.900625000000018,2019-11-25
c0065,35.829838,14.270835,17.010000000000048,2019-11-26
c0065,35.829838,14.270835,18.151538461538475,2019-11-27
c0065,35.829838,14.270835,19.437868852459033,2019-11-28
c0065,35.829838,14.270835,19.57862745098044,2019-11-29
c0065,35.829838,14.270835,18.93655737704923,2019-11-30
c0065,35.829838,14.270835,18.994313725490233,2019-12-01
c0065,35.829838,14.270835,21.098387096774218,2019-12-02
c0065,35.829838,14.270835,22.11206896551726,2019-12-03
c0065,35.829838,14.270835,16.477777777777796,2019-12-04
c0065,35.829838,14.270835,,2019-12-05
c0065,35.829838,14.270835,18.25800000000002,2019-12-06
c0065,35.829838,14.270835,19.369032258064568,2019-12-07
c0065,35.829838,14.270835,14.747272727272769,2019-12-08
c0065,35.829838,14.270835,,2019-12-09
c0065,35.829838,14.270835,13.090000000000032,2019-12-10
c0065,35.829838,14.270835,14.410000000000023,2019-12-11
c0065,35.829838,14.270835,,2019-12-12
c0065,35.829838,14.270835,9.25750000000005,2019-12-13
c0065,35.829838,14.270835,15.343448275862077,2019-12-14
c0065,35.829838,14.270835,18.603333333333385,2019-12-15
c0065,35.829838,14.270835,18.669344262295105,2019-12-16
c0065,35.829838,14.270835,,2019-12-17
c0065,35.829838,14.270835,,2019-12-18
c0065,35.829838,14.270835,,2019-12-19
c0065,35.829838,14.270835,18.757368421052675,2019-12-20
c0065,35.829838,14.270835,,2019-12-21
c0065,35.829838,14.270835,,2019-12-22
c0065,35.829838,14.270835,14.315263157894757,2019-12-23
c0065,35.829838,14.270835,17.067600000000024,2019-12-24
c0065,35.829838,14.270835,18.589682539682556,2019-12-25
c0065,35.829838,14.270835,17.59000000000002,2019-12-26
c0065,35.829838,14.270835,11.390000000000043,2019-12-27
c0065,35.829838,14.270835,13.098750000000017,2019-12-28
c0065,35.829838,14.270835,12.72903225806454,2019-12-29
c0065,35.829838,14.270835,11.870000000000005,2019-12-30
c0065,35.829838,14.270835,6.03000000000003,2019-12-31
c0065,35.829838,14.270835,12.110000000000014,2020-01-01
c0065,35.829838,14.270835,15.038800000000032,2020-01-02
c0065,35.829838,14.270835,15.916885245901677,2020-01-03
c0065,35.829838,14.270835,13.590000000000032,2020-01-04
c0065,35.829838,14.270835,17.355806451612917,2020-01-05
c0065,35.829838,14.270835,13.461228070175476,2020-01-06
c0065,35.829838,14.270835,14.576666666666693,2020-01-07
c0065,35.829838,14.270835,,2020-01-08
c0065,35.829838,14.270835,13.4717142857143,2020-01-09
c0065,35.829838,14.270835,15.392187500000023,2020-01-10
c0065,35.829838,14.270835,14.716666666666695,2020-01-11
c0065,35.829838,14.270835,11.590000000000032,2020-01-12
c0065,35.829838,14.270835,,2020-01-13
c0065,35.829838,14.270835,14.958888888888923,2020-01-14
c0065,35.829838,14.270835,13.450000000000044,2020-01-15
c0065,35.829838,14.270835,16.435161290322608,2020-01-16
c0065,35.829838,14.270835,14.005806451612951,2020-01-17
c0065,35.829838,14.270835,16.267333333333383,2020-01-18
c0065,35.829838,14.270835,12.844666666666685,2020-01-19
c0065,35.829838,14.270835,,2020-01-20
c0065,35.829838,14.270835,,2020-01-21
c0065,35.829838,14.270835,14.630000000000052,2020-01-22
c0065,35.829838,14.270835,,2020-01-23
c0065,35.829838,14.270835,,2020-01-24
c0065,35.829838,14.270835,9.010000000000048,2020-01-25
c0065,35.829838,14.270835,18.412000000000017,2020-01-26
c0065,35.829838,14.270835,17.29000000000005,2020-01-27
c0065,35.829838,14.270835,17.790322580645203,2020-01-28
c0065,35.829838,14.270835,16.304814814814833,2020-01-29
c0065,35.829838,14.270835,18.801525423728847,2020-01-30
c0065,35.829838,14.270835,,2020-01-31
c0065,35.829838,14.270835,13.130000000000052,2020-02-01
c0065,35.829838,14.270835,16.32644444444449,2020-02-02
c0065,35.829838,14.270835,15.050000000000011,2020-02-03
c0065,35.829838,14.270835,18.8520338983051,2020-02-04
c0065,35.829838,14.270835,15.377555555555569,2020-02-05
c0065,35.829838,14.270835,15.43360655737706,2020-02-06
c0065,35.829838,14.270835,15.174444444444454,2020-02-07
c0065,35.829838,14.270835,16.708536585365895,2020-02-08
c0065,35.829838,14.270835,14.812456140350893,2020-02-09
c0065,35.829838,14.270835,16.898666666666703,2020-02-10
c0065,35.829838,14.270835,20.23937500000005,2020-02-11
c0065,35.829838,14.270835,18.568723404255348,2020-02-12
c0065,35.829838,14.270835,11.550000000000011,2020-02-13
c0065,35.829838,14.270835,18.44080000000005,2020-02-14
c0065,35.829838,14.270835,20.096415094339637,2020-02-15
c0065,35.829838,14.270835,16.373600000000046,2020-02-16
c0065,35.829838,14.270835,17.361020408163295,2020-02-17
c0065,35.829838,14.270835,15.842666666666712,2020-02-18
c0065,35.829838,14.270835,18.898888888888916,2020-02-19
c0065,35.829838,14.270835,19.949677419354856,2020-02-20
c0065,35.829838,14.270835,19.671538461538493,2020-02-21
c0065,35.829838,14.270835,17.846875000000036,2020-02-22
c0065,35.829838,14.270835,18.46000000000004,2020-02-23
c0065,35.829838,14.270835,13.275000000000016,2020-02-24
c0065,35.829838,14.270835,20.53967741935485,2020-02-25
c0065,35.829838,14.270835,21.04094339622645,2020-02-26
c0065,35.829838,14.270835,19.540689655172425,2020-02-27
c0065,35.829838,14.270835,20.011333333333376,2020-02-28
c0065,35.829838,14.270835,20.901612903225843,2020-02-29
c0065,35.829838,14.270835,20.684594594594635,2020-03-01
c0065,35.829838,14.270835,24.178666666666707,2020-03-02
c0065,35.829838,14.270835,,2020-03-03
c0065,35.829838,14.270835,14.130000000000052,2020-03-04
c0065,35.829838,14.270835,20.23262295081969,2020-03-05
c0065,35.829838,14.270835,21.692162162162184,2020-03-06
c0065,35.829838,14.270835,,2020-03-07
c0065,35.829838,14.270835,15.930000000000009,2020-03-08
c0065,35.829838,14.270835,19.225000000000023,2020-03-09
c0065,35.829838,14.270835,,2020-03-10
c0065,35.829838,14.270835,20.85150943396231,2020-03-11
c0065,35.829838,14.270835,21.531818181818227,2020-03-12
c0065,35.829838,14.270835,25.04633333333337,2020-03-13
c0065,35.829838,14.270835,19.260566037735863,2020-03-14
c0065,35.829838,14.270835,24.26058823529415,2020-03-15
c0065,35.829838,14.270835,19.984705882352973,2020-03-16
c0065,35.829838,14.270835,,2020-03-17
c0065,35.829838,14.270835,,2020-03-18
c0065,35.829838,14.270835,9.03000000000003,2020-03-19
c0065,35.829838,14.270835,22.862941176470617,2020-03-20
c0065,35.829838,14.270835,,2020-03-21
c0065,35.829838,14.270835,,2020-03-22
c0065,35.829838,14.270835,18.82764705882356,2020-03-23
c0065,35.829838,14.270835,16.833636363636373,2020-03-24
c0065,35.829838,14.270835,,2020-03-25
c0065,35.829838,14.270835,14.192333333333384,2020-03-26
c0065,35.829838,14.270835,,2020-03-27
c0065,35.829838,14.270835,12.3758536585366,2020-03-28
c0065,35.829838,14.270835,20.778095238095283,2020-03-29
c0065,35.829838,14.270835,,2020-03-30
c0065,35.829838,14.270835,21.41800000000004,2020-03-31
c0065,35.829838,14.270835,22.337027027027073,2020-04-01
c0065,35.829838,14.270835,,2020-04-02
c0065,35.829838,14.270835,,2020-04-03
c0065,35.829838,14.270835,17.410000000000025,2020-04-04
c0065,35.829838,14.270835,23.317241379310364,2020-04-05
c0065,35.829838,14.270835,,2020-04-06
c0065,35.829838,14.270835,19.986744186046515,2020-04-07
c0065,35.829838,14.270835,25.236000000000026,2020-04-08
c0065,35.829838,14.270835,22.73576923076927,2020-04-09
c0065,35.829838,14.270835,26.21750000000002,2020-04-10
c0065,35.829838,14.270835,16.670000000000016,2020-04-11
c0065,35.829838,14.270835,28.66396825396828,2020-04-12
c0065,35.829838,14.270835,25.377407407407457,2020-04-13
c0065,35.829838,14.270835,26.589661016949183,2020-04-14
c0065,35.829838,14.270835,23.91956521739136,2020-04-15
c0065,35.829838,14.270835,20.317142857142905,2020-04-16
c0065,35.829838,14.270835,28.337096774193594,2020-04-17
c0065,35.829838,14.270835,24.610784313725507,2020-04-18
c0065,35.829838,14.270835,27.741290322580667,2020-04-19
c0065,35.829838,14.270835,,2020-04-20
c0065,35.829838,14.270835,26.69947368421056,2020-04-21
c0065,35.829838,14.270835,23.18176470588238,2020-04-22
c0065,35.829838,14.270835,,2020-04-23
c0065,35.829838,14.270835,24.926666666666705,2020-04-24
c0065,35.829838,14.270835,,2020-04-25
c0065,35.829838,14.270835,,2020-04-26
c0065,35.829838,14.270835,27.620645161290355,2020-04-27
c0065,35.829838,14.270835,34.00540983606559,2020-04-28
c0065,35.829838,14.270835,,2020-04-29
c0065,35.829838,14.270835,32.61387096774198,2020-04-30
c0065,35.829838,14.270835,30.709310344827625,2020-05-01
c0065,35.829838,14.270835,30.115901639344298,2020-05-02
c0065,35.829838,14.270835,32.39295081967218,2020-05-03
c0065,35.829838,14.270835,31.78275862068966,2020-05-04
c0065,35.829838,14.270835,34.22833333333338,2020-05-05
c0065,35.829838,14.270835,30.88709677419355,2020-05-06
c0065,35.829838,14.270835,27.155882352941184,2020-05-07
c0065,35.829838,14.270835,31.94428571428573,2020-05-08
c0065,35.829838,14.270835,27.127692307692328,2020-05-09
c0065,35.829838,14.270835,,2020-05-10
c0065,35.829838,14.270835,,2020-05-11
c0065,35.829838,14.270835,39.00593220338984,2020-05-12
c0065,35.829838,14.270835,,2020-05-13
c0065,35.829838,14.270835,23.489090909090947,2020-05-14
c0065,35.829838,14.270835,,2020-05-15
c0065,35.829838,14.270835,34.75229508196724,2020-05-16
c0065,35.829838,14.270835,36.15317460317464,2020-05-17
c0065,35.829838,14.270835,,2020-05-18
c0065,35.829838,14.270835,32.51967741935488,2020-05-19
c0065,35.829838,14.270835,29.872641509433983,2020-05-20
c0065,35.829838,14.270835,30.072857142857185,2020-05-21
c0065,35.829838,14.270835,30.215573770491847,2020-05-22
c0065,35.829838,14.270835,38.76672131147544,2020-05-23
c0065,35.829838,14.270835,36.12290322580647,2020-05-24
c0065,35.829838,14.270835,36.5492452830189,2020-05-25
c0065,35.829838,14.270835,35.599180327868886,2020-05-26
c0065,35.829838,14.270835,28.730000000000015,2020-05-27
c0065,35.829838,14.270835,31.33307692307696,2020-05-28
c0065,35.829838,14.270835,28.81071428571431,2020-05-29
c0065,35.829838,14.270835,29.110000000000017,2020-05-30
c0065,35.829838,14.270835,27.07117647058824,2020-05-31
c0065,35.829838,14.270835,34.63100000000005,2020-06-01
c0065,35.829838,14.270835,29.6971428571429,2020-06-02
c0065,35.829838,14.270835,32.45103448275865,2020-06-03
c0065,35.829838,14.270835,35.1087301587302,2020-06-04
c0065,35.829838,14.270835,,2020-06-05
c0065,35.829838,14.270835,32.50841269841272,2020-06-06
c0065,35.829838,14.270835,,2020-06-07
c0065,35.829838,14.270835,31.951612903225815,2020-06-08
c0065,35.829838,14.270835,34.26192982456145,2020-06-09
c0065,35.829838,14.270835,35.34354838709683,2020-06-10
c0065,35.829838,14.270835,37.765937500000035,2020-06-11
c0065,35.829838,14.270835,37.17031746031747,2020-06-12
c0065,35.829838,14.270835,39.7361290322581,2020-06-13
c0065,35.829838,14.270835,33.12000000000004,2020-06-14
c0065,35.829838,14.270835,39.997419354838726,2020-06-15
c0065,35.829838,14.270835,32.24225806451616,2020-06-16
c0065,35.829838,14.270835,40.914262295082,2020-06-17
c0065,35.829838,14.270835,38.49850000000002,2020-06-18
c0065,35.829838,14.270835,31.347377049180356,2020-06-19
c0065,35.829838,14.270835,39.467142857142875,2020-06-20
c0065,35.829838,14.270835,35.82442622950823,2020-06-21
c0065,35.829838,14.270835,39.93387096774197,2020-06-22
c0065,35.829838,14.270835,32.29098360655743,2020-06-23
c0065,35.829838,14.270835,40.0950793650794,2020-06-24
c0065,35.829838,14.270835,37.00728813559326,2020-06-25
c0065,35.829838,14.270835,37.44047619047623,2020-06-26
c0065,35.829838,14.270835,36.177368421052655,2020-06-27
c0065,35.829838,14.270835,38.654590163934465,2020-06-28
c0065,35.829838,14.270835,41.60741935483873,2020-06-29
c0065,35.829838,14.270835,36.62896551724142,2020-06-30
c0065,35.829838,14.270835,43.73349206349209,2020-07-01
c0065,35.829838,14.270835,39.78377049180333,2020-07-02
c0065,35.829838,14.270835,41.32278688524594,2020-07-03
c0065,35.829838,14.270835,38.544838709677464,2020-07-04
c0065,35.829838,14.270835,39.97161290322585,2020-07-05
c0065,35.829838,14.270835,40.10230769230771,2020-07-06
c0065,35.829838,14.270835,36.15593750000004,2020-07-07
c0065,35.829838,14.270835,42.67158730158734,2020-07-08
c0065,35.829838,14.270835,34.76162790697679,2020-07-09
c0065,35.829838,14.270835,41.41918032786889,2020-07-10
c0065,35.829838,14.270835,36.89275862068968,2020-07-11
c0065,35.829838,14.270835,42.003225806451645,2020-07-12
c0065,35.829838,14.270835,42.108095238095274,2020-07-13
c0065,35.829838,14.270835,33.92333333333336,2020-07-14
c0065,35.829838,14.270835,37.650000000000034,2020-07-15
c0065,35.829838,14.270835,34.08640000000005,2020-07-16
c0065,35.829838,14.270835,40.620689655172434,2020-07-17
c0065,35.829838,14.270835,34.66282051282054,2020-07-18
c0065,35.829838,14.270835,35.08600000000003,2020-07-19
c0065,35.829838,14.270835,33.450000000000024,2020-07-20
c0065,35.829838,14.270835,34.185087719298274,2020-07-21
c0065,35.829838,14.270835,43.32966666666672,2020-07-22
c0065,35.829838,14.270835,41.61733333333337,2020-07-23
c0065,35.829838,14.270835,45.68419354838711,2020-07-24
c0065,35.829838,14.270835,36.32741935483875,2020-07-25
c0065,35.829838,14.270835,44.22838709677425,2020-07-26
c0065,35.829838,14.270835,39.88750000000003,2020-07-27
c0065,35.829838,14.270835,43.51516129032258,2020-07-28
c0065,35.829838,14.270835,44.340666666666706,2020-07-29
c0065,35.829838,14.270835,41.28064516129036,2020-07-30
c0065,35.829838,14.270835,44.89786885245908,2020-07-31
c0065,35.829838,14.270835,38.52100000000003,2020-08-01
c0065,35.829838,14.270835,46.28377049180331,2020-08-02
c0065,35.829838,14.270835,37.271311475409846,2020-08-03
c0065,35.829838,14.270835,42.610000000000014,2020-08-04
c0065,35.829838,14.270835,35.81315789473687,2020-08-05
c0065,35.829838,14.270835,38.723157894736886,2020-08-06
c0065,35.829838,14.270835,38.00035714285717,2020-08-07
c0065,35.829838,14.270835,35.044074074074096,2020-08-08
c0065,35.829838,14.270835,41.3788888888889,2020-08-09
c0065,35.829838,14.270835,36.72741935483872,2020-08-10
c0065,35.829838,14.270835,42.63819672131152,2020-08-11
c0065,35.829838,14.270835,40.53724137931036,2020-08-12
c0065,35.829838,14.270835,41.60333333333339,2020-08-13
c0065,35.829838,14.270835,39.3919047619048,2020-08-14
c0065,35.829838,14.270835,38.54111111111114,2020-08-15
c0065,35.829838,14.270835,43.7455555555556,2020-08-16
c0065,35.829838,14.270835,35.14100000000002,2020-08-17
c0065,35.829838,14.270835,40.89655737704921,2020-08-18
c0065,35.829838,14.270835,35.04571428571431,2020-08-19
c0065,35.829838,14.270835,41.36483870967746,2020-08-20
c0065,35.829838,14.270835,40.86142857142861,2020-08-21
c0065,35.829838,14.270835,41.91800000000001,2020-08-22
c0065,35.829838,14.270835,31.31,2020-08-23
c0065,35.829838,14.270835,33.43625000000004,2020-08-24
c0065,35.829838,14.270835,41.58344262295086,2020-08-25
c0065,35.829838,14.270835,35.487666666666705,2020-08-26
c0065,35.829838,14.270835,42.03064516129034,2020-08-27
c0065,35.829838,14.270835,40.44180327868854,2020-08-28
c0065,35.829838,14.270835,40.30451612903227,2020-08-29
c0065,35.829838,14.270835,36.30806451612904,2020-08-30
c0065,35.829838,14.270835,38.15400000000002,2020-08-31
c0065,35.829838,14.270835,34.93838709677425,2020-09-01
c0065,35.829838,14.270835,,2020-09-02
c0065,35.829838,14.270835,,2020-09-03
c0065,35.829838,14.270835,,2020-09-04
c0065,35.829838,14.270835,34.3218644067797,2020-09-05
c0065,35.829838,14.270835,35.18625000000004,2020-09-06
c0065,35.829838,14.270835,,2020-09-07
c0065,35.829838,14.270835,34.63666666666671,2020-09-08
c0065,35.829838,14.270835,31.795531914893655,2020-09-09
c0065,35.829838,14.270835,40.40238095238098,2020-09-10
c0065,35.829838,14.270835,32.76684210526321,2020-09-11
c0065,35.829838,14.270835,32.366666666666674,2020-09-12
c0065,35.829838,14.270835,,2020-09-13
c0065,35.829838,14.270835,,2020-09-14
c0065,35.829838,14.270835,,2020-09-15
c0065,35.829838,14.270835,26.350000000000023,2020-09-16
c0065,35.829838,14.270835,29.031724137931057,2020-09-17
c0065,35.829838,14.270835,28.382982456140375,2020-09-18
c0065,35.829838,14.270835,34.14523809523811,2020-09-19
c0065,35.829838,14.270835,31.16333333333334,2020-09-20
c0065,35.829838,14.270835,31.536440677966148,2020-09-21
c0065,35.829838,14.270835,31.691904761904784,2020-09-22
c0065,35.829838,14.270835,28.670000000000016,2020-09-23
c0065,35.829838,14.270835,33.61507936507939,2020-09-24
c0065,35.829838,14.270835,28.41142857142862,2020-09-25
c0065,35.829838,14.270835,23.370000000000005,2020-09-26
c0065,35.829838,14.270835,27.527096774193566,2020-09-27
c0065,35.829838,14.270835,32.381111111111125,2020-09-28
c0065,35.829838,14.270835,31.589672131147555,2020-09-29
c0065,35.829838,14.270835,32.62033333333336,2020-09-30
c0065,35.829838,14.270835,25.72483870967744,2020-10-01
c0065,35.829838,14.270835,28.051666666666687,2020-10-02
c0065,35.829838,14.270835,,2020-10-03
c0065,35.829838,14.270835,,2020-10-04
c0065,35.829838,14.270835,,2020-10-05
c0065,35.829838,14.270835,24.375666666666717,2020-10-06
c0065,35.829838,14.270835,,2020-10-07
c0065,35.829838,14.270835,29.18081967213119,2020-10-08
c0065,35.829838,14.270835,27.22133333333338,2020-10-09
c0065,35.829838,14.270835,31.972539682539736,2020-10-10
c0065,35.829838,14.270835,28.6507272727273,2020-10-11
c0065,35.829838,14.270835,,2020-10-12
c0065,35.829838,14.270835,18.870000000000005,2020-10-13
c0065,35.829838,14.270835,25.106721311475464,2020-10-14
c0065,35.829838,14.270835,22.090000000000032,2020-10-15
c0065,35.829838,14.270835,26.412950819672176,2020-10-16
c0065,35.829838,14.270835,26.77312500000004,2020-10-17
c0065,35.829838,14.270835,26.20857142857147,2020-10-18
c0065,35.829838,14.270835,,2020-10-19
c0065,35.829838,14.270835,21.190000000000037,2020-10-20
c0065,35.829838,14.270835,26.805737704918073,2020-10-21
c0065,35.829838,14.270835,15.870000000000005,2020-10-22
c0065,35.829838,14.270835,28.068095238095253,2020-10-23
c0065,35.829838,14.270835,25.28600000000003,2020-10-24
c0065,35.829838,14.270835,27.62962962962966,2020-10-25
c0065,35.829838,14.270835,26.553214285714297,2020-10-26
c0065,35.829838,14.270835,,2020-10-27
c0065,35.829838,14.270835,21.161186440677977,2020-10-28
c0065,35.829838,14.270835,24.022881355932228,2020-10-29
c0065,35.829838,14.270835,23.11275862068969,2020-10-30
c0065,35.829838,14.270835,22.408181818181863,2020-10-31
c0065,35.829838,14.270835,27.195384615384658,2020-11-01
c0065,35.829838,14.270835,27.139032258064532,2020-11-02
c0065,35.829838,14.270835,,2020-11-03
c0065,35.829838,14.270835,25.27578947368425,2020-11-04
c0065,35.829838,14.270835,,2020-11-05
c0065,35.829838,14.270835,22.643333333333366,2020-11-06
c0065,35.829838,14.270835,22.94490909090911,2020-11-07
c0065,35.829838,14.270835,20.14000000000003,2020-11-08
c0065,35.829838,14.270835,24.16259259259261,2020-11-09
c0065,35.829838,14.270835,23.636829268292715,2020-11-10
c0065,35.829838,14.270835,23.46403508771933,2020-11-11
c0065,35.829838,14.270835,22.010000000000023,2020-11-12
c0065,35.829838,14.270835,22.907818181818193,2020-11-13
c0065,35.829838,14.270835,23.51161290322583,2020-11-14
c0065,35.829838,14.270835,,2020-11-15
c0065,35.829838,14.270835,23.736440677966115,2020-11-16
c0065,35.829838,14.270835,,2020-11-17
c0065,35.829838,14.270835,19.54000000000003,2020-11-18
c0065,35.829838,14.270835,,2020-11-19
c0065,35.829838,14.270835,18.57500000000004,2020-11-20
c0065,35.829838,14.270835,14.510000000000048,2020-11-21
c0065,35.829838,14.270835,11.310000000000002,2020-11-22
c0065,35.829838,14.270835,,2020-11-23
c0065,35.829838,14.270835,18.279142857142887,2020-11-24
c0065,35.829838,14.270835,8.770000000000039,2020-11-25
c0065,35.829838,14.270835,18.551132075471724,2020-11-26
c0065,35.829838,14.270835,19.10968253968256,2020-11-27
c0065,35.829838,14.270835,,2020-11-28
c0065,35.829838,14.270835,,2020-11-29
c0065,35.829838,14.270835,17.750967741935508,2020-11-30
c0065,35.829838,14.270835,18.453265306122493,2020-12-01
c0065,35.829838,14.270835,,2020-12-02
c0065,35.829838,14.270835,8.53000000000003,2020-12-03
c0065,35.829838,14.270835,15.799122807017582,2020-12-04
c0065,35.829838,14.270835,19.304500000000033,2020-12-05
c0065,35.829838,14.270835,16.55580645161292,2020-12-06
c0065,35.829838,14.270835,11.95102564102567,2020-12-07
c0065,35.829838,14.270835,14.063333333333372,2020-12-08
c0065,35.829838,14.270835,15.78836065573774,2020-12-09
c0065,35.829838,14.270835,11.635000000000003,2020-12-10
c0065,35.829838,14.270835,15.659090909090924,2020-12-11
c0065,35.829838,14.270835,16.521555555555587,2020-12-12
c0065,35.829838,14.270835,14.650000000000023,2020-12-13
c0065,35.829838,14.270835,15.673333333333348,2020-12-14
c0065,35.829838,14.270835,17.897000000000016,2020-12-15
c0065,35.829838,14.270835,16.630000000000052,2020-12-16
c0065,35.829838,14.270835,13.32151515151518,2020-12-17
c0065,35.829838,14.270835,19.284358974359016,2020-12-18
c0065,35.829838,14.270835,,2020-12-19
c0065,35.829838,14.270835,16.410000000000025,2020-12-20
c0065,35.829838,14.270835,,2020-12-21
c0065,35.829838,14.270835,15.91352941176473,2020-12-22
c0065,35.829838,14.270835,16.090000000000032,2020-12-23
c0065,35.829838,14.270835,17.089565217391353,2020-12-24
c0065,35.829838,14.270835,16.383333333333347,2020-12-25
c0065,35.829838,14.270835,,2020-12-26
c0065,35.829838,14.270835,12.33000000000004,2020-12-27
c0065,35.829838,14.270835,11.98894736842108,2020-12-28
c0065,35.829838,14.270835,14.208500000000026,2020-12-29
c0065,35.829838,14.270835,14.410000000000023,2020-12-30
c0065,35.829838,14.270835,14.32745454545458,2020-12-31
c0065,35.829838,14.270835,11.84600000000002,2021-01-01
c0065,35.829838,14.270835,16.94186440677969,2021-01-02
c0065,35.829838,14.270835,15.371904761904776,2021-01-03
c0065,35.829838,14.270835,12.970000000000027,2021-01-04
c0065,35.829838,14.270835,13.081071428571466,2021-01-05
c0065,35.829838,14.270835,15.610000000000031,2021-01-06
c0065,35.829838,14.270835,17.810000000000052,2021-01-07
c0065,35.829838,14.270835,,2021-01-08
c0065,35.829838,14.270835,,2021-01-09
c0065,35.829838,14.270835,,2021-01-10
c0065,35.829838,14.270835,,2021-01-11
c0065,35.829838,14.270835,14.885873015873038,2021-01-12
c0065,35.829838,14.270835,,2021-01-13
c0065,35.829838,14.270835,,2021-01-14
c0065,35.829838,14.270835,,2021-01-15
c0065,35.829838,14.270835,13.6621428571429,2021-01-16
c0065,35.829838,14.270835,11.642786885245906,2021-01-17
c0065,35.829838,14.270835,14.027818181818231,2021-01-18
c0065,35.829838,14.270835,14.09677419354842,2021-01-19
c0065,35.829838,14.270835,5.943333333333347,2021-01-20
c0065,35.829838,14.270835,9.630000000000052,2021-01-21
c0065,35.829838,14.270835,16.866363636363683,2021-01-22
c0065,35.829838,14.270835,16.51206896551729,2021-01-23
c0065,35.829838,14.270835,,2021-01-24
c0065,35.829838,14.270835,7.386000000000007,2021-01-25
c0065,35.829838,14.270835,10.990000000000007,2021-01-26
c0065,35.829838,14.270835,13.155555555555592,2021-01-27
c0065,35.829838,14.270835,13.281724137931068,2021-01-28
c0065,35.829838,14.270835,15.394782608695682,2021-01-29
c0065,35.829838,14.270835,17.671290322580656,2021-01-30
c0065,35.829838,14.270835,,2021-01-31
c0065,35.829838,14.270835,16.904827586206945,2021-02-01
c0065,35.829838,14.270835,16.071612903225837,2021-02-02
c0065,35.829838,14.270835,18.938135593220377,2021-02-03
c0065,35.829838,14.270835,18.78206896551725,2021-02-04
c0065,35.829838,14.270835,18.539090909090913,2021-02-05
c0065,35.829838,14.270835,21.32700000000002,2021-02-06
c0065,35.829838,14.270835,,2021-02-07
c0065,35.829838,14.270835,16.47461538461541,2021-02-08
c0065,35.829838,14.270835,14.890000000000043,2021-02-09
c0065,35.829838,14.270835,20.5119672131148,2021-02-10
c0065,35.829838,14.270835,17.14200000000004,2021-02-11
c0065,35.829838,14.270835,18.73272727272729,2021-02-12
c0065,35.829838,14.270835,,2021-02-13
c0065,35.829838,14.270835,15.688214285714336,2021-02-14
c0065,35.829838,14.270835,11.521923076923098,2021-02-15
c0065,35.829838,14.270835,14.951886792452854,2021-02-16
c0065,35.829838,14.270835,17.435862068965566,2021-02-17
c0065,35.829838,14.270835,17.617419354838745,2021-02-18
c0065,35.829838,14.270835,17.755142857142875,2021-02-19
c0065,35.829838,14.270835,20.052222222222262,2021-02-20
c0065,35.829838,14.270835,18.466170212765977,2021-02-21
c0065,35.829838,14.270835,20.246333333333357,2021-02-22
c0065,35.829838,14.270835,,2021-02-23
c0065,35.829838,14.270835,21.375573770491823,2021-02-24
c0065,35.829838,14.270835,16.03000000000003,2021-02-25
c0065,35.829838,14.270835,20.05962962962964,2021-02-26
c0065,35.829838,14.270835,19.628333333333373,2021-02-27
c0065,35.829838,14.270835,21.17413793103452,2021-02-28
c0065,35.829838,14.270835,19.003142857142887,2021-03-01
c0065,35.829838,14.270835,19.49930232558143,2021-03-02
c0065,35.829838,14.270835,19.278484848484887,2021-03-03
c0065,35.829838,14.270835,18.84951219512196,2021-03-04
c0065,35.829838,14.270835,18.22300000000001,2021-03-05
c0065,35.829838,14.270835,14.61709677419358,2021-03-06
c0065,35.829838,14.270835,15.185000000000048,2021-03-07
c0065,35.829838,14.270835,,2021-03-08
c0065,35.829838,14.270835,17.3734482758621,2021-03-09
c0065,35.829838,14.270835,20.05163934426234,2021-03-10
c0065,35.829838,14.270835,20.121525423728855,2021-03-11
c0065,35.829838,14.270835,19.54527272727277,2021-03-12
c0065,35.829838,14.270835,,2021-03-13
c0065,35.829838,14.270835,20.297142857142905,2021-03-14
c0065,35.829838,14.270835,18.217868852459063,2021-03-15
c0065,35.829838,14.270835,,2021-03-16
c0065,35.829838,14.270835,19.370312500000033,2021-03-17
c0065,35.829838,14.270835,,2021-03-18
c0065,35.829838,14.270835,19.59722222222228,2021-03-19
c0065,35.829838,14.270835,,2021-03-20
c0065,35.829838,14.270835,14.424285714285752,2021-03-21
c0065,35.829838,14.270835,14.6990566037736,2021-03-22
c0065,35.829838,14.270835,,2021-03-23
c0065,35.829838,14.270835,17.59400000000004,2021-03-24
c0065,35.829838,14.270835,21.26357142857148,2021-03-25
c0065,35.829838,14.270835,21.75978723404257,2021-03-26
c0065,35.829838,14.270835,22.794067796610193,2021-03-27
c0065,35.829838,14.270835,23.647142857142892,2021-03-28
c0065,35.829838,14.270835,20.80254237288138,2021-03-29
c0065,35.829838,14.270835,26.782203389830514,2021-03-30
c0065,35.829838,14.270835,23.768000000000026,2021-03-31
c0065,35.829838,14.270835,26.436551724137978,2021-04-01
c0065,35.829838,14.270835,24.842187500000023,2021-04-02
c0065,35.829838,14.270835,17.370000000000005,2021-04-03
c0065,35.829838,14.270835,,2021-04-04
c0065,35.829838,14.270835,,2021-04-05
c0065,35.829838,14.270835,21.757647058823547,2021-04-06
c0065,35.829838,14.270835,23.254912280701795,2021-04-07
c0065,35.829838,14.270835,21.03000000000003,2021-04-08
c0065,35.829838,14.270835,18.98757575757577,2021-04-09
c0065,35.829838,14.270835,25.18152542372884,2021-04-10
c0065,35.829838,14.270835,21.7829032258065,2021-04-11
c0065,35.829838,14.270835,13.33000000000004,2021-04-12
c0065,35.829838,14.270835,12.190000000000056,2021-04-13
c0065,35.829838,14.270835,22.66901639344264,2021-04-14
c0065,35.829838,14.270835,,2021-04-15
c0065,35.829838,14.270835,,2021-04-16
c0065,35.829838,14.270835,21.904444444444486,2021-04-17
c0065,35.829838,14.270835,22.237027027027047,2021-04-18
c0065,35.829838,14.270835,21.407894736842117,2021-04-19
c0065,35.829838,14.270835,26.03000000000003,2021-04-20
c0065,35.829838,14.270835,,2021-04-21
c0065,35.829838,14.270835,18.49000000000001,2021-04-22
c0065,35.829838,14.270835,,2021-04-23
c0065,35.829838,14.270835,27.323125000000037,2021-04-24
c0065,35.829838,14.270835,28.857457627118688,2021-04-25
c0065,35.829838,14.270835,26.290000000000017,2021-04-26
c0065,35.829838,14.270835,30.11825396825398,2021-04-27
c0065,35.829838,14.270835,26.91250000000002,2021-04-28
c0065,35.829838,14.270835,25.792857142857187,2021-04-29
c0065,35.829838,14.270835,25.705483870967775,2021-04-30
c0065,35.829838,14.270835,,2021-05-01
c0065,35.829838,14.270835,,2021-05-02
c0065,35.829838,14.270835,19.510000000000048,2021-05-03
c0065,35.829838,14.270835,30.389354838709693,2021-05-04
c0065,35.829838,14.270835,,2021-05-05
c0065,35.829838,14.270835,,2021-05-06
c0065,35.829838,14.270835,21.19380952380957,2021-05-07
c0065,35.829838,14.270835,36.22180327868856,2021-05-08
c0065,35.829838,14.270835,31.333548387096805,2021-05-09
c0065,35.829838,14.270835,35.767000000000024,2021-05-10
c0065,35.829838,14.270835,27.735396825396855,2021-05-11
c0065,35.829838,14.270835,32.56500000000005,2021-05-12
c0065,35.829838,14.270835,33.173278688524626,2021-05-13
c0065,35.829838,14.270835,32.98016393442625,2021-05-14
c0065,35.829838,14.270835,30.53852459016398,2021-05-15
c0065,35.829838,14.270835,32.88000000000003,2021-05-16
c0065,35.829838,14.270835,39.82639344262298,2021-05-17
c0065,35.829838,14.270835,28.68708333333335,2021-05-18
c0065,35.829838,14.270835,38.03129032258068,2021-05-19
c0065,35.829838,14.270835,31.79500000000003,2021-05-20
c0065,35.829838,14.270835,32.6054098360656,2021-05-21
c0065,35.829838,14.270835,32.792333333333374,2021-05-22
c0065,35.829838,14.270835,32.24200000000004,2021-05-23
c0065,35.829838,14.270835,33.818852459016426,2021-05-24
c0065,35.829838,14.270835,28.66200000000002,2021-05-25
c0065,35.829838,14.270835,37.35857142857149,2021-05-26
c0065,35.829838,14.270835,27.50578947368423,2021-05-27
c0065,35.829838,14.270835,30.850000000000023,2021-05-28
c0065,35.829838,14.270835,34.09285714285717,2021-05-29
c0065,35.829838,14.270835,36.13806451612904,2021-05-30
c0065,35.829838,14.270835,19.510000000000048,2021-05-31
c0065,35.829838,14.270835,,2021-06-01
c0065,35.829838,14.270835,,2021-06-02
c0065,35.829838,14.270835,23.850000000000023,2021-06-03
c0065,35.829838,14.270835,38.32781250000003,2021-06-04
c0065,35.829838,14.270835,30.233829787234068,2021-06-05
c0065,35.829838,14.270835,35.450000000000045,2021-06-06
c0065,35.829838,14.270835,33.36064516129035,2021-06-07
c0065,35.829838,14.270835,35.228095238095264,2021-06-08
c0065,35.829838,14.270835,28.064166666666697,2021-06-09
c0065,35.829838,14.270835,30.975217391304348,2021-06-10
c0065,35.829838,14.270835,41.47483870967746,2021-06-11
c0065,35.829838,14.270835,37.83766666666669,2021-06-12
c0065,35.829838,14.270835,39.98225806451613,2021-06-13
c0065,35.829838,14.270835,39.54750000000005,2021-06-14
c0065,35.829838,14.270835,36.193389830508494,2021-06-15
c0065,35.829838,14.270835,42.119677419354886,2021-06-16
c0065,35.829838,14.270835,34.24666666666668,2021-06-17
c0065,35.829838,14.270835,39.4854838709678,2021-06-18
c0065,35.829838,14.270835,32.144042553191525,2021-06-19
c0065,35.829838,14.270835,37.84278688524596,2021-06-20
c0065,35.829838,14.270835,,2021-06-21
c0065,35.829838,14.270835,34.59500000000001,2021-06-22
c0065,35.829838,14.270835,33.95941176470592,2021-06-23
c0065,35.829838,14.270835,37.38633333333334,2021-06-24
c0065,35.829838,14.270835,38.89129032258067,2021-06-25
c0065,35.829838,14.270835,29.230000000000015,2021-06-26
c0065,35.829838,14.270835,36.53413793103452,2021-06-27
c0065,35.829838,14.270835,31.54166666666667,2021-06-28
c0065,35.829838,14.270835,39.30016949152543,2021-06-29
c0065,35.829838,14.270835,32.57640000000003,2021-06-30
c0065,35.829838,14.270835,35.55217391304351,2021-07-01
c0065,35.829838,14.270835,40.93387096774196,2021-07-02
c0065,35.829838,14.270835,38.97862068965518,2021-07-03
c0065,35.829838,14.270835,42.61290322580648,2021-07-04
c0065,35.829838,14.270835,37.41400000000004,2021-07-05
c0065,35.829838,14.270835,44.95285714285718,2021-07-06
c0065,35.829838,14.270835,39.71950819672134,2021-07-07
c0065,35.829838,14.270835,39.40600000000001,2021-07-08
c0065,35.829838,14.270835,38.36322580645164,2021-07-09
c0065,35.829838,14.270835,34.786393442623,2021-07-10
c0065,35.829838,14.270835,44.11031746031749,2021-07-11
c0065,35.829838,14.270835,34.097096774193574,2021-07-12
c0065,35.829838,14.270835,34.560740740740755,2021-07-13
c0065,35.829838,14.270835,33.69161290322584,2021-07-14
c0065,35.829838,14.270835,37.01000000000005,2021-07-15
c0065,35.829838,14.270835,37.55678571428575,2021-07-16
c0065,35.829838,14.270835,31.892950819672183,2021-07-17
c0065,35.829838,14.270835,36.96650793650794,2021-07-18
c0065,35.829838,14.270835,34.55000000000003,2021-07-19
c0065,35.829838,14.270835,38.34612903225812,2021-07-20
c0065,35.829838,14.270835,37.83741935483874,2021-07-21
c0065,35.829838,14.270835,44.046000000000056,2021-07-22
c0065,35.829838,14.270835,41.676333333333375,2021-07-23
c0065,35.829838,14.270835,43.418196721311496,2021-07-24
c0065,35.829838,14.270835,41.100169491525456,2021-07-25
c0065,35.829838,14.270835,34.83666666666669,2021-07-26
c0065,35.829838,14.270835,42.75000000000004,2021-07-27
c0065,35.829838,14.270835,38.9333898305085,2021-07-28
c0065,35.829838,14.270835,43.946129032258085,2021-07-29
c0065,35.829838,14.270835,41.466842105263176,2021-07-30
c0065,35.829838,14.270835,42.86275862068969,2021-07-31
c0065,35.829838,14.270835,42.044920634920665,2021-08-01
c0065,35.829838,14.270835,40.2403225806452,2021-08-02
c0065,35.829838,14.270835,42.17603174603178,2021-08-03
c0065,35.829838,14.270835,37.519508196721354,2021-08-04
c0065,35.829838,14.270835,43.90682539682542,2021-08-05
c0065,35.829838,14.270835,38.65426229508198,2021-08-06
c0065,35.829838,14.270835,42.97754098360662,2021-08-07
c0065,35.829838,14.270835,35.748909090909116,2021-08-08
c0065,35.829838,14.270835,38.31031746031748,2021-08-09
c0065,35.829838,14.270835,44.028709677419386,2021-08-10
c0065,35.829838,14.270835,36.63360655737708,2021-08-11
c0065,35.829838,14.270835,39.72114754098364,2021-08-12
c0065,35.829838,14.270835,36.074590163934445,2021-08-13
c0065,35.829838,14.270835,44.108064516129055,2021-08-14
c0065,35.829838,14.270835,37.6766666666667,2021-08-15
c0065,35.829838,14.270835,40.48677419354839,2021-08-16
c0065,35.829838,14.270835,38.93888888888893,2021-08-17
c0065,35.829838,14.270835,33.729344262295086,2021-08-18
c0065,35.829838,14.270835,37.015490196078474,2021-08-19
c0065,35.829838,14.270835,36.38864406779667,2021-08-20
c0065,35.829838,14.270835,33.973333333333365,2021-08-21
c0065,35.829838,14.270835,30.39960000000005,2021-08-22
c0065,35.829838,14.270835,39.57464285714286,2021-08-23
c0065,35.829838,14.270835,38.414666666666704,2021-08-24
c0065,35.829838,14.270835,34.26903225806457,2021-08-25
c0065,35.829838,14.270835,36.13363636363641,2021-08-26
c0065,35.829838,14.270835,32.326216216216245,2021-08-27
c0065,35.829838,14.270835,41.3267741935484,2021-08-28
c0065,35.829838,14.270835,29.510000000000048,2021-08-29
c0065,35.829838,14.270835,35.47564102564104,2021-08-30
c0065,35.829838,14.270835,31.996111111111137,2021-08-31
c0065,35.829838,14.270835,33.84733333333336,2021-09-01
c0065,35.829838,14.270835,34.203870967741985,2021-09-02
c0065,35.829838,14.270835,30.076000000000015,2021-09-03
c0065,35.829838,14.270835,25.83000000000004,2021-09-04
c0065,35.829838,14.270835,29.131600000000045,2021-09-05
c0065,35.829838,14.270835,34.930655737704946,2021-09-06
c0065,35.829838,14.270835,30.33000000000004,2021-09-07
c0065,35.829838,14.270835,36.269000000000005,2021-09-08
c0065,35.829838,14.270835,,2021-09-09
c0065,35.829838,14.270835,,2021-09-10
c0065,35.829838,14.270835,34.60389830508476,2021-09-11
c0065,35.829838,14.270835,29.274827586206932,2021-09-12
c0065,35.829838,14.270835,36.86633333333338,2021-09-13
c0065,35.829838,14.270835,28.611403508771968,2021-09-14
c0065,35.829838,14.270835,31.320000000000032,2021-09-15
c0065,35.829838,14.270835,31.930327868852512,2021-09-16
c0065,35.829838,14.270835,33.913043478260896,2021-09-17
c0065,35.829838,14.270835,36.62619047619049,2021-09-18
c0065,35.829838,14.270835,35.424062500000005,2021-09-19
c0065,35.829838,14.270835,38.64322580645165,2021-09-20
c0065,35.829838,14.270835,,2021-09-21
c0065,35.829838,14.270835,28.2667741935484,2021-09-22
c0065,35.829838,14.270835,25.250000000000057,2021-09-23
c0065,35.829838,14.270835,31.055882352941214,2021-09-24
c0065,35.829838,14.270835,29.339655172413806,2021-09-25
c0065,35.829838,14.270835,31.10836065573773,2021-09-26
c0065,35.829838,14.270835,33.53819672131149,2021-09-27
c0065,35.829838,14.270835,32.91344827586211,2021-09-28
c0065,35.829838,14.270835,32.61000000000002,2021-09-29
c0065,35.829838,14.270835,32.37857142857148,2021-09-30
c0065,35.829838,14.270835,27.670000000000016,2021-10-01
c0065,35.829838,14.270835,25.430000000000007,2021-10-02
c0065,35.829838,14.270835,24.922413793103463,2021-10-03
c0065,35.829838,14.270835,28.36049180327874,2021-10-04
c0065,35.829838,14.270835,26.470000000000027,2021-10-05
c0065,35.829838,14.270835,,2021-10-06
c0065,35.829838,14.270835,21.85500000000002,2021-10-07
c0065,35.829838,14.270835,25.996800000000032,2021-10-08
c0065,35.829838,14.270835,18.81,2021-10-09
c0065,35.829838,14.270835,17.950000000000045,2021-10-10
c0065,35.829838,14.270835,19.017200000000052,2021-10-11
c0065,35.829838,14.270835,22.630000000000052,2021-10-12
c0065,35.829838,14.270835,25.103939393939424,2021-10-13
c0065,35.829838,14.270835,,2021-10-14
c0065,35.829838,14.270835,20.167666666666697,2021-10-15
c0065,35.829838,14.270835,18.04371428571432,2021-10-16
c0065,35.829838,14.270835,26.51372881355937,2021-10-17
c0065,35.829838,14.270835,20.79000000000002,2021-10-18
c0065,35.829838,14.270835,24.819600000000015,2021-10-19
c0065,35.829838,14.270835,26.03622950819674,2021-10-20
c0065,35.829838,14.270835,26.364230769230804,2021-10-21
c0065,35.829838,14.270835,,2021-10-22
c0065,35.829838,14.270835,,2021-10-23
c0065,35.829838,14.270835,24.071224489795934,2021-10-24
c0065,35.829838,14.270835,17.921739130434837,2021-10-25
c0065,35.829838,14.270835,21.08000000000003,2021-10-26
c0065,35.829838,14.270835,,2021-10-27
c0065,35.829838,14.270835,,2021-10-28
c0065,35.829838,14.270835,,2021-10-29
c0065,35.829838,14.270835,20.410000000000025,2021-10-30
c0065,35.829838,14.270835,,2021-10-31
c0065,35.829838,14.270835,,2021-11-01
c0065,35.829838,14.270835,23.16387096774198,2021-11-02
c0065,35.829838,14.270835,23.231935483870988,2021-11-03
c0065,35.829838,14.270835,15.730000000000018,2021-11-04
c0065,35.829838,14.270835,,2021-11-05
c0065,35.829838,14.270835,,2021-11-06
c0065,35.829838,14.270835,16.218571428571455,2021-11-07
c0065,35.829838,14.270835,,2021-11-08
c0065,35.829838,14.270835,,2021-11-09
c0065,35.829838,14.270835,16.27000000000004,2021-11-10
c0065,35.829838,14.270835,,2021-11-11
c0065,35.829838,14.270835,21.338965517241416,2021-11-12
c0065,35.829838,14.270835,9.51736842105266,2021-11-13
c0065,35.829838,14.270835,,2021-11-14
c0065,35.829838,14.270835,16.73960000000002,2021-11-15
c0065,35.829838,14.270835,21.35166666666668,2021-11-16
c0065,35.829838,14.270835,19.14826086956525,2021-11-17
c0065,35.829838,14.270835,9.96142857142859,2021-11-18
c0065,35.829838,14.270835,17.460000000000033,2021-11-19
c0065,35.829838,14.270835,20.11862745098041,2021-11-20
c0065,35.829838,14.270835,19.16142857142859,2021-11-21
c0065,35.829838,14.270835,,2021-11-22
c0065,35.829838,14.270835,20.80966101694918,2021-11-23
c0065,35.829838,14.270835,13.910000000000023,2021-11-24
c0065,35.829838,14.270835,,2021-11-25
c0065,35.829838,14.270835,17.61129032258067,2021-11-26
c0065,35.829838,14.270835,,2021-11-27
c0065,35.829838,14.270835,,2021-11-28
c0065,35.829838,14.270835,12.389523809523824,2021-11-29
c0065,35.829838,14.270835,13.998666666666706,2021-11-30
c0065,35.829838,14.270835,,2021-12-01
c0065,35.829838,14.270835,16.400232558139567,2021-12-02
c0065,35.829838,14.270835,,2021-12-03
c0065,35.829838,14.270835,16.45915254237289,2021-12-04
c0065,35.829838,14.270835,15.90172413793106,2021-12-05
c0065,35.829838,14.270835,6.900000000000044,2021-12-06
c0065,35.829838,14.270835,11.134897959183718,2021-12-07
c0065,35.829838,14.270835,16.743333333333347,2021-12-08
c0065,35.829838,14.270835,7.190000000000055,2021-12-09
c0065,35.829838,14.270835,13.63523809523812,2021-12-10
c0065,35.829838,14.270835,10.03000000000003,2021-12-11
c0065,35.829838,14.270835,12.85481481481482,2021-12-12
c0065,35.829838,14.270835,15.231694915254252,2021-12-13
c0065,35.829838,14.270835,15.80344262295086,2021-12-14
c0065,35.829838,14.270835,10.410000000000023,2021-12-15
c0065,35.829838,14.270835,,2021-12-16
c0065,35.829838,14.270835,14.330444444444492,2021-12-17
c0065,35.829838,14.270835,15.675161290322604,2021-12-18
c0065,35.829838,14.270835,13.015161290322617,2021-12-19
c0065,35.829838,14.270835,13.280476190476207,2021-12-20
c0065,35.829838,14.270835,16.040344827586217,2021-12-21
c0065,35.829838,14.270835,,2021-12-22
c0065,35.829838,14.270835,,2021-12-23
c0065,35.829838,14.270835,16.134390243902466,2021-12-24
c0065,35.829838,14.270835,,2021-12-25
c0065,35.829838,14.270835,15.210000000000036,2021-12-26
c0065,35.829838,14.270835,17.7136065573771,2021-12-27
c0065,35.829838,14.270835,15.66193548387099,2021-12-28
c0065,35.829838,14.270835,,2021-12-29
c0065,35.829838,14.270835,17.81758620689658,2021-12-30
c0065,35.829838,14.270835,17.397346938775524,2021-12-31
c0065,35.829838,14.270835,18.103870967741948,2022-01-01
c0065,35.829838,14.270835,17.135142857142895,2022-01-02
c0065,35.829838,14.270835,14.650000000000034,2022-01-03
c0065,35.829838,14.270835,17.018196721311504,2022-01-04
c0065,35.829838,14.270835,18.136885245901667,2022-01-05
c0065,35.829838,14.270835,,2022-01-06
c0065,35.829838,14.270835,,2022-01-07
c0065,35.829838,14.270835,13.837586206896562,2022-01-08
c0065,35.829838,14.270835,13.155000000000046,2022-01-09
c0065,35.829838,14.270835,9.825714285714312,2022-01-10
c0065,35.829838,14.270835,11.690000000000056,2022-01-11
c0065,35.829838,14.270835,13.683333333333346,2022-01-12
c0065,35.829838,14.270835,,2022-01-13
c0065,35.829838,14.270835,8.210000000000036,2022-01-14
c0065,35.829838,14.270835,14.079032258064569,2022-01-15
c0065,35.829838,14.270835,15.135200000000024,2022-01-16
c0065,35.829838,14.270835,12.560769230769267,2022-01-17
c0065,35.829838,14.270835,14.399523809523844,2022-01-18
c0065,35.829838,14.270835,13.490000000000007,2022-01-19
c0065,35.829838,14.270835,11.299743589743628,2022-01-20
c0065,35.829838,14.270835,9.252068965517264,2022-01-21
c0065,35.829838,14.270835,12.965000000000046,2022-01-22
c0065,35.829838,14.270835,14.343333333333362,2022-01-23
c0065,35.829838,14.270835,12.02263157894741,2022-01-24
c0065,35.829838,14.270835,5.9500000000000455,2022-01-25
c0065,35.829838,14.270835,12.63920634920637,2022-01-26
c0065,35.829838,14.270835,13.162857142857154,2022-01-27
c0065,35.829838,14.270835,13.85166666666671,2022-01-28
c0065,35.829838,14.270835,11.22387096774197,2022-01-29
c0065,35.829838,14.270835,15.001272727272768,2022-01-30
c0065,35.829838,14.270835,15.446129032258082,2022-01-31
c0065,35.829838,14.270835,,2022-02-01
c0065,35.829838,14.270835,14.549259259259292,2022-02-02
c0065,35.829838,14.270835,15.678333333333365,2022-02-03
c0065,35.829838,14.270835,17.36709677419358,2022-02-04
c0065,35.829838,14.270835,16.214814814814847,2022-02-05
c0065,35.829838,14.270835,6.363333333333358,2022-02-06
c0065,35.829838,14.270835,13.1166666666667,2022-02-07
c0065,35.829838,14.270835,14.564782608695674,2022-02-08
c0065,35.829838,14.270835,16.87258064516131,2022-02-09
c0065,35.829838,14.270835,17.88957446808516,2022-02-10
c0065,35.829838,14.270835,18.06413793103451,2022-02-11
c0065,35.829838,14.270835,16.310000000000002,2022-02-12
c0065,35.829838,14.270835,16.861333333333373,2022-02-13
c0065,35.829838,14.270835,14.370000000000005,2022-02-14
c0065,35.829838,14.270835,11.996923076923103,2022-02-15
c0065,35.829838,14.270835,13.380000000000017,2022-02-16
c0065,35.829838,14.270835,16.551132075471752,2022-02-17
c0065,35.829838,14.270835,16.92161290322582,2022-02-18
c0065,35.829838,14.270835,14.57000000000005,2022-02-19
c0065,35.829838,14.270835,,2022-02-20
c0065,35.829838,14.270835,15.683225806451636,2022-02-21
c0065,35.829838,14.270835,15.506521739130465,2022-02-22
c0065,35.829838,14.270835,17.897419354838746,2022-02-23
c0065,35.829838,14.270835,19.935283018867967,2022-02-24
c0065,35.829838,14.270835,19.301935483871016,2022-02-25
c0065,35.829838,14.270835,15.03000000000003,2022-02-26
c0065,35.829838,14.270835,16.527090909090926,2022-02-27
c0065,35.829838,14.270835,,2022-02-28
c0065,35.829838,14.270835,12.090000000000032,2022-03-01
c0065,35.829838,14.270835,10.871666666666703,2022-03-02
c0065,35.829838,14.270835,18.50178571428576,2022-03-03
c0065,35.829838,14.270835,18.247288135593234,2022-03-04
c0065,35.829838,14.270835,,2022-03-05
c0065,35.829838,14.270835,6.970000000000027,2022-03-06
c0065,35.829838,14.270835,,2022-03-07
c0065,35.829838,14.270835,17.086000000000034,2022-03-08
c0065,35.829838,14.270835,10.135142857142885,2022-03-09
c0065,35.829838,14.270835,19.128644067796632,2022-03-10
c0065,35.829838,14.270835,4.430000000000007,2022-03-11
c0065,35.829838,14.270835,,2022-03-12
c0065,35.829838,14.270835,,2022-03-13
c0065,35.829838,14.270835,15.675517241379351,2022-03-14
c0065,35.829838,14.270835,14.07588235294121,2022-03-15
c0065,35.829838,14.270835,,2022-03-16
c0065,35.829838,14.270835,17.200967741935504,2022-03-17
c0065,35.829838,14.270835,,2022-03-18
c0065,35.829838,14.270835,,2022-03-19
c0065,35.829838,14.270835,,2022-03-20
c0065,35.829838,14.270835,17.417857142857155,2022-03-21
c0065,35.829838,14.270835,18.363207547169857,2022-03-22
c0065,35.829838,14.270835,18.88886792452836,2022-03-23
c0065,35.829838,14.270835,23.140333333333363,2022-03-24
c0065,35.829838,14.270835,19.529016393442653,2022-03-25
c0065,35.829838,14.270835,12.460196078431428,2022-03-26
c0065,35.829838,14.270835,,2022-03-27
c0065,35.829838,14.270835,18.00080000000002,2022-03-28
c0065,35.829838,14.270835,18.653333333333386,2022-03-29
c0065,35.829838,14.270835,,2022-03-30
c0065,35.829838,14.270835,21.260434782608737,2022-03-31
c0065,35.829838,14.270835,21.03000000000003,2022-04-01
c0065,35.829838,14.270835,15.970000000000027,2022-04-02
c0065,35.829838,14.270835,,2022-04-03
c0065,35.829838,14.270835,15.910000000000055,2022-04-04
c0065,35.829838,14.270835,15.870000000000005,2022-04-05
c0065,35.829838,14.270835,,2022-04-06
c0065,35.829838,14.270835,15.955000000000023,2022-04-07
c0065,35.829838,14.270835,24.06769230769235,2022-04-08
c0065,35.829838,14.270835,27.3451612903226,2022-04-09
c0065,35.829838,14.270835,20.98864406779664,2022-04-10
c0065,35.829838,14.270835,25.141162790697717,2022-04-11
c0065,35.829838,14.270835,22.09870967741937,2022-04-12
c0065,35.829838,14.270835,16.870000000000005,2022-04-13
c0065,35.829838,14.270835,15.351428571428617,2022-04-14
c0065,35.829838,14.270835,,2022-04-15
c0065,35.829838,14.270835,,2022-04-16
c0065,35.829838,14.270835,20.61965517241382,2022-04-17
c0065,35.829838,14.270835,14.614615384615398,2022-04-18
c0065,35.829838,14.270835,23.187333333333356,2022-04-19
c0065,35.829838,14.270835,13.520000000000028,2022-04-20
c0065,35.829838,14.270835,,2022-04-21
c0065,35.829838,14.270835,24.58038461538465,2022-04-22
c0065,35.829838,14.270835,30.15571428571431,2022-04-23
c0065,35.829838,14.270835,28.886451612903265,2022-04-24
c0065,35.829838,14.270835,,2022-04-25
c0065,35.829838,14.270835,17.950000000000045,2022-04-26
c0065,35.829838,14.270835,27.85825396825401,2022-04-27
c0065,35.829838,14.270835,,2022-04-28
c0065,35.829838,14.270835,,2022-04-29
c0065,35.829838,14.270835,,2022-04-30
c0065,35.829838,14.270835,,2022-05-01
c0065,35.829838,14.270835,30.469344262295103,2022-05-02
c0065,35.829838,14.270835,,2022-05-03
c0065,35.829838,14.270835,31.591967213114778,2022-05-04
c0065,35.829838,14.270835,22.15941176470592,2022-05-05
c0065,35.829838,14.270835,23.544285714285746,2022-05-06
c0065,35.829838,14.270835,25.078500000000034,2022-05-07
c0065,35.829838,14.270835,21.358000000000025,2022-05-08
c0065,35.829838,14.270835,19.81,2022-05-09
c0065,35.829838,14.270835,,2022-05-10
c0065,35.829838,14.270835,32.30064516129037,2022-05-11
c0065,35.829838,14.270835,29.185555555555563,2022-05-12
c0065,35.829838,14.270835,35.22047619047622,2022-05-13
c0065,35.829838,14.270835,32.53666666666669,2022-05-14
c0065,35.829838,14.270835,37.34516129032262,2022-05-15
c0065,35.829838,14.270835,35.079677419354866,2022-05-16
c0065,35.829838,14.270835,32.45451612903228,2022-05-17
c0065,35.829838,14.270835,38.23491803278693,2022-05-18
c0065,35.829838,14.270835,30.23366666666669,2022-05-19
c0065,35.829838,14.270835,36.76873015873018,2022-05-20
c0065,35.829838,14.270835,32.586896551724166,2022-05-21
c0065,35.829838,14.270835,35.904237288135626,2022-05-22
c0065,35.829838,14.270835,35.0430158730159,2022-05-23
c0065,35.829838,14.270835,38.388275862068994,2022-05-24
c0065,35.829838,14.270835,36.556984126984155,2022-05-25
c0065,35.829838,14.270835,,2022-05-26
c0065,35.829838,14.270835,31.849583333333364,2022-05-27
c0065,35.829838,14.270835,29.145081967213123,2022-05-28
c0065,35.829838,14.270835,28.74022222222224,2022-05-29
c0065,35.829838,14.270835,35.70741935483875,2022-05-30
c0065,35.829838,14.270835,37.1061290322581,2022-05-31
c0065,35.829838,14.270835,36.011875000000025,2022-06-01
c0065,35.829838,14.270835,36.65095238095239,2022-06-02
c0065,35.829838,14.270835,41.31387096774194,2022-06-03
c0065,35.829838,14.270835,36.1225423728814,2022-06-04
c0065,35.829838,14.270835,42.31622950819675,2022-06-05
c0065,35.829838,14.270835,29.765789473684247,2022-06-06
c0065,35.829838,14.270835,38.29870967741941,2022-06-07
c0065,35.829838,14.270835,39.93688524590166,2022-06-08
c0065,35.829838,14.270835,35.8164285714286,2022-06-09
c0065,35.829838,14.270835,35.27967741935487,2022-06-10
c0065,35.829838,14.270835,34.203333333333376,2022-06-11
c0065,35.829838,14.270835,40.433548387096806,2022-06-12
c0065,35.829838,14.270835,35.8565573770492,2022-06-13
c0065,35.829838,14.270835,42.35190476190478,2022-06-14
c0065,35.829838,14.270835,39.20523809523811,2022-06-15
c0065,35.829838,14.270835,40.88841269841273,2022-06-16
c0065,35.829838,14.270835,40.72064516129034,2022-06-17
c0065,35.829838,14.270835,36.897666666666694,2022-06-18
c0065,35.829838,14.270835,39.53032258064521,2022-06-19
c0065,35.829838,14.270835,35.436774193548416,2022-06-20
c0065,35.829838,14.270835,43.10540983606562,2022-06-21
c0065,35.829838,14.270835,33.32600000000001,2022-06-22
c0065,35.829838,14.270835,41.27126984126989,2022-06-23
c0065,35.829838,14.270835,38.74606557377052,2022-06-24
c0065,35.829838,14.270835,41.59612903225809,2022-06-25
c0065,35.829838,14.270835,42.25533333333337,2022-06-26
c0065,35.829838,14.270835,37.268688524590175,2022-06-27
c0065,35.829838,14.270835,43.34714285714287,2022-06-28
c0065,35.829838,14.270835,31.973076923076935,2022-06-29
c0065,35.829838,14.270835,39.86677419354841,2022-06-30
c0065,35.829838,14.270835,33.994590163934475,2022-07-01
c0065,35.829838,14.270835,39.20311475409841,2022-07-02
c0065,35.829838,14.270835,38.77741935483875,2022-07-03
c0065,35.829838,14.270835,36.94035714285718,2022-07-04
c0065,35.829838,14.270835,43.71666666666667,2022-07-05
c0065,35.829838,14.270835,36.650701754386,2022-07-06
c0065,35.829838,14.270835,40.3420634920635,2022-07-07
c0065,35.829838,14.270835,36.033773584905674,2022-07-08
c0065,35.829838,14.270835,41.85950819672136,2022-07-09
c0065,35.829838,14.270835,33.15952380952383,2022-07-10
c0065,35.829838,14.270835,35.581764705882364,2022-07-11
c0065,35.829838,14.270835,40.34806451612905,2022-07-12
c0065,35.829838,14.270835,38.704736842105305,2022-07-13
c0065,35.829838,14.270835,35.308095238095284,2022-07-14
c0065,35.829838,14.270835,33.76698113207552,2022-07-15
c0065,35.829838,14.270835,43.71196721311478,2022-07-16
c0065,35.829838,14.270835,40.86068965517243,2022-07-17
c0065,35.829838,14.270835,42.81625000000001,2022-07-18
c0065,35.829838,14.270835,41.11741935483872,2022-07-19
c0065,35.829838,14.270835,38.98015873015876,2022-07-20
c0065,35.829838,14.270835,42.447142857142886,2022-07-21
c0065,35.829838,14.270835,34.752666666666705,2022-07-22
c0065,35.829838,14.270835,44.75885245901644,2022-07-23
c0065,35.829838,14.270835,39.75557377049184,2022-07-24
c0065,35.829838,14.270835,44.78437500000001,2022-07-25
c0065,35.829838,14.270835,43.394666666666694,2022-07-26
c0065,35.829838,14.270835,40.43218750000001,2022-07-27
c0065,35.829838,14.270835,37.03421052631581,2022-07-28
c0065,35.829838,14.270835,38.653728813559354,2022-07-29
c0065,35.829838,14.270835,44.80548387096776,2022-07-30
c0065,35.829838,14.270835,37.02387096774195,2022-07-31
c0065,35.829838,14.270835,40.645862068965535,2022-08-01
c0065,35.829838,14.270835,35.102972972972985,2022-08-02
c0065,35.829838,14.270835,41.20633333333337,2022-08-03
c0065,35.829838,14.270835,40.55444444444445,2022-08-04
c0065,35.829838,14.270835,39.45000000000003,2022-08-05
c0065,35.829838,14.270835,43.22111111111115,2022-08-06
c0065,35.829838,14.270835,38.29035714285719,2022-08-07
c0065,35.829838,14.270835,42.600967741935534,2022-08-08
c0065,35.829838,14.270835,31.650000000000045,2022-08-09
c0065,35.829838,14.270835,39.33645161290325,2022-08-10
c0065,35.829838,14.270835,31.670000000000016,2022-08-11
c0065,35.829838,14.270835,32.70166666666671,2022-08-12
c0065,35.829838,14.270835,37.15210526315792,2022-08-13
c0065,35.829838,14.270835,35.41551724137936,2022-08-14
c0065,35.829838,14.270835,38.96523809523815,2022-08-15
c0065,35.829838,14.270835,35.39610169491529,2022-08-16
c0065,35.829838,14.270835,41.973636363636395,2022-08-17
c0065,35.829838,14.270835,36.77800000000004,2022-08-18
c0065,35.829838,14.270835,30.272413793103492,2022-08-19
c0065,35.829838,14.270835,34.69264150943401,2022-08-20
c0065,35.829838,14.270835,32.41378378378383,2022-08-21
c0065,35.829838,14.270835,38.91237288135596,2022-08-22
c0065,35.829838,14.270835,32.03000000000001,2022-08-23
c0065,35.829838,14.270835,36.953389830508506,2022-08-24
c0065,35.829838,14.270835,32.99833333333338,2022-08-25
c0065,35.829838,14.270835,37.29641509433963,2022-08-26
c0065,35.829838,14.270835,35.425932203389834,2022-08-27
c0065,35.829838,14.270835,36.96225806451616,2022-08-28
c0065,35.829838,14.270835,34.50586206896553,2022-08-29
c0065,35.829838,14.270835,35.343968253968264,2022-08-30
c0065,35.829838,14.270835,39.61158730158731,2022-08-31
c0065,35.829838,14.270835,,2022-09-01
c0065,35.829838,14.270835,40.17698412698414,2022-09-02
c0065,35.829838,14.270835,34.71655737704922,2022-09-03
c0065,35.829838,14.270835,36.43724137931038,2022-09-04
c0065,35.829838,14.270835,35.206491228070206,2022-09-05
c0065,35.829838,14.270835,33.10350000000004,2022-09-06
c0065,35.829838,14.270835,35.830000000000034,2022-09-07
c0065,35.829838,14.270835,30.710967741935537,2022-09-08
c0065,35.829838,14.270835,36.0736065573771,2022-09-09
c0065,35.829838,14.270835,28.622558139534924,2022-09-10
c0065,35.829838,14.270835,39.4446031746032,2022-09-11
c0065,35.829838,14.270835,38.695000000000014,2022-09-12
c0065,35.829838,14.270835,34.66433333333337,2022-09-13
c0065,35.829838,14.270835,39.37258064516133,2022-09-14
c0065,35.829838,14.270835,34.13393442622953,2022-09-15
c0065,35.829838,14.270835,38.34225806451615,2022-09-16
c0065,35.829838,14.270835,28.950000000000045,2022-09-17
c0065,35.829838,14.270835,38.08322580645166,2022-09-18
c0065,35.829838,14.270835,28.79120000000005,2022-09-19
c0065,35.829838,14.270835,31.911666666666704,2022-09-20
c0065,35.829838,14.270835,33.79400000000004,2022-09-21
c0065,35.829838,14.270835,,2022-09-22
c0065,35.829838,14.270835,23.34818181818186,2022-09-23
c0065,35.829838,14.270835,26.21733333333335,2022-09-24
c0065,35.829838,14.270835,26.302941176470604,2022-09-25
c0065,35.829838,14.270835,,2022-09-26
c0065,35.829838,14.270835,,2022-09-27
c0065,35.829838,14.270835,28.561186440677993,2022-09-28
c0065,35.829838,14.270835,31.921803278688575,2022-09-29
c0065,35.829838,14.270835,23.110000000000017,2022-09-30
c0065,35.829838,14.270835,23.81,2022-10-01
c0065,35.829838,14.270835,32.70483870967746,2022-10-02
c0065,35.829838,14.270835,29.53158730158732,2022-10-03
c0065,35.829838,14.270835,29.404642857142907,2022-10-04
c0065,35.829838,14.270835,24.742380952380987,2022-10-05
c0065,35.829838,14.270835,26.376875,2022-10-06
c0065,35.829838,14.270835,25.738888888888923,2022-10-07
c0065,35.829838,14.270835,27.904285714285763,2022-10-08
c0065,35.829838,14.270835,31.117619047619076,2022-10-09
c0065,35.829838,14.270835,,2022-10-10
c0065,35.829838,14.270835,,2022-10-23
c0065,35.829838,14.270835,27.868412698412712,2022-10-24
c0065,35.829838,14.270835,30.917666666666676,2022-10-25
c0065,35.829838,14.270835,28.61687500000005,2022-10-26
c0065,35.829838,14.270835,29.783442622950854,2022-10-27
c0065,35.829838,14.270835,26.178888888888913,2022-10-28
c0065,35.829838,14.270835,25.390000000000043,2022-10-29
c0065,35.829838,14.270835,28.60875000000004,2022-10-30
c0065,35.829838,14.270835,24.005666666666706,2022-10-31
c0065,35.829838,14.270835,28.46937500000002,2022-11-01
c0065,35.829838,14.270835,26.544285714285735,2022-11-02
c0065,35.829838,14.270835,27.652258064516147,2022-11-03
c0065,35.829838,14.270835,27.454406779661056,2022-11-04
c0065,35.829838,14.270835,,2022-11-05
c0065,35.829838,14.270835,20.72403508771932,2022-11-06
c0065,35.829838,14.270835,21.4018644067797,2022-11-07
c0065,35.829838,14.270835,23.94680000000005,2022-11-08
c0065,35.829838,14.270835,23.634166666666697,2022-11-09
c0065,35.829838,14.270835,,2022-11-10
c0065,35.829838,14.270835,23.302698412698422,2022-11-11
c0065,35.829838,14.270835,,2022-11-12
c0065,35.829838,14.270835,18.98875000000004,2022-11-13
c0065,35.829838,14.270835,,2022-11-14
c0065,35.829838,14.270835,8.930000000000007,2022-11-15
c0065,35.829838,14.270835,23.05622950819676,2022-11-16
c0065,35.829838,14.270835,20.57000000000005,2022-11-17
c0065,35.829838,14.270835,23.142000000000007,2022-11-18
c0065,35.829838,14.270835,23.21225806451617,2022-11-19
c0065,35.829838,14.270835,,2022-11-20
c0065,35.829838,14.270835,12.296666666666694,2022-11-21
c0065,35.829838,14.270835,,2022-11-22
c0065,35.829838,14.270835,18.17188679245287,2022-11-23
c0065,35.829838,14.270835,,2022-11-24
c0065,35.829838,14.270835,18.629272727272753,2022-11-25
c0065,35.829838,14.270835,,2022-11-26
c0065,35.829838,14.270835,,2022-11-27
c0065,35.829838,14.270835,16.621666666666698,2022-11-28
c0065,35.829838,14.270835,13.390000000000043,2022-11-29
c0065,35.829838,14.270835,,2022-11-30
c0065,35.829838,14.270835,16.444920634920656,2022-12-01
c0065,35.829838,14.270835,15.575200000000052,2022-12-02
c0065,35.829838,14.270835,18.318000000000023,2022-12-03
c0065,35.829838,14.270835,18.821666666666715,2022-12-04
c0065,35.829838,14.270835,18.95038461538466,2022-12-05
c0065,35.829838,14.270835,,2022-12-06
c0065,35.829838,14.270835,19.03400000000003,2022-12-07
c0065,35.829838,14.270835,18.452500000000036,2022-12-08
c0065,35.829838,14.270835,,2022-12-09
c0065,35.829838,14.270835,,2022-12-10
c0065,35.829838,14.270835,,2022-12-11
c0065,35.829838,14.270835,17.233478260869582,2022-12-12
c0065,35.829838,14.270835,13.150000000000034,2022-12-13
c0065,35.829838,14.270835,20.92833333333337,2022-12-14
c0065,35.829838,14.270835,20.521034482758637,2022-12-15
c0065,35.829838,14.270835,21.393137254902012,2022-12-16
c0065,35.829838,14.270835,14.274761904761938,2022-12-17
c0065,35.829838,14.270835,17.689130434782648,2022-12-18
c0065,35.829838,14.270835,,2022-12-19
c0065,35.829838,14.270835,13.712608695652213,2022-12-20
c0065,35.829838,14.270835,16.96660377358495,2022-12-21
c0065,35.829838,14.270835,16.41538461538464,2022-12-22
c0065,35.829838,14.270835,16.310000000000002,2022-12-23
c0065,35.829838,14.270835,,2022-12-24
c0065,35.829838,14.270835,18.590000000000032,2022-12-25
c0065,35.829838,14.270835,19.49644067796612,2022-12-26
c0065,35.829838,14.270835,18.667586206896583,2022-12-27
c0065,35.829838,14.270835,19.49638297872343,2022-12-28
c0065,35.829838,14.270835,18.478888888888935,2022-12-29
c0065,35.829838,14.270835,17.910000000000025,2022-12-30
c0065,35.829838,14.270835,18.300476190476203,2022-12-31
c0065,35.829838,14.270835,15.94137254901963,2023-01-01
c0065,35.829838,14.270835,17.520769230769254,2023-01-02
c0065,35.829838,14.270835,18.73360655737706,2023-01-03
c0065,35.829838,14.270835,17.68300000000003,2023-01-04
c0065,35.829838,14.270835,16.842413793103457,2023-01-05
c0065,35.829838,14.270835,16.157142857142897,2023-01-06
c0065,35.829838,14.270835,14.326666666666677,2023-01-07
c0065,35.829838,14.270835,17.49379310344831,2023-01-08
c0065,35.829838,14.270835,,2023-01-09
c0065,35.829838,14.270835,11.57000000000005,2023-01-10
c0065,35.829838,14.270835,15.12894736842108,2023-01-11
c0065,35.829838,14.270835,,2023-01-12
c0065,35.829838,14.270835,15.650000000000034,2023-01-13
c0065,35.829838,14.270835,16.21666666666669,2023-01-14
c0065,35.829838,14.270835,14.811034482758634,2023-01-15
c0065,35.829838,14.270835,17.699090909090966,2023-01-16
c0065,35.829838,14.270835,14.670701754385991,2023-01-17
c0065,35.829838,14.270835,15.650000000000034,2023-01-18
c0065,35.829838,14.270835,,2023-01-19
c0065,35.829838,14.270835,11.321000000000025,2023-01-20
c0065,35.829838,14.270835,12.241666666666692,2023-01-21
c0065,35.829838,14.270835,12.370000000000005,2023-01-22
c0065,35.829838,14.270835,11.439714285714311,2023-01-23
c0065,35.829838,14.270835,7.273076923076972,2023-01-24
c0065,35.829838,14.270835,12.105714285714315,2023-01-25
c0065,35.829838,14.270835,11.195000000000038,2023-01-26
c0065,35.829838,14.270835,,2023-01-27
c0065,35.829838,14.270835,10.095818181818192,2023-01-28
c0065,35.829838,14.270835,11.10300000000002,2023-01-29
c0065,35.829838,14.270835,13.832666666666707,2023-01-30
c0065,35.829838,14.270835,14.716315789473732,2023-01-31
c0065,35.829838,14.270835,14.709032258064536,2023-02-01
c0065,35.829838,14.270835,,2023-02-02
c0065,35.829838,14.270835,13.553555555555592,2023-02-03
c0065,35.829838,14.270835,15.530000000000044,2023-02-04
c0065,35.829838,14.270835,15.20333333333337,2023-02-05
c0065,35.829838,14.270835,12.510000000000048,2023-02-06
c0065,35.829838,14.270835,,2023-02-07
c0065,35.829838,14.270835,,2023-02-08
c0065,35.829838,14.270835,,2023-02-09
c0065,35.829838,14.270835,7.834347826086998,2023-02-10
c0065,35.829838,14.270835,9.950000000000044,2023-02-11
c0065,35.829838,14.270835,13.850571428571444,2023-02-12
c0065,35.829838,14.270835,13.258333333333375,2023-02-13
c0065,35.829838,14.270835,14.79888888888892,2023-02-14
c0065,35.829838,14.270835,12.4717142857143,2023-02-15
c0065,35.829838,14.270835,14.889354838709709,2023-02-16
c0065,35.829838,14.270835,15.676129032258087,2023-02-17
c0065,35.829838,14.270835,15.79450000000002,2023-02-18
c0065,35.829838,14.270835,16.59400000000004,2023-02-19
c0065,35.829838,14.270835,17.30838709677423,2023-02-20
c0065,35.829838,14.270835,18.461333333333375,2023-02-21
c0065,35.829838,14.270835,19.09967741935487,2023-02-22
c0065,35.829838,14.270835,17.395600000000037,2023-02-23
c0065,35.829838,14.270835,18.737333333333364,2023-02-24
c0065,35.829838,14.270835,,2023-02-25
c0065,35.829838,14.270835,,2023-02-26
c0065,35.829838,14.270835,16.146721311475417,2023-02-27
c0065,35.829838,14.270835,13.810000000000002,2023-02-28
c0065,35.829838,14.270835,11.354615384615428,2023-03-01
c0065,35.829838,14.270835,16.84081967213117,2023-03-02
c0065,35.829838,14.270835,,2023-03-03
c0065,35.829838,14.270835,12.818000000000016,2023-03-04
c0065,35.829838,14.270835,16.75037037037038,2023-03-05
c0065,35.829838,14.270835,5.090000000000032,2023-03-06
c0065,35.829838,14.270835,17.1683783783784,2023-03-07
c0065,35.829838,14.270835,20.031935483870992,2023-03-08
c0065,35.829838,14.270835,19.928333333333363,2023-03-09
c0065,35.829838,14.270835,,2023-03-10
c0065,35.829838,14.270835,17.970000000000027,2023-03-11
c0065,35.829838,14.270835,18.54666666666668,2023-03-12
c0065,35.829838,14.270835,21.8889830508475,2023-03-13
c0065,35.829838,14.270835,20.086000000000023,2023-03-14
c0065,35.829838,14.270835,20.02107142857144,2023-03-15
c0065,35.829838,14.270835,19.065806451612925,2023-03-16
c0065,35.829838,14.270835,20.060000000000045,2023-03-17
c0065,35.829838,14.270835,20.674262295082,2023-03-18
c0065,35.829838,14.270835,17.10833333333337,2023-03-19
c0065,35.829838,14.270835,15.373333333333344,2023-03-20
c0065,35.829838,14.270835,,2023-03-21
c0065,35.829838,14.270835,18.541162790697683,2023-03-22
c0065,35.829838,14.270835,17.545000000000027,2023-03-23
c0065,35.829838,14.270835,24.918620689655196,2023-03-24
c0065,35.829838,14.270835,15.051333333333336,2023-03-25
c0065,35.829838,14.270835,23.857586206896578,2023-03-26
c0065,35.829838,14.270835,21.851666666666713,2023-03-27
c0065,35.829838,14.270835,21.04129032258069,2023-03-28
c0065,35.829838,14.270835,22.76791666666668,2023-03-29
c0065,35.829838,14.270835,20.526666666666703,2023-03-30
c0065,35.829838,14.270835,22.91269230769234,2023-03-31
c0065,35.829838,14.270835,22.027333333333377,2023-04-01
c0065,35.829838,14.270835,,2023-04-02
c0065,35.829838,14.270835,17.178076923076976,2023-04-03
c0065,35.829838,14.270835,19.42540983606563,2023-04-04
c0065,35.829838,14.270835,17.410000000000025,2023-04-05
c0065,35.829838,14.270835,19.199032258064527,2023-04-06
c0065,35.829838,14.270835,14.230000000000018,2023-04-07
c0065,35.829838,14.270835,15.33000000000004,2023-04-08
c0065,35.829838,14.270835,16.94627118644072,2023-04-09
c0065,35.829838,14.270835,23.513225806451658,2023-04-10
c0065,35.829838,14.270835,22.57965517241381,2023-04-11
c0065,35.829838,14.270835,25.326428571428593,2023-04-12
c0065,35.829838,14.270835,25.85129032258068,2023-04-13
c0065,35.829838,14.270835,,2023-04-14
c0065,35.829838,14.270835,10.690000000000056,2023-04-15
c0065,35.829838,14.270835,16.649230769230797,2023-04-16
c0065,35.829838,14.270835,22.031960784313743,2023-04-17
c0065,35.829838,14.270835,24.57172413793108,2023-04-18
c0065,35.829838,14.270835,25.708846153846196,2023-04-19
c0065,35.829838,14.270835,19.950000000000045,2023-04-20
c0065,35.829838,14.270835,12.27000000000004,2023-04-21
c0065,35.829838,14.270835,26.179152542372908,2023-04-22
c0065,35.829838,14.270835,27.01539682539686,2023-04-23
c0065,35.829838,14.270835,28.203220338983083,2023-04-24
c0065,35.829838,14.270835,,2023-04-25
c0065,35.829838,14.270835,21.090000000000032,2023-04-26
c0065,35.829838,14.270835,30.425238095238136,2023-04-27
c0065,35.829838,14.270835,27.25258064516134,2023-04-28
c0065,35.829838,14.270835,31.069687500000025,2023-04-29
c0065,35.829838,14.270835,,2023-04-30
c0065,35.829838,14.270835,22.970000000000027,2023-05-01
c0065,35.829838,14.270835,15.77000000000004,2023-05-02
c0065,35.829838,14.270835,20.07000000000005,2023-05-03
c0065,35.829838,14.270835,28.90315789473688,2023-05-04
c0065,35.829838,14.270835,29.933859649122812,2023-05-05
c0065,35.829838,14.270835,33.28220338983054,2023-05-06
c0065,35.829838,14.270835,26.390000000000043,2023-05-07
c0065,35.829838,14.270835,,2023-05-08
c0065,35.829838,14.270835,,2023-05-09
c0065,35.829838,14.270835,,2023-05-10
c0065,35.829838,14.270835,32.227966101694925,2023-05-11
c0065,35.829838,14.270835,24.370000000000005,2023-05-12
c0065,35.829838,14.270835,,2023-05-13
c0065,35.829838,14.270835,,2023-05-14
c0065,35.829838,14.270835,,2023-05-15
c0065,35.829838,14.270835,25.116000000000025,2023-05-16
c0065,35.829838,14.270835,27.99982456140355,2023-05-17
c0065,35.829838,14.270835,21.31,2023-05-18
c0065,35.829838,14.270835,,2023-05-19
c0065,35.829838,14.270835,,2023-05-20
c0065,35.829838,14.270835,21.77000000000004,2023-05-21
c0065,35.829838,14.270835,,2023-05-22
c0065,35.829838,14.270835,27.340588235294156,2023-05-23
c0065,35.829838,14.270835,24.172068965517287,2023-05-24
c0065,35.829838,14.270835,,2023-05-25
c0065,35.829838,14.270835,20.03000000000003,2023-05-26
c0065,35.829838,14.270835,29.44766666666671,2023-05-27
c0065,35.829838,14.270835,35.24333333333337,2023-05-28
c0065,35.829838,14.270835,30.170625000000015,2023-05-29
c0065,35.829838,14.270835,,2023-05-30
c0065,35.829838,14.270835,28.92333333333339,2023-05-31
c0065,35.829838,14.270835,24.335833333333376,2023-06-01
c0065,35.829838,14.270835,33.451224489795976,2023-06-02
c0065,35.829838,14.270835,30.189661016949195,2023-06-03
c0065,35.829838,14.270835,30.55000000000001,2023-06-04
c0065,35.829838,14.270835,,2023-06-05
c0065,35.829838,14.270835,,2023-06-06
c0065,35.829838,14.270835,34.9608196721312,2023-06-07
c0065,35.829838,14.270835,,2023-06-08
c0065,35.829838,14.270835,37.66047619047619,2023-06-09
c0065,35.829838,14.270835,,2023-06-10
c0065,35.829838,14.270835,31.128688524590185,2023-06-11
c0065,35.829838,14.270835,33.775862068965566,2023-06-12
c0065,35.829838,14.270835,31.25032786885251,2023-06-13
c0065,35.829838,14.270835,28.274285714285735,2023-06-14
c0065,35.829838,14.270835,25.960526315789508,2023-06-15
c0065,35.829838,14.270835,32.63483870967747,2023-06-16
c0065,35.829838,14.270835,36.86864406779663,2023-06-17
c0065,35.829838,14.270835,37.49881355932208,2023-06-18
c0065,35.829838,14.270835,39.85322580645164,2023-06-19
c0065,35.829838,14.270835,32.29721311475414,2023-06-20
c0065,35.829838,14.270835,39.425238095238115,2023-06-21
c0065,35.829838,14.270835,34.93039215686279,2023-06-22
c0065,35.829838,14.270835,38.92419354838713,2023-06-23
c0065,35.829838,14.270835,37.30830508474581,2023-06-24
c0065,35.829838,14.270835,35.911000000000016,2023-06-25
c0065,35.829838,14.270835,38.633728813559344,2023-06-26
c0065,35.829838,14.270835,35.314516129032285,2023-06-27
c0065,35.829838,14.270835,40.63360655737709,2023-06-28
c0065,35.829838,14.270835,37.65612903225809,2023-06-29
c0065,35.829838,14.270835,36.30389830508478,2023-06-30
c0065,35.829838,14.270835,39.7820634920635,2023-07-01
c0065,35.829838,14.270835,30.106190476190527,2023-07-02
c0065,35.829838,14.270835,41.565409836065605,2023-07-03
c0065,35.829838,14.270835,37.82633333333337,2023-07-04
c0065,35.829838,14.270835,39.58206349206352,2023-07-05
c0065,35.829838,14.270835,42.290000000000035,2023-07-06
c0065,35.829838,14.270835,36.74133333333339,2023-07-07
c0065,35.829838,14.270835,38.543015873015904,2023-07-08
c0065,35.829838,14.270835,33.87800000000005,2023-07-09
c0065,35.829838,14.270835,37.61166666666668,2023-07-10
c0065,35.829838,14.270835,41.8466666666667,2023-07-11
c0065,35.829838,14.270835,40.268095238095285,2023-07-12
c0065,35.829838,14.270835,40.39440677966106,2023-07-13
c0065,35.829838,14.270835,36.34460317460321,2023-07-14
c0065,35.829838,14.270835,45.0581967213115,2023-07-15
c0065,35.829838,14.270835,42.45741935483875,2023-07-16
c0065,35.829838,14.270835,42.11516129032264,2023-07-17
c0065,35.829838,14.270835,40.93741935483872,2023-07-18
c0065,35.829838,14.270835,39.59644067796612,2023-07-19
c0065,35.829838,14.270835,46.10650793650796,2023-07-20
c0065,35.829838,14.270835,42.630338983050905,2023-07-21
c0065,35.829838,14.270835,43.61225806451617,2023-07-22
c0065,35.829838,14.270835,42.37476190476193,2023-07-23
c0065,35.829838,14.270835,43.310000000000024,2023-07-24
c0065,35.829838,14.270835,45.01862068965521,2023-07-25
c0065,35.829838,14.270835,27.390000000000043,2023-07-26
c0065,35.829838,14.270835,40.45380952380956,2023-07-27
c0065,35.829838,14.270835,28.427142857142872,2023-07-28
c0065,35.829838,14.270835,31.254615384615427,2023-07-29
c0065,35.829838,14.270835,35.149677419354894,2023-07-30
c0065,35.829838,14.270835,39.84642857142858,2023-07-31
c0065,35.829838,14.270835,42.3677777777778,2023-08-01
c0065,35.829838,14.270835,39.65387096774195,2023-08-02
c0065,35.829838,14.270835,41.36587301587305,2023-08-03
c0065,35.829838,14.270835,39.38365079365082,2023-08-04
c0065,35.829838,14.270835,35.23210526315792,2023-08-05
c0065,35.829838,14.270835,35.00178571428574,2023-08-06
c0065,35.829838,14.270835,31.770967741935532,2023-08-07
c0065,35.829838,14.270835,39.99903225806454,2023-08-08
c0065,35.829838,14.270835,36.83000000000002,2023-08-09
c0065,35.829838,14.270835,39.35700000000001,2023-08-10
c0065,35.829838,14.270835,35.53111111111116,2023-08-11
c0065,35.829838,14.270835,36.75101694915254,2023-08-12
c0065,35.829838,14.270835,40.494262295082,2023-08-13
c0065,35.829838,14.270835,35.24967741935487,2023-08-14
c0065,35.829838,14.270835,36.290350877193006,2023-08-15
c0065,35.829838,14.270835,38.37870967741937,2023-08-16
c0065,35.829838,14.270835,37.377936507936525,2023-08-17
c0065,35.829838,14.270835,40.459032258064546,2023-08-18
c0065,35.829838,14.270835,33.434500000000014,2023-08-19
c0065,35.829838,14.270835,40.33966666666668,2023-08-20
c0065,35.829838,14.270835,38.184358974358986,2023-08-21
c0065,35.829838,14.270835,33.25666666666672,2023-08-22
c0065,35.829838,14.270835,33.35000000000002,2023-08-23
c0065,35.829838,14.270835,34.49800000000005,2023-08-24
c0065,35.829838,14.270835,39.90114754098366,2023-08-25
c0065,35.829838,14.270835,38.273666666666685,2023-08-26
c0065,35.829838,14.270835,39.8625806451613,2023-08-27
c0065,35.829838,14.270835,34.831935483871014,2023-08-28
c0065,35.829838,14.270835,36.53229508196725,2023-08-29
c0065,35.829838,14.270835,38.26281250000006,2023-08-30
c0065,35.829838,14.270835,,2023-08-31
c0065,35.829838,14.270835,35.07807017543865,2023-09-01
c0065,35.829838,14.270835,31.075614035087767,2023-09-02
c0065,35.829838,14.270835,,2023-09-03
c0065,35.829838,14.270835,31.95133333333335,2023-09-04
c0065,35.829838,14.270835,32.38535714285717,2023-09-05
c0065,35.829838,14.270835,26.690000000000055,2023-09-06
c0065,35.829838,14.270835,25.637441860465145,2023-09-07
c0065,35.829838,14.270835,31.910000000000025,2023-09-08
c0065,35.829838,14.270835,,2023-09-09
c0065,35.829838,14.270835,30.15000000000003,2023-09-10
c0065,35.829838,14.270835,37.15000000000004,2023-09-11
c0065,35.829838,14.270835,28.34809523809526,2023-09-12
c0065,35.829838,14.270835,35.46580645161295,2023-09-13
c0065,35.829838,14.270835,25.01400000000004,2023-09-14
c0065,35.829838,14.270835,32.67862068965522,2023-09-15
c0065,35.829838,14.270835,35.525806451612944,2023-09-16
c0065,35.829838,14.270835,32.59984126984133,2023-09-17
c0065,35.829838,14.270835,35.86841269841272,2023-09-18
c0065,35.829838,14.270835,30.115263157894777,2023-09-19
c0065,35.829838,14.270835,,2023-09-20
c0065,35.829838,14.270835,32.10733333333337,2023-09-21
c0065,35.829838,14.270835,32.47253968253973,2023-09-22
c0065,35.829838,14.270835,30.987037037037076,2023-09-23
c0065,35.829838,14.270835,30.79271186440679,2023-09-24
c0065,35.829838,14.270835,29.02565217391308,2023-09-25
c0065,35.829838,14.270835,26.742000000000004,2023-09-26
c0065,35.829838,14.270835,,2023-09-27
c0065,35.829838,14.270835,30.83000000000004,2023-09-28
c0065,35.829838,14.270835,28.19640000000002,2023-09-29
c0065,35.829838,14.270835,29.153111111111123,2023-09-30
c0065,35.829838,14.270835,25.707931034482773,2023-10-01
c0065,35.829838,14.270835,29.723170731707334,2023-10-02
c0065,35.829838,14.270835,31.213492063492104,2023-10-03
c0065,35.829838,14.270835,28.495641025641056,2023-10-04
c0065,35.829838,14.270835,33.4503278688525,2023-10-05
c0065,35.829838,14.270835,25.853448275862103,2023-10-06
c0065,35.829838,14.270835,31.84333333333338,2023-10-07
c0065,35.829838,14.270835,27.730000000000047,2023-10-08
c0065,35.829838,14.270835,32.533870967741976,2023-10-09
c0065,35.829838,14.270835,33.47709677419359,2023-10-10
c0065,35.829838,14.270835,30.00935483870973,2023-10-11
c0065,35.829838,14.270835,31.75036363636368,2023-10-12
c0065,35.829838,14.270835,28.054000000000023,2023-10-13
c0065,35.829838,14.270835,30.624754098360693,2023-10-14
c0065,35.829838,14.270835,33.14836065573773,2023-10-15
c0065,35.829838,14.270835,30.25785714285719,2023-10-16
c0065,35.829838,14.270835,31.866129032258105,2023-10-17
c0065,35.829838,14.270835,30.47885245901641,2023-10-18
c0065,35.829838,14.270835,32.14587301587304,2023-10-19
c0065,35.829838,14.270835,31.970952380952397,2023-10-20
c0065,35.829838,14.270835,,2023-10-21
c0065,35.829838,14.270835,28.936885245901667,2023-10-22
c0065,35.829838,14.270835,26.09800000000004,2023-10-23
c0065,35.829838,14.270835,29.61689655172416,2023-10-24
c0065,35.829838,14.270835,,2023-10-25
c0065,35.829838,14.270835,28.14565217391307,2023-10-26
c0065,35.829838,14.270835,30.112580645161305,2023-10-27
c0065,35.829838,14.270835,,2023-10-28
c0065,35.829838,14.270835,21.890000000000043,2023-10-29
c0065,35.829838,14.270835,24.966393442622984,2023-10-30
c0065,35.829838,14.270835,26.05000000000001,2023-10-31
c0065,35.829838,14.270835,29.07000000000005,2023-11-01
c0065,35.829838,14.270835,27.37461538461544,2023-11-02
c0065,35.829838,14.270835,,2023-11-03
c0065,35.829838,14.270835,20.130000000000052,2023-11-04
c0065,35.829838,14.270835,27.582786885245916,2023-11-05
c0065,35.829838,14.270835,26.785094339622695,2023-11-06
c0065,35.829838,14.270835,25.807037037037077,2023-11-07
c0065,35.829838,14.270835,24.405135135135165,2023-11-08
c0065,35.829838,14.270835,,2023-11-09
c0065,35.829838,14.270835,26.31372881355937,2023-11-10
c0065,35.829838,14.270835,23.090000000000032,2023-11-11
c0065,35.829838,14.270835,20.81,2023-11-12
c0065,35.829838,14.270835,23.337450980392187,2023-11-13
c0065,35.829838,14.270835,25.094000000000037,2023-11-14
c0065,35.829838,14.270835,27.282258064516167,2023-11-15
c0065,35.829838,14.270835,25.460000000000026,2023-11-16
c0065,35.829838,14.270835,24.399803921568655,2023-11-17
c0065,35.829838,14.270835,23.77245614035092,2023-11-18
c0065,35.829838,14.270835,23.0123529411765,2023-11-19
c0065,35.829838,14.270835,23.46200000000003,2023-11-20
c0065,35.829838,14.270835,,2023-11-21
c0065,35.829838,14.270835,,2023-11-22
c0065,35.829838,14.270835,,2023-11-23
c0065,35.829838,14.270835,16.165555555555567,2023-11-24
c0065,35.829838,14.270835,,2023-11-25
c0065,35.829838,14.270835,16.12428571428574,2023-11-26
c0065,35.829838,14.270835,17.922000000000033,2023-11-27
c0065,35.829838,14.270835,15.239787234042575,2023-11-28
c0065,35.829838,14.270835,17.65372881355934,2023-11-29
c0065,35.829838,14.270835,20.81535714285719,2023-11-30
c0065,35.829838,14.270835,14.230000000000018,2023-12-01
c0065,35.829838,14.270835,21.087377049180382,2023-12-02
c0065,35.829838,14.270835,,2023-12-03
c0065,35.829838,14.270835,15.860285714285752,2023-12-04
c0065,35.829838,14.270835,,2023-12-05
c0065,35.829838,14.270835,,2023-12-06
c0065,35.829838,14.270835,15.630000000000052,2023-12-07
c0065,35.829838,14.270835,16.230000000000018,2023-12-08
c0065,35.829838,14.270835,14.118333333333348,2023-12-09
c0065,35.829838,14.270835,14.430000000000009,2023-12-10
c0065,35.829838,14.270835,18.30319148936173,2023-12-11
c0065,35.829838,14.270835,19.746190476190495,2023-12-12
c0065,35.829838,14.270835,13.79000000000002,2023-12-13
c0065,35.829838,14.270835,20.009682539682576,2023-12-14
c0065,35.829838,14.270835,12.240000000000045,2023-12-15
c0065,35.829838,14.270835,15.178260869565262,2023-12-16
c0065,35.829838,14.270835,,2023-12-17
c0065,35.829838,14.270835,,2023-12-18
c0065,35.829838,14.270835,9.450000000000044,2023-12-19
c0065,35.829838,14.270835,,2023-12-20
c0065,35.829838,14.270835,,2023-12-21
c0065,35.829838,14.270835,13.934516129032286,2023-12-22
c0065,35.829838,14.270835,15.002631578947412,2023-12-23
c0065,35.829838,14.270835,,2023-12-24
c0065,35.829838,14.270835,,2023-12-25
c0065,35.829838,14.270835,15.0384210526316,2023-12-26
c0065,35.829838,14.270835,,2023-12-27
c0065,35.829838,14.270835,,2023-12-28
c0065,35.829838,14.270835,,2023-12-29
c0065,35.829838,14.270835,,2023-12-30
c0065,35.829838,14.270835,18.36366666666668,2023-12-31
c0065,35.829838,14.270835,,2024-01-01
c0065,35.829838,14.270835,,2024-01-02
c0065,35.829838,14.270835,,2024-01-03
c0065,35.829838,14.270835,18.750975609756107,2024-01-04
c0065,35.829838,14.270835,16.890000000000043,2024-01-05
c0065,35.829838,14.270835,14.683333333333383,2024-01-06
c0065,35.829838,14.270835,8.311250000000038,2024-01-07
c0065,35.829838,14.270835,8.112553191489386,2024-01-08
c0065,35.829838,14.270835,14.723478260869616,2024-01-09
c0065,35.829838,14.270835,7.025652173913073,2024-01-10
c0065,35.829838,14.270835,,2024-01-11
c0065,35.829838,14.270835,13.258333333333368,2024-01-12
c0065,35.829838,14.270835,9.210000000000036,2024-01-13
c0065,35.829838,14.270835,12.931304347826137,2024-01-14
c0065,35.829838,14.270835,15.586065573770536,2024-01-15
c0065,35.829838,14.270835,15.510000000000048,2024-01-16
c0065,35.829838,14.270835,,2024-01-17
c0065,35.829838,14.270835,16.090000000000032,2024-01-18
c0065,35.829838,14.270835,15.422800000000016,2024-01-19
c0065,35.829838,14.270835,18.090000000000032,2024-01-20
c0065,35.829838,14.270835,12.38428571428575,2024-01-21
c0065,35.829838,14.270835,13.487600000000052,2024-01-22
c0065,35.829838,14.270835,12.188857142857172,2024-01-23
c0065,35.829838,14.270835,15.648032786885294,2024-01-24
c0065,35.829838,14.270835,,2024-01-25
c0065,35.829838,14.270835,17.34800000000003,2024-01-26
c0065,35.829838,14.270835,15.040857142857169,2024-01-27
c0065,35.829838,14.270835,16.34435897435902,2024-01-28
c0065,35.829838,14.270835,15.89741935483876,2024-01-29
c0065,35.829838,14.270835,13.590000000000032,2024-01-30
c0065,35.829838,14.270835,14.397037037037055,2024-01-31
c0065,35.829838,14.270835,15.578888888888937,2024-02-01
c0065,35.829838,14.270835,14.502307692307712,2024-02-02
c0065,35.829838,14.270835,14.112916666666676,2024-02-03
c0065,35.829838,14.270835,16.516153846153866,2024-02-04
c0065,35.829838,14.270835,17.12395348837211,2024-02-05
c0065,35.829838,14.270835,19.093508771929855,2024-02-06
c0065,35.829838,14.270835,,2024-02-07
c0065,35.829838,14.270835,17.252608695652192,2024-02-08
c0065,35.829838,14.270835,14.713333333333376,2024-02-09
c0065,35.829838,14.270835,,2024-02-10
c0065,35.829838,14.270835,9.83000000000004,2024-02-11
c0065,35.829838,14.270835,13.33125000000005,2024-02-12
c0065,35.829838,14.270835,14.686333333333389,2024-02-13
c0065,35.829838,14.270835,17.705000000000005,2024-02-14
c0065,35.829838,14.270835,18.77724137931037,2024-02-15
c0065,35.829838,14.270835,17.131000000000046,2024-02-16
c0065,35.829838,14.270835,9.732857142857148,2024-02-17
c0065,35.829838,14.270835,15.97487804878052,2024-02-18
c0065,35.829838,14.270835,15.316666666666702,2024-02-19
c0065,35.829838,14.270835,12.583571428571467,2024-02-20
c0065,35.829838,14.270835,,2024-02-21
c0065,35.829838,14.270835,15.608000000000024,2024-02-22
c0065,35.829838,14.270835,15.479655172413814,2024-02-23
c0065,35.829838,14.270835,,2024-02-24
c0065,35.829838,14.270835,,2024-02-25
c0065,35.829838,14.270835,16.03410256410259,2024-02-26
c0065,35.829838,14.270835,,2024-02-27
c0065,35.829838,14.270835,,2024-02-28
c0065,35.829838,14.270835,16.90649122807021,2024-02-29
c0065,35.829838,14.270835,14.575245901639365,2024-03-01
c0065,35.829838,14.270835,16.58600000000005,2024-03-02
c0065,35.829838,14.270835,15.590000000000032,2024-03-03
c0065,35.829838,14.270835,13.055777777777804,2024-03-04
c0065,35.829838,14.270835,16.62333333333339,2024-03-05
c0065,35.829838,14.270835,15.790322580645206,2024-03-06
c0065,35.829838,14.270835,19.819836065573803,2024-03-07
c0065,35.829838,14.270835,,2024-03-08
c0065,35.829838,14.270835,17.833829787234052,2024-03-09
c0065,35.829838,14.270835,11.532352941176509,2024-03-10
c0065,35.829838,14.270835,18.616666666666692,2024-03-11
c0065,35.829838,14.270835,15.735000000000028,2024-03-12
c0065,35.829838,14.270835,13.552962962962988,2024-03-13
c0065,35.829838,14.270835,18.655000000000033,2024-03-14
c0065,35.829838,14.270835,21.913728813559352,2024-03-15
c0065,35.829838,14.270835,18.951632653061264,2024-03-16
c0065,35.829838,14.270835,22.495666666666693,2024-03-17
c0065,35.829838,14.270835,19.168367346938815,2024-03-18
c0065,35.829838,14.270835,24.078275862068992,2024-03-19
c0065,35.829838,14.270835,21.69600000000002,2024-03-20
c0065,35.829838,14.270835,22.57333333333337,2024-03-21
c0065,35.829838,14.270835,17.15538461538464,2024-03-22
c0065,35.829838,14.270835,19.850000000000023,2024-03-23
c0065,35.829838,14.270835,22.94490909090911,2024-03-24
c0065,35.829838,14.270835,,2024-03-25
c0065,35.829838,14.270835,,2024-03-26
c0065,35.829838,14.270835,19.295641025641075,2024-03-27
c0065,35.829838,14.270835,22.633492063492085,2024-03-28
c0065,35.829838,14.270835,24.53428571428576,2024-03-29
c0065,35.829838,14.270835,16.010000000000048,2024-03-30
c0065,35.829838,14.270835,22.099230769230783,2024-03-31
c0065,35.829838,14.270835,28.968095238095255,2024-04-01
c0065,35.829838,14.270835,20.730000000000015,2024-04-02
c0065,35.829838,14.270835,27.768032786885296,2024-04-03
c0065,35.829838,14.270835,25.91033898305087,2024-04-04
c0065,35.829838,14.270835,28.894262295082015,2024-04-05
c0065,35.829838,14.270835,27.44000000000003,2024-04-06
c0065,35.829838,14.270835,28.09253968253972,2024-04-07
c0065,35.829838,14.270835,30.544603174603186,2024-04-08
c0065,35.829838,14.270835,19.17750000000001,2024-04-09
c0065,35.829838,14.270835,23.35771929824567,2024-04-10
c0065,35.829838,14.270835,20.15000000000003,2024-04-11
c0065,35.829838,14.270835,,2024-04-12
c0065,35.829838,14.270835,23.403090909090935,2024-04-13
c0065,35.829838,14.270835,13.55000000000003,2024-04-14
c0065,35.829838,14.270835,18.363333333333376,2024-04-15
c0065,35.829838,14.270835,,2024-04-16
c0065,35.829838,14.270835,24.24888888888892,2024-04-17
c0065,35.829838,14.270835,23.799047619047663,2024-04-18
c0065,35.829838,14.270835,17.310000000000002,2024-04-19
c0065,35.829838,14.270835,28.38645161290327,2024-04-20
c0065,35.829838,14.270835,18.710000000000036,2024-04-21
c0065,35.829838,14.270835,14.470000000000027,2024-04-22
c0065,35.829838,14.270835,25.64403508771932,2024-04-23
c0065,35.829838,14.270835,22.750000000000057,2024-04-24
c0065,35.829838,14.270835,22.430000000000007,2024-04-25
c0065,35.829838,14.270835,17.882093023255855,2024-04-26
c0065,35.829838,14.270835,24.526800000000023,2024-04-27
c0065,35.829838,14.270835,20.592372881355978,2024-04-28
c0065,35.829838,14.270835,24.59750000000002,2024-04-29
c0065,35.829838,14.270835,,2024-04-30
c0065,35.829838,14.270835,18.710000000000036,2024-05-01
c0065,35.829838,14.270835,32.15196721311477,2024-05-02
c0065,35.829838,14.270835,26.352580645161343,2024-05-03
c0065,35.829838,14.270835,30.0340625,2024-05-04
c0065,35.829838,14.270835,31.0835483870968,2024-05-05
c0065,35.829838,14.270835,28.556349206349243,2024-05-06
c0065,35.829838,14.270835,,2024-05-07
c0065,35.829838,14.270835,,2024-05-08
c0065,35.829838,14.270835,,2024-05-09
c0065,35.829838,14.270835,28.20049180327869,2024-05-10
c0065,35.829838,14.270835,29.499600000000033,2024-05-11
c0065,35.829838,14.270835,,2024-05-12
c0065,35.829838,14.270835,28.138196721311505,2024-05-13
c0065,35.829838,14.270835,32.547704918032835,2024-05-14
c0065,35.829838,14.270835,,2024-05-15
c0065,35.829838,14.270835,26.55000000000001,2024-05-16
c0065,35.829838,14.270835,29.23655737704919,2024-05-17
c0065,35.829838,14.270835,,2024-05-18
c0065,35.829838,14.270835,29.930000000000007,2024-05-19
c0065,35.829838,14.270835,26.323225806451628,2024-05-20
c0065,35.829838,14.270835,27.12525423728815,2024-05-21
c0065,35.829838,14.270835,36.71380952380956,2024-05-22
c0065,35.829838,14.270835,31.39819672131151,2024-05-23
c0065,35.829838,14.270835,33.95483870967745,2024-05-24
c0065,35.829838,14.270835,25.81333333333335,2024-05-25
c0065,35.829838,14.270835,37.22533333333338,2024-05-26
c0065,35.829838,14.270835,35.66357142857147,2024-05-27
c0065,35.829838,14.270835,34.746610169491554,2024-05-28
c0065,35.829838,14.270835,35.60161290322583,2024-05-29
c0065,35.829838,14.270835,24.89625000000003,2024-05-30
c0065,35.829838,14.270835,38.18803278688528,2024-05-31
c0065,35.829838,14.270835,31.13271186440679,2024-06-01
c0065,35.829838,14.270835,,2024-06-02
c0065,35.829838,14.270835,33.38761904761909,2024-06-03
c0065,35.829838,14.270835,,2024-06-04
c0065,35.829838,14.270835,30.384482758620702,2024-06-05
c0065,35.829838,14.270835,34.51721311475412,2024-06-06
c0065,35.829838,14.270835,39.95622950819677,2024-06-07
c0065,35.829838,14.270835,39.72677419354844,2024-06-08
c0065,35.829838,14.270835,28.39163934426232,2024-06-09
c0065,35.829838,14.270835,36.961612903225834,2024-06-10
c0065,35.829838,14.270835,25.130000000000052,2024-06-11
c0065,35.829838,14.270835,27.130000000000052,2024-06-12
c0065,35.829838,14.270835,26.710000000000036,2024-06-13
c0065,35.829838,14.270835,34.36500000000003,2024-06-14
c0065,35.829838,14.270835,39.42580645161294,2024-06-15
c0065,35.829838,14.270835,,2024-06-16
c0065,35.829838,14.270835,42.41440677966106,2024-06-17
c0065,35.829838,14.270835,39.63343750000001,2024-06-18
c0065,35.829838,14.270835,35.68049180327873,2024-06-19
c0065,35.829838,14.270835,38.725483870967786,2024-06-20
c0065,35.829838,14.270835,33.54833333333339,2024-06-21
c0065,35.829838,14.270835,40.17000000000005,2024-06-22
c0065,35.829838,14.270835,34.69878048780492,2024-06-23
c0065,35.829838,14.270835,38.610000000000014,2024-06-24
c0065,35.829838,14.270835,34.00508196721313,2024-06-25
c0065,35.829838,14.270835,34.991290322580696,2024-06-26
c0065,35.829838,14.270835,32.49000000000001,2024-06-27
c0065,35.829838,14.270835,34.31966666666672,2024-06-28
c0065,35.829838,14.270835,40.45786885245906,2024-06-29
c0065,35.829838,14.270835,30.856000000000023,2024-06-30
c0065,35.829838,14.270835,32.21491803278692,2024-07-01
c0065,35.829838,14.270835,,2024-07-02
c0065,35.829838,14.270835,23.903333333333364,2024-07-03
c0065,35.829838,14.270835,31.64074074074077,2024-07-04
c0065,35.829838,14.270835,37.48859649122811,2024-07-05
c0065,35.829838,14.270835,38.39131147540987,2024-07-06
c0065,35.829838,14.270835,32.786507936507945,2024-07-07
c0065,35.829838,14.270835,30.68813953488373,2024-07-08
c0065,35.829838,14.270835,39.199491525423774,2024-07-09
c0065,35.829838,14.270835,39.37412698412702,2024-07-10
c0065,35.829838,14.270835,42.41666666666668,2024-07-11
c0065,35.829838,14.270835,42.13838709677423,2024-07-12
c0065,35.829838,14.270835,40.37698412698413,2024-07-13
c0065,35.829838,14.270835,42.662903225806474,2024-07-14
c0065,35.829838,14.270835,40.94000000000001,2024-07-15
c0065,35.829838,14.270835,43.62258064516132,2024-07-16
c0065,35.829838,14.270835,42.82800000000006,2024-07-17
c0065,35.829838,14.270835,42.82288135593224,2024-07-18
c0065,35.829838,14.270835,44.986393442623,2024-07-19
c0065,35.829838,14.270835,37.46206896551728,2024-07-20
c0065,35.829838,14.270835,43.98619047619052,2024-07-21
c0065,35.829838,14.270835,35.75604651162793,2024-07-22
c0065,35.829838,14.270835,36.23385964912283,2024-07-23
c0065,35.829838,14.270835,40.95548387096777,2024-07-24
c0065,35.829838,14.270835,36.220163934426274,2024-07-25
c0065,35.829838,14.270835,40.920967741935506,2024-07-26
c0065,35.829838,14.270835,38.28220338983055,2024-07-27
c0065,35.829838,14.270835,40.42650793650797,2024-07-28
c0065,35.829838,14.270835,38.65032258064521,2024-07-29
c0065,35.829838,14.270835,38.870714285714335,2024-07-30
c0065,35.829838,14.270835,42.210952380952406,2024-07-31
c0065,35.829838,14.270835,39.43064516129034,2024-08-01
c0065,35.829838,14.270835,42.24619047619049,2024-08-02
c0065,35.829838,14.270835,,2024-08-03
c0065,35.829838,14.270835,35.52278688524595,2024-08-04
c0065,35.829838,14.270835,35.20783783783786,2024-08-05
c0065,35.829838,14.270835,32.52254237288138,2024-08-06
c0065,35.829838,14.270835,,2024-08-07
c0065,35.829838,14.270835,39.48081967213119,2024-08-08
c0065,35.829838,14.270835,39.07068965517245,2024-08-09
c0065,35.829838,14.270835,41.09812500000003,2024-08-10
c0065,35.829838,14.270835,35.0866666666667,2024-08-11
c0065,35.829838,14.270835,41.95163934426234,2024-08-12
c0065,35.829838,14.270835,39.4886885245902,2024-08-13
c0065,35.829838,14.270835,39.92312500000002,2024-08-14
c0065,35.829838,14.270835,42.2851612903226,2024-08-15
c0065,35.829838,14.270835,37.157457627118674,2024-08-16
c0065,35.829838,14.270835,,2024-08-17
c0065,35.829838,14.270835,35.67603773584911,2024-08-18
c0065,35.829838,14.270835,37.317419354838734,2024-08-19
c0065,35.829838,14.270835,33.774186046511666,2024-08-20
c0065,35.829838,14.270835,35.65315789473686,2024-08-21
c0065,35.829838,14.270835,38.04702127659577,2024-08-22
c0065,35.829838,14.270835,32.05913043478263,2024-08-23
c0065,35.829838,14.270835,32.95285714285717,2024-08-24
c0065,35.829838,14.270835,37.477500000000035,2024-08-25
c0065,35.829838,14.270835,36.950000000000045,2024-08-26
c0065,35.829838,14.270835,36.56245901639347,2024-08-27
c0065,35.829838,14.270835,,2024-08-28
c0065,35.829838,14.270835,36.08240000000004,2024-08-29
c0065,35.829838,14.270835,31.546000000000035,2024-08-30
c0065,35.829838,14.270835,35.705932203389835,2024-08-31
c0065,35.829838,14.270835,33.42636363636364,2024-09-01
c0065,35.829838,14.270835,31.415806451612937,2024-09-02
c0065,35.829838,14.270835,33.04666666666668,2024-09-03
c0065,35.829838,14.270835,34.459166666666704,2024-09-04
c0065,35.829838,14.270835,34.383617021276635,2024-09-05
c0065,35.829838,14.270835,37.921803278688536,2024-09-06
c0065,35.829838,14.270835,30.064426229508214,2024-09-07
c0065,35.829838,14.270835,37.3696666666667,2024-09-08
c0065,35.829838,14.270835,28.59733333333336,2024-09-09
c0065,35.829838,14.270835,28.496666666666695,2024-09-10
c0065,35.829838,14.270835,34.61095238095239,2024-09-11
c0065,35.829838,14.270835,30.440769230769273,2024-09-12
c0065,35.829838,14.270835,24.560000000000016,2024-09-13
c0065,35.829838,14.270835,26.090000000000032,2024-09-14
c0065,35.829838,14.270835,32.95500000000002,2024-09-15
c0065,35.829838,14.270835,31.87125000000004,2024-09-16
c0065,35.829838,14.270835,,2024-09-17
c0065,35.829838,14.270835,21.266923076923096,2024-09-18
c0065,35.829838,14.270835,24.63594594594598,2024-09-19
c0065,35.829838,14.270835,,2024-09-20
c0065,35.829838,14.270835,28.149677419354855,2024-09-21
c0065,35.829838,14.270835,,2024-09-22
c0065,35.829838,14.270835,,2024-09-23
c0065,35.829838,14.270835,25.607142857142875,2024-09-24
c0065,35.829838,14.270835,30.73468750000004,2024-09-25
c0065,35.829838,14.270835,28.198387096774223,2024-09-26
c0065,35.829838,14.270835,32.04460317460322,2024-09-27
c0065,35.829838,14.270835,33.82206349206352,2024-09-28
c0065,35.829838,14.270835,28.78822222222224,2024-09-29
c0065,35.829838,14.270835,29.32600000000004,2024-09-30
c0065,35.829838,14.270835,29.149661016949203,2024-10-01
c0065,35.829838,14.270835,30.74254237288139,2024-10-02
c0065,35.829838,14.270835,31.844893617021302,2024-10-03
c0065,35.829838,14.270835,,2024-10-04
c0065,35.829838,14.270835,31.733809523809548,2024-10-05
c0065,35.829838,14.270835,26.892592592592617,2024-10-06
c0065,35.829838,14.270835,31.610983606557404,2024-10-07
c0065,35.829838,14.270835,30.9742105263158,2024-10-08
c0065,35.829838,14.270835,,2024-10-09
c0065,35.829838,14.270835,30.187666666666697,2024-10-10
c0065,35.829838,14.270835,27.685000000000016,2024-10-11
c0065,35.829838,14.270835,31.191016949152555,2024-10-12
c0065,35.829838,14.270835,29.916774193548424,2024-10-13
c0065,35.829838,14.270835,29.737083333333377,2024-10-14
c0065,35.829838,14.270835,30.30344262295086,2024-10-15
c0065,35.829838,14.270835,22.81,2024-10-16
c0065,35.829838,14.270835,28.44396226415096,2024-10-17
c0065,35.829838,14.270835,25.590000000000032,2024-10-18
c0065,35.829838,14.270835,,2024-10-19
c0065,35.829838,14.270835,24.44523809523811,2024-10-20
c0065,35.829838,14.270835,24.27500000000004,2024-10-21
c0065,35.829838,14.270835,,2024-10-22
c0065,35.829838,14.270835,24.670000000000027,2024-10-23
c0065,35.829838,14.270835,,2024-10-24
c0065,35.829838,14.270835,26.02640000000003,2024-10-25
c0065,35.829838,14.270835,,2024-10-26
c0065,35.829838,14.270835,27.582542372881385,2024-10-27
c0065,35.829838,14.270835,19.950000000000045,2024-10-28
c0065,35.829838,14.270835,26.375714285714295,2024-10-29
c0065,35.829838,14.270835,24.760357142857192,2024-10-30
c0065,35.829838,14.270835,,2024-10-31
c0065,35.829838,14.270835,26.82366666666669,2024-11-01
c0065,35.829838,14.270835,24.113478260869616,2024-11-02
c0065,35.829838,14.270835,22.78833333333335,2024-11-03
c0065,35.829838,14.270835,23.246315789473723,2024-11-04
c0065,35.829838,14.270835,23.304054054054077,2024-11-05
c0065,35.829838,14.270835,25.91666666666669,2024-11-06
c0065,35.829838,14.270835,,2024-11-07
c0065,35.829838,14.270835,,2024-11-08
c0065,35.829838,14.270835,14.970000000000027,2024-11-09
c0065,35.829838,14.270835,,2024-11-10
c0065,35.829838,14.270835,,2024-11-11
c0065,35.829838,14.270835,,2024-11-12
c0065,35.829838,14.270835,18.661666666666697,2024-11-13
c0065,35.829838,14.270835,21.022812500000036,2024-11-14
c0065,35.829838,14.270835,15.29000000000002,2024-11-15
c0065,35.829838,14.270835,18.73366666666669,2024-11-16
c0065,35.829838,14.270835,,2024-11-17
c0065,35.829838,14.270835,21.712083333333357,2024-11-18
c0065,35.829838,14.270835,19.39666666666669,2024-11-19
c0065,35.829838,14.270835,20.301666666666705,2024-11-20
c0065,35.829838,14.270835,,2024-11-21
c0065,35.829838,14.270835,20.15000000000003,2024-11-22
c0065,35.829838,14.270835,19.569649122807075,2024-11-23
c0065,35.829838,14.270835,19.219354838709695,2024-11-24
c0065,35.829838,14.270835,19.309111111111154,2024-11-25
c0065,35.829838,14.270835,20.782380952380976,2024-11-26
c0065,35.829838,14.270835,,2024-11-27
c0065,35.829838,14.270835,20.171612903225853,2024-11-28
c0065,35.829838,14.270835,17.486500000000046,2024-11-29
c0065,35.829838,14.270835,16.342156862745135,2024-11-30
c0065,35.829838,14.270835,10.950000000000044,2024-12-01
c0065,35.829838,14.270835,,2024-12-02
c0065,35.829838,14.270835,16.250800000000027,2024-12-03
c0065,35.829838,14.270835,14.71881355932205,2024-12-04
c0065,35.829838,14.270835,7.490000000000009,2024-12-05
c0065,35.829838,14.270835,15.322941176470598,2024-12-06
c0065,35.829838,14.270835,,2024-12-07
c0065,35.829838,14.270835,9.230000000000018,2024-12-08
c0065,35.829838,14.270835,10.883571428571477,2024-12-09
c0065,35.829838,14.270835,15.930000000000009,2024-12-10
c0065,35.829838,14.270835,12.19400000000005,2024-12-11
c0065,35.829838,14.270835,14.990000000000007,2024-12-12
c0065,35.829838,14.270835,17.770967741935518,2024-12-13
c0065,35.829838,14.270835,,2024-12-14
c0065,35.829838,14.270835,,2024-12-15
c0065,35.829838,14.270835,14.07000000000005,2024-12-16
c0065,35.829838,14.270835,13.78688888888893,2024-12-17
c0065,35.829838,14.270835,16.31952380952386,2024-12-18
c0065,35.829838,14.270835,,2024-12-19
c0065,35.829838,14.270835,12.610000000000014,2024-12-20
c0065,35.829838,14.270835,14.007857142857189,2024-12-21
c0065,35.829838,14.270835,12.923333333333346,2024-12-22
c0065,35.829838,14.270835,,2024-12-23
c0065,35.829838,14.270835,6.230000000000018,2024-12-24
c0065,35.829838,14.270835,10.888688524590204,2024-12-25
c0065,35.829838,14.270835,11.605932203389848,2024-12-26
c0065,35.829838,14.270835,13.56096774193551,2024-12-27
c0065,35.829838,14.270835,14.837619047619087,2024-12-28
c0065,35.829838,14.270835,12.190000000000056,2024-12-29
c0065,35.829838,14.270835,14.906507936507944,2024-12-30
c0065,35.829838,14.270835,13.911000000000046,2024-12-31
c0065,35.829838,14.270835,14.345555555555569,2025-01-01
c0065,35.829838,14.270835,9.590000000000032,2025-01-02
c0065,35.829838,14.270835,,2025-01-03
c0065,35.829838,14.270835,,2025-01-04
c0065,35.829838,14.270835,14.531290322580697,2025-01-05
c0065,35.829838,14.270835,9.610000000000014,2025-01-06
c0065,35.829838,14.270835,,2025-01-07
c0065,35.829838,14.270835,14.99600000000001,2025-01-08
c0065,35.829838,14.270835,16.02322580645162,2025-01-09
c0065,35.829838,14.270835,14.78387096774195,2025-01-10
c0065,35.829838,14.270835,16.390000000000043,2025-01-11
c0065,35.829838,14.270835,10.622000000000012,2025-01-12
c0065,35.829838,14.270835,10.490000000000007,2025-01-13
c0065,35.829838,14.270835,14.730000000000018,2025-01-14
c0065,35.829838,14.270835,,2025-01-15
c0065,35.829838,14.270835,14.19516129032262,2025-01-16
c0065,35.829838,14.270835,,2025-01-17
c0065,35.829838,14.270835,13.704222222222237,2025-01-18
c0065,35.829838,14.270835,15.190000000000056,2025-01-19
c0065,35.829838,14.270835,13.630000000000052,2025-01-20
c0065,35.829838,14.270835,15.32517241379311,2025-01-21
c0065,35.829838,14.270835,16.31258064516134,2025-01-22
c0065,35.829838,14.270835,,2025-01-23
c0065,35.829838,14.270835,16.795423728813567,2025-01-24
c0065,35.829838,14.270835,15.29000000000002,2025-01-25
c0065,35.829838,14.270835,14.390000000000043,2025-01-26
c0065,35.829838,14.270835,17.35548387096776,2025-01-27
c0065,35.829838,14.270835,15.955853658536618,2025-01-28
c0065,35.829838,14.270835,,2025-01-29
c0065,35.829838,14.270835,14.256486486486512,2025-01-30
c0065,35.829838,14.270835,16.91440677966107,2025-01-31
c0065,35.829838,14.270835,10.35733333333337,2025-02-01
c0065,35.829838,14.270835,13.02333333333335,2025-02-02
c0065,35.829838,14.270835,11.522142857142894,2025-02-03
c0065,35.829838,14.270835,14.37448979591838,2025-02-04
c0065,35.829838,14.270835,14.583333333333348,2025-02-05
c0065,35.829838,14.270835,13.170701754386016,2025-02-06
c0065,35.829838,14.270835,15.250000000000057,2025-02-07
c0065,35.829838,14.270835,,2025-02-08
c0065,35.829838,14.270835,,2025-02-09
c0065,35.829838,14.270835,11.190000000000056,2025-02-10
c0065,35.829838,14.270835,11.790000000000022,2025-02-11
c0065,35.829838,14.270835,11.56363636363639,2025-02-12
c0065,35.829838,14.270835,12.35419354838712,2025-02-13
c0065,35.829838,14.270835,16.471568627451028,2025-02-14
c0065,35.829838,14.270835,14.490000000000007,2025-02-15
c0065,35.829838,14.270835,12.798846153846172,2025-02-16
c0065,35.829838,14.270835,16.86200000000001,2025-02-17
c0065,35.829838,14.270835,15.764827586206934,2025-02-18
c0065,35.829838,14.270835,15.53000000000003,2025-02-19
c0065,35.829838,14.270835,,2025-02-20
c0065,35.829838,14.270835,10.356000000000018,2025-02-21
c0065,35.829838,14.270835,15.535333333333368,2025-02-22
c0065,35.829838,14.270835,14.87262295081972,2025-02-23
c0065,35.829838,14.270835,12.815306122449,2025-02-24
c0065,35.829838,14.270835,16.157586206896564,2025-02-25
c0065,35.829838,14.270835,,2025-02-26
c0065,35.829838,14.270835,10.780000000000026,2025-02-27
c0065,35.829838,14.270835,16.805932203389858,2025-02-28
c0065,35.829838,14.270835,18.000000000000043,2025-03-01
c0065,35.829838,14.270835,,2025-03-02
c0065,35.829838,14.270835,,2025-03-03
c0065,35.829838,14.270835,15.043333333333354,2025-03-04
c0065,35.829838,14.270835,12.772500000000004,2025-03-05
c0065,35.829838,14.270835,,2025-03-06
c0065,35.829838,14.270835,,2025-03-07
c0065,35.829838,14.270835,16.085238095238136,2025-03-08
c0065,35.829838,14.270835,18.277857142857183,2025-03-09
c0065,35.829838,14.270835,15.730000000000018,2025-03-10
c0065,35.829838,14.270835,19.13235294117648,2025-03-11
c0065,35.829838,14.270835,,2025-03-12
c0065,35.829838,14.270835,18.90777777777783,2025-03-13
c0065,35.829838,14.270835,19.836229508196777,2025-03-14
c0065,35.829838,14.270835,22.350983606557424,2025-03-15
c0065,35.829838,14.270835,19.57528301886794,2025-03-16
c0065,35.829838,14.270835,20.42639344262297,2025-03-17
c0065,35.829838,14.270835,,2025-03-18
c0065,35.829838,14.270835,16.163913043478296,2025-03-19
c0065,35.829838,14.270835,17.481612903225827,2025-03-20
c0065,35.829838,14.270835,17.980555555555583,2025-03-21
c0065,35.829838,14.270835,18.53131147540985,2025-03-22
c0065,35.829838,14.270835,,2025-03-23
c0065,35.829838,14.270835,,2025-03-24
c0065,35.829838,14.270835,,2025-03-25
c0065,35.829838,14.270835,,2025-03-26
c0065,35.829838,14.270835,10.94589743589749,2025-03-27
c0065,35.829838,14.270835,14.92142857142862,2025-03-28
c0065,35.829838,14.270835,16.650350877193,2025-03-29
c0065,35.829838,14.270835,,2025-03-30
c0065,35.829838,14.270835,19.172456140350903,2025-03-31
c0065,35.829838,14.270835,15.87964285714291,2025-04-01
c0065,35.829838,14.270835,18.370465116279092,2025-04-02
c0065,35.829838,14.270835,19.592142857142896,2025-04-03
c0065,35.829838,14.270835,13.186981132075497,2025-04-04
c0065,35.829838,14.270835,21.317169811320777,2025-04-05
c0065,35.829838,14.270835,17.43915254237293,2025-04-06
c0065,35.829838,14.270835,15.33000000000004,2025-04-07
c0065,35.829838,14.270835,19.69607142857148,2025-04-08
c0065,35.829838,14.270835,18.749016393442645,2025-04-09
c0065,35.829838,14.270835,20.883076923076967,2025-04-10
c0065,35.829838,14.270835,22.18368421052637,2025-04-11
c0065,35.829838,14.270835,22.844222222222257,2025-04-12
c0065,35.829838,14.270835,20.058524590163984,2025-04-13
c0065,35.829838,14.270835,,2025-04-14
c0065,35.829838,14.270835,21.304482758620704,2025-04-15
c0065,35.829838,14.270835,,2025-04-16
c0065,35.829838,14.270835,21.926491228070187,2025-04-17
c0065,35.829838,14.270835,21.52619047619051,2025-04-18
c0065,35.829838,14.270835,24.327704918032826,2025-04-19
c0065,35.829838,14.270835,27.396031746031767,2025-04-20
c0065,35.829838,14.270835,,2025-04-21
c0065,35.829838,14.270835,25.04076923076926,2025-04-22
c0065,35.829838,14.270835,18.867142857142905,2025-04-23
c0065,35.829838,14.270835,16.470000000000027,2025-04-24
c0065,35.829838,14.270835,25.858571428571448,2025-04-25
c0065,35.829838,14.270835,21.139302325581408,2025-04-26
c0065,35.829838,14.270835,26.615531914893655,2025-04-27
c0065,35.829838,14.270835,,2025-04-28
c0065,35.829838,14.270835,19.920000000000016,2025-04-29
c0065,35.829838,14.270835,29.661428571428612,2025-04-30
c0065,35.829838,14.270835,28.574516129032293,2025-05-01
c0065,35.829838,14.270835,31.63857142857147,2025-05-02
c0065,35.829838,14.270835,31.792539682539708,2025-05-03
c0065,35.829838,14.270835,18.370000000000005,2025-05-04
c0065,35.829838,14.270835,26.73842105263161,2025-05-05
c0065,35.829838,14.270835,21.48500000000004,2025-05-06
c0065,35.829838,14.270835,,2025-05-07
c0065,35.829838,14.270835,30.609682539682577,2025-05-08
c0065,35.829838,14.270835,24.15000000000003,2025-05-09
c0065,35.829838,14.270835,27.723650793650812,2025-05-10
c0065,35.829838,14.270835,15.890000000000043,2025-05-11
c0065,35.829838,14.270835,,2025-05-12
c0065,35.829838,14.270835,30.372903225806457,2025-05-13
c0065,35.829838,14.270835,28.022786885245953,2025-05-14
c0065,35.829838,14.270835,19.470869565217416,2025-05-15
c0065,35.829838,14.270835,20.693673469387768,2025-05-16
c0065,35.829838,14.270835,24.503617021276643,2025-05-17
c0065,35.829838,14.270835,28.122068965517272,2025-05-18
c0065,35.829838,14.270835,26.909677419354885,2025-05-19
c0065,35.829838,14.270835,31.855714285714335,2025-05-20
c0065,35.829838,14.270835,27.659285714285755,2025-05-21
c0065,35.829838,14.270835,22.99000000000001,2025-05-22
c0065,35.829838,14.270835,29.22566666666672,2025-05-23
c0065,35.829838,14.270835,,2025-05-24
c0065,35.829838,14.270835,28.09290322580649,2025-05-25
c0065,35.829838,14.270835,30.685254237288177,2025-05-26
c0065,35.829838,14.270835,32.28803278688529,2025-05-27
c0065,35.829838,14.270835,30.496896551724177,2025-05-28
c0065,35.829838,14.270835,26.5187719298246,2025-05-29
c0065,35.829838,14.270835,33.29709677419357,2025-05-30
c0065,35.829838,14.270835,28.69930232558144,2025-05-31
c0065,35.829838,14.270835,34.14312500000001,2025-06-01
c0065,35.829838,14.270835,33.71819672131149,2025-06-02
c0065,35.829838,14.270835,31.392539682539727,2025-06-03
c0065,35.829838,14.270835,34.17800000000001,2025-06-04
c0065,35.829838,14.270835,29.171612903225817,2025-06-05
c0065,35.829838,14.270835,38.17163934426235,2025-06-06
c0065,35.829838,14.270835,36.54354838709683,2025-06-07
c0065,35.829838,14.270835,36.562131147540995,2025-06-08
c0065,35.829838,14.270835,39.23655737704922,2025-06-09
c0065,35.829838,14.270835,35.23666666666669,2025-06-10
c0065,35.829838,14.270835,38.00032258064518,2025-06-11
c0065,35.829838,14.270835,37.13983050847458,2025-06-12
c0065,35.829838,14.270835,37.1235483870968,2025-06-13
c0065,35.829838,14.270835,38.957868852459065,2025-06-14
c0065,35.829838,14.270835,35.19950819672136,2025-06-15
c0065,35.829838,14.270835,39.74838709677421,2025-06-16
c0065,35.829838,14.270835,35.294347826086984,2025-06-17
c0065,35.829838,14.270835,34.75350877192986,2025-06-18
c0065,35.829838,14.270835,35.22333333333337,2025-06-19
c0065,35.829838,14.270835,28.31000000000003,2025-06-20
c0065,35.829838,14.270835,37.3246666666667,2025-06-21
c0065,35.829838,14.270835,37.38122807017547,2025-06-22
c0065,35.829838,14.270835,36.07095238095243,2025-06-23
c0065,35.829838,14.270835,,2025-06-24
c0065,35.829838,14.270835,35.99131147540987,2025-06-25
c0065,35.829838,14.270835,40.70233333333336,2025-06-26
c0065,35.829838,14.270835,39.23779661016951,2025-06-27
c0065,35.829838,14.270835,38.79896551724141,2025-06-28
c0065,35.829838,14.270835,39.32841269841271,2025-06-29
c0065,35.829838,14.270835,34.451967213114806,2025-06-30
c0065,35.829838,14.270835,41.53516129032264,2025-07-01
c0065,35.829838,14.270835,38.37833333333335,2025-07-02
c0065,35.829838,14.270835,39.16968253968256,2025-07-03
c0065,35.829838,14.270835,40.586721311475415,2025-07-04
c0065,35.829838,14.270835,37.22100000000003,2025-07-05
c0065,35.829838,14.270835,40.86606557377053,2025-07-06
c0065,35.829838,14.270835,37.418524590163955,2025-07-07
c0065,35.829838,14.270835,37.63033333333335,2025-07-08
c0065,35.829838,14.270835,35.20500000000005,2025-07-09
c0065,35.829838,14.270835,34.12966666666671,2025-07-10
c0065,35.829838,14.270835,34.98967741935488,2025-07-11
c0065,35.829838,14.270835,35.638620689655205,2025-07-12
c0065,35.829838,14.270835,36.71881355932205,2025-07-13
c0065,35.829838,14.270835,37.56904761904763,2025-07-14
c0065,35.829838,14.270835,34.45000000000004,2025-07-15
c0065,35.829838,14.270835,41.19634920634922,2025-07-16
c0065,35.829838,14.270835,34.66160000000001,2025-07-17
c0065,35.829838,14.270835,37.458524590163954,2025-07-18
c0065,35.829838,14.270835,36.478709677419396,2025-07-19
c0065,35.829838,14.270835,35.25000000000005,2025-07-20
c0065,35.829838,14.270835,38.22290322580648,2025-07-21
c0065,35.829838,14.270835,38.17650000000002,2025-07-22
c0065,35.829838,14.270835,,2025-07-23
c0065,35.829838,14.270835,41.06309090909093,2025-07-24
c0065,35.829838,14.270835,36.882580645161305,2025-07-25
c0065,35.829838,14.270835,37.70174603174607,2025-07-26
c0065,35.829838,14.270835,34.1870491803279,2025-07-27
c0065,35.829838,14.270835,31.190000000000055,2025-07-28
c0065,35.829838,14.270835,34.12809523809528,2025-07-29
c0065,35.829838,14.270835,28.7218367346939,2025-07-30
c0065,35.829838,14.270835,36.8566666666667,2025-07-31
c0065,35.829838,14.270835,35.17317460317465,2025-08-01
c0065,35.829838,14.270835,28.770800000000033,2025-08-02
c0065,35.829838,14.270835,37.38311475409838,2025-08-03
c0065,35.829838,14.270835,33.73000000000003,2025-08-04
c0065,35.829838,14.270835,29.510000000000048,2025-08-05
c0065,35.829838,14.270835,34.13838709677424,2025-08-06
c0065,35.829838,14.270835,37.666666666666714,2025-08-07
c0065,35.829838,14.270835,37.15190476190479,2025-08-08
c0065,35.829838,14.270835,34.44516129032262,2025-08-09
c0065,35.829838,14.270835,40.3977419354839,2025-08-10
c0065,35.829838,14.270835,36.44894736842111,2025-08-11
c0065,35.829838,14.270835,38.58111111111113,2025-08-12
c0065,35.829838,14.270835,38.03131147540985,2025-08-13
c0065,35.829838,14.270835,35.40741935483873,2025-08-14
c0065,35.829838,14.270835,38.28428571428576,2025-08-15
c0065,35.829838,14.270835,30.705000000000027,2025-08-16
c0065,35.829838,14.270835,31.144074074074094,2025-08-17
c0065,35.829838,14.270835,33.872622950819725,2025-08-18
c0065,35.829838,14.270835,30.380967741935525,2025-08-19
c0065,35.829838,14.270835,35.562380952381,2025-08-20
c0065,35.829838,14.270835,28.93075471698118,2025-08-21
c0065,35.829838,14.270835,33.625483870967756,2025-08-22
c0065,35.829838,14.270835,33.55774193548392,2025-08-23
c0065,35.829838,14.270835,34.952413793103474,2025-08-24
c0065,35.829838,14.270835,35.9956666666667,2025-08-25
c0065,35.829838,14.270835,30.54794871794876,2025-08-26
c0065,35.829838,14.270835,34.89075471698114,2025-08-27
c0065,35.829838,14.270835,30.707241379310403,2025-08-28
c0065,35.829838,14.270835,26.390000000000043,2025-08-29
c0065,35.829838,14.270835,31.565294117647102,2025-08-30
c0065,35.829838,14.270835,34.415396825396826,2025-08-31
c0065,35.829838,14.270835,36.78180327868854,2025-09-01
c0065,35.829838,14.270835,34.58868852459017,2025-09-02
c0065,35.829838,14.270835,32.05000000000001,2025-09-03
c0065,35.829838,14.270835,32.100163934426256,2025-09-04
c0065,35.829838,14.270835,30.666500000000017,2025-09-05
c0065,35.829838,14.270835,36.45906250000005,2025-09-06
c0065,35.829838,14.270835,34.73857142857146,2025-09-07
c0065,35.829838,14.270835,32.79100000000001,2025-09-08
c0065,35.829838,14.270835,33.590754716981145,2025-09-09
c0065,35.829838,14.270835,29.644426229508223,2025-09-10
c0065,35.829838,14.270835,29.2958823529412,2025-09-11
c0065,35.829838,14.270835,31.528333333333357,2025-09-12
c0065,35.829838,14.270835,32.14766666666668,2025-09-13
c0065,35.829838,14.270835,35.04433333333336,2025-09-14
c0065,35.829838,14.270835,26.98620689655176,2025-09-15
c0065,35.829838,14.270835,33.78728813559327,2025-09-16
c0065,35.829838,14.270835,34.16968750000002,2025-09-17
c0065,35.829838,14.270835,30.97000000000005,2025-09-18
c0065,35.829838,14.270835,31.561612903225846,2025-09-19
c0065,35.829838,14.270835,26.06192982456145,2025-09-20
c0065,35.829838,14.270835,32.96365079365081,2025-09-21
c0065,35.829838,14.270835,32.30213114754103,2025-09-22
c0065,35.829838,14.270835,31.368857142857177,2025-09-23
c0065,35.829838,14.270835,30.77000000000004,2025-09-24
c0065,35.829838,14.270835,29.83698412698414,2025-09-25
c0065,35.829838,14.270835,,2025-09-26
c0065,35.829838,14.270835,24.190000000000055,2025-09-27
c0065,35.829838,14.270835,26.028113207547204,2025-09-28
c0065,35.829838,14.270835,24.351666666666706,2025-09-29
c0065,35.829838,14.270835,23.17175438596496,2025-09-30
c0065,35.829838,14.270835,,2025-10-01
c0065,35.829838,14.270835,23.92032258064521,2025-10-02
c0065,35.829838,14.270835,23.19636363636367,2025-10-03
c0065,35.829838,14.270835,24.73145454545458,2025-10-04
c0065,35.829838,14.270835,18.34016393442629,2025-10-05
c0065,35.829838,14.270835,26.510727272727294,2025-10-06
c0065,35.829838,14.270835,25.95280701754391,2025-10-07
c0065,35.829838,14.270835,25.74407407407412,2025-10-08
c0065,35.829838,14.270835,28.289344262295124,2025-10-09
c0065,35.829838,14.270835,25.44180327868854,2025-10-10
c0065,35.829838,14.270835,27.84000000000002,2025-10-11
c0065,35.829838,14.270835,,2025-10-12
c0065,35.829838,14.270835,17.83000000000004,2025-10-13
c0065,35.829838,14.270835,21.300000000000026,2025-10-14
c0065,35.829838,14.270835,19.670000000000016,2025-10-15
c0065,35.829838,14.270835,24.537096774193586,2025-10-16
c0065,35.829838,14.270835,23.48966101694918,2025-10-17
c0065,35.829838,14.270835,22.870000000000005,2025-10-18
c0065,35.829838,14.270835,21.51444444444449,2025-10-19
c0065,35.829838,14.270835,19.650000000000045,2025-10-20
c0065,35.829838,14.270835,23.478888888888935,2025-10-21
c0065,35.829838,14.270835,20.390000000000043,2025-10-22
c0065,35.829838,14.270835,22.82176470588237,2025-10-23
c0065,35.829838,14.270835,25.651250000000015,2025-10-24
c0065,35.829838,14.270835,22.68333333333336,2025-10-25
c0065,35.829838,14.270835,26.673492063492105,2025-10-26
c0065,35.829838,14.270835,18.924074074074085,2025-10-27
c0065,35.829838,14.270835,23.07000000000005,2025-10-28
c0065,35.829838,14.270835,22.488947368421083,2025-10-29
c0065,35.829838,14.270835,,2025-10-30
c0065,35.829838,14.270835,19.850000000000023,2025-10-31
c0065,35.829838,14.270835,23.170000000000016,2025-11-01
c0065,35.829838,14.270835,19.49000000000001,2025-11-02
c0065,35.829838,14.270835,24.49761904761908,2025-11-03
c0065,35.829838,14.270835,17.730000000000018,2025-11-04
c0065,35.829838,14.270835,19.330000000000027,2025-11-05
c0065,35.829838,14.270835,21.420526315789484,2025-11-06
c0065,35.829838,14.270835,,2025-11-07
c0065,35.829838,14.270835,19.03000000000003,2025-11-08
c0065,35.829838,14.270835,20.430000000000007,2025-11-09
c0065,35.829838,14.270835,20.002000000000013,2025-11-10
c0065,35.829838,14.270835,20.295000000000012,2025-11-11
c0065,35.829838,14.270835,20.346571428571476,2025-11-12
c0065,35.829838,14.270835,19.813396226415115,2025-11-13
c0065,35.829838,14.270835,19.81,2025-11-14
c0065,35.829838,14.270835,19.39666666666669,2025-11-15
c0065,35.829838,14.270835,22.727586206896586,2025-11-16
c0065,35.829838,14.270835,22.387894736842117,2025-11-17
c0065,35.829838,14.270835,,2025-11-18
c0065,35.829838,14.270835,,2025-11-19
c0065,35.829838,14.270835,18.253076923076943,2025-11-20
c0065,35.829838,14.270835,19.73295081967218,2025-11-21
c0065,35.829838,14.270835,13.910000000000023,2025-11-22
c0065,35.829838,14.270835,14.136666666666695,2025-11-23
c0065,35.829838,14.270835,16.128000000000046,2025-11-24
c0065,35.829838,14.270835,18.29000000000002,2025-11-25
c0065,35.829838,14.270835,,2025-11-26
c0065,35.829838,14.270835,11.11117647058824,2025-11-27
c0065,35.829838,14.270835,,2025-11-28
c0065,35.829838,14.270835,13.210000000000036,2025-11-29
c0065,35.829838,14.270835,14.780000000000015,2025-11-30
c0065,35.829838,14.270835,15.62967741935486,2025-12-01
c0065,35.829838,14.270835,16.344347826086995,2025-12-02
c0065,35.829838,14.270835,,2025-12-03
c0065,35.829838,14.270835,,2025-12-04
c0065,35.829838,14.270835,,2025-12-05
c0065,35.829838,14.270835,15.037586206896584,2025-12-06
c0065,35.829838,14.270835,,2025-12-07
c0065,35.829838,14.270835,15.892857142857167,2025-12-08
c0065,35.829838,14.270835,,2025-12-09
c0065,35.829838,14.270835,16.08800000000003,2025-12-10
c0065,35.829838,14.270835,15.032264150943444,2025-12-11
c0065,35.829838,14.270835,9.651935483871014,2025-12-12
c0065,35.829838,14.270835,15.942580645161335,2025-12-13
c0065,35.829838,14.270835,,2025-12-14
c0065,35.829838,14.270835,13.800370370370398,2025-12-15
c0065,35.829838,14.270835,,2025-12-16
c0065,35.829838,14.270835,16.227333333333352,2025-12-17
c0065,35.829838,14.270835,17.30000000000001,2025-12-18
c0065,35.829838,14.270835,,2025-12-19
c0065,35.829838,14.270835,,2025-12-20
c0065,35.829838,14.270835,,2025-12-21
c0065,35.829838,14.270835,14.731153846153866,2025-12-22
c0065,35.829838,14.270835,15.09126984126987,2025-12-23
c0065,35.829838,14.270835,,2025-12-24
c0065,35.829838,14.270835,13.952857142857187,2025-12-25
c0065,35.829838,14.270835,12.1737735849057,2025-12-26
c0065,35.829838,14.270835,9.370000000000005,2025-12-27
c0065,35.829838,14.270835,14.73063492063496,2025-12-28
c0065,35.829838,14.270835,,2025-12-29
c0065,35.829838,14.270835,13.420370370370405,2025-12-30
