NDBI,cell_id,cloud_pct,lat_center,lon_center,date
-0.5977517036468847,c0004,44.68705368041992,41.201023,14.597409,2019-01-03
-0.1741589990211532,c0004,86.70588684082031,41.201023,14.597409,2019-01-08
-0.4192237195073229,c0004,97.64938354492188,41.201023,14.597409,2019-01-13
-0.2077570149791563,c0004,80.91097259521484,41.201023,14.597409,2019-01-18
-0.1011876178605983,c0004,76.15276336669922,41.201023,14.597409,2019-01-23
-0.1870114424238989,c0004,60.205909729003906,41.201023,14.597409,2019-01-28
-0.3375366790053987,c0004,94.0199966430664,41.201023,14.597409,2019-02-02
-0.0058075720938023,c0004,0.0039980001747608,41.201023,14.597409,2019-02-07
-0.0756388765539943,c0004,37.17738723754883,41.201023,14.597409,2019-02-12
-0.025319279724578,c0004,0.1636189967393875,41.201023,14.597409,2019-02-17
-0.003732273366373,c0004,26.645837783813477,41.201023,14.597409,2019-02-22
-0.1562890172775548,c0004,12.36307144165039,41.201023,14.597409,2019-02-27
-0.02165574233022,c0004,35.78618240356445,41.201023,14.597409,2019-03-04
-0.0300775862400662,c0004,9.769418716430664,41.201023,14.597409,2019-03-09
-0.3124284108858299,c0004,59.21657180786133,41.201023,14.597409,2019-03-14
,c0004,33.449581146240234,41.201023,14.597409,2019-03-17
-0.1153300138776153,c0004,21.092111587524418,41.201023,14.597409,2019-03-19
-0.0471347156227314,c0004,0.0018710000440478,41.201023,14.597409,2019-03-24
-0.0493703505754568,c0004,6.0144548416137695,41.201023,14.597409,2019-03-29
-0.0943831299971643,c0004,79.7729721069336,41.201023,14.597409,2019-04-03
-0.460549007026281,c0004,68.76549530029297,41.201023,14.597409,2019-04-08
-0.1785437459829743,c0004,72.80828857421875,41.201023,14.597409,2019-04-13
-0.2201907182872099,c0004,0.9326980113983154,41.201023,14.597409,2019-04-18
-0.1816204129203856,c0004,78.7128677368164,41.201023,14.597409,2019-04-23
-0.3267504830684657,c0004,78.2280502319336,41.201023,14.597409,2019-04-28
-0.3459239079168029,c0004,67.92204284667969,41.201023,14.597409,2019-05-03
-0.3457811259443661,c0004,33.73811721801758,41.201023,14.597409,2019-05-08
-0.3075401835334026,c0004,51.5142936706543,41.201023,14.597409,2019-05-13
-0.1374741668411035,c0004,91.22108459472656,41.201023,14.597409,2019-05-18
-0.3796509175883589,c0004,35.1319465637207,41.201023,14.597409,2019-05-23
-0.1859395708994757,c0004,55.093563079833984,41.201023,14.597409,2019-05-28
-0.2097118868185289,c0004,34.52062225341797,41.201023,14.597409,2019-06-02
-0.3301417565076721,c0004,0.0021629999391734,41.201023,14.597409,2019-06-07
-0.3355175573724114,c0004,0.0036790000740438,41.201023,14.597409,2019-06-12
-0.3371143978816,c0004,0.9007099866867065,41.201023,14.597409,2019-06-17
-0.3617290491008241,c0004,94.4516372680664,41.201023,14.597409,2019-06-22
-0.2945241134780481,c0004,4.824005126953125,41.201023,14.597409,2019-06-27
,c0004,0.6577399969100952,41.201023,14.597409,2019-06-30
-0.3037821429101692,c0004,0.040327999740839,41.201023,14.597409,2019-07-02
-0.281398120916036,c0004,29.933998107910156,41.201023,14.597409,2019-07-07
-0.2611179907323452,c0004,34.5289192199707,41.201023,14.597409,2019-07-12
-0.2802339393600116,c0004,7.389512062072754,41.201023,14.597409,2019-07-17
-0.2669281629370897,c0004,0.4070619940757751,41.201023,14.597409,2019-07-22
-0.2558321133979896,c0004,21.956531524658203,41.201023,14.597409,2019-07-27
-0.2915820795186766,c0004,1.6661590337753296,41.201023,14.597409,2019-08-01
-0.2682451398351863,c0004,0.0278229992836713,41.201023,14.597409,2019-08-06
-0.2560000204194544,c0004,0.0548840016126632,41.201023,14.597409,2019-08-11
-0.2508469209235112,c0004,8.680356979370117,41.201023,14.597409,2019-08-16
-0.2422641146744181,c0004,0.9119349718093872,41.201023,14.597409,2019-08-21
-0.2718503349002305,c0004,1.6569160223007202,41.201023,14.597409,2019-08-26
-0.2260091278856436,c0004,24.827978134155273,41.201023,14.597409,2019-08-31
-0.2699079086696626,c0004,0.6748980283737183,41.201023,14.597409,2019-09-05
-0.3571480221465437,c0004,43.880348205566406,41.201023,14.597409,2019-09-10
,c0004,0.2980070114135742,41.201023,14.597409,2019-09-13
-0.2873069447322765,c0004,46.87245178222656,41.201023,14.597409,2019-09-15
-0.2880019037696587,c0004,13.952211380004885,41.201023,14.597409,2019-09-20
-0.2874826891061871,c0004,11.833573341369627,41.201023,14.597409,2019-09-25
-0.3139942820969216,c0004,4.1158928871154785,41.201023,14.597409,2019-09-30
-0.1495992524836047,c0004,55.68242263793945,41.201023,14.597409,2019-10-05
-0.3217998781875704,c0004,2.6796560287475586,41.201023,14.597409,2019-10-10
-0.3154029126844306,c0004,8.782219886779785,41.201023,14.597409,2019-10-15
-0.3283215079632977,c0004,2.4683330059051514,41.201023,14.597409,2019-10-20
-0.2855580190346199,c0004,24.503690719604492,41.201023,14.597409,2019-10-25
-0.2729551399587302,c0004,69.9472885131836,41.201023,14.597409,2019-10-30
-0.3206430020011248,c0004,47.657318115234375,41.201023,14.597409,2019-11-04
-0.6196896144881551,c0004,60.35502624511719,41.201023,14.597409,2019-11-09
-0.4607441635759401,c0004,81.80217742919922,41.201023,14.597409,2019-11-14
-0.4721212115421704,c0004,99.99529266357422,41.201023,14.597409,2019-11-19
-0.4967350952561684,c0004,99.98987579345705,41.201023,14.597409,2019-11-24
-0.3539939743531803,c0004,99.2620086669922,41.201023,14.597409,2019-11-29
-0.0189593849907622,c0004,25.27187728881836,41.201023,14.597409,2019-12-04
-0.2237974511683945,c0004,79.01432800292969,41.201023,14.597409,2019-12-09
,c0004,90.95612335205078,41.201023,14.597409,2019-12-12
-0.3967237936800405,c0004,0.1595710068941116,41.201023,14.597409,2019-12-14
-0.4394982378716729,c0004,97.52633666992188,41.201023,14.597409,2019-12-19
-0.4457245102804082,c0004,0.0054580001160502,41.201023,14.597409,2019-12-24
,c0004,12.624473571777344,41.201023,14.597409,2019-12-27
-0.15894797936907,c0004,43.580867767333984,41.201023,14.597409,2019-12-29
-0.068679470626534,c0004,22.67167854309082,41.201023,14.597409,2020-01-03
,c0004,6.468430995941162,41.201023,14.597409,2020-01-06
-0.2389975970654837,c0004,7.793889045715332,41.201023,14.597409,2020-01-08
-0.3291544534249462,c0004,0.0033509999047964,41.201023,14.597409,2020-01-13
,c0004,0.6574050188064575,41.201023,14.597409,2020-01-16
-0.1635272726281751,c0004,83.4983901977539,41.201023,14.597409,2020-01-18
-0.1460564819364857,c0004,0.0530520007014274,41.201023,14.597409,2020-01-23
-0.1846347886027439,c0004,96.35183715820312,41.201023,14.597409,2020-01-28
,c0004,92.88902282714844,41.201023,14.597409,2020-01-31
-0.1267639008327889,c0004,99.82774353027344,41.201023,14.597409,2020-02-02
-0.0948291891740321,c0004,0.0191840007901191,41.201023,14.597409,2020-02-07
,c0004,99.98513793945312,41.201023,14.597409,2020-02-10
-0.0483591801916766,c0004,67.14208221435547,41.201023,14.597409,2020-02-12
,c0004,0.5360860228538513,41.201023,14.597409,2020-02-15
-0.1298742544507409,c0004,13.676237106323242,41.201023,14.597409,2020-02-17
,c0004,6.407632827758789,41.201023,14.597409,2020-02-20
-0.0567304718080489,c0004,0.0053519997745752,41.201023,14.597409,2020-02-22
,c0004,63.67757034301758,41.201023,14.597409,2020-02-25
-0.0943085148065221,c0004,3.157183885574341,41.201023,14.597409,2020-02-27
-0.2302594795677825,c0004,44.2837028503418,41.201023,14.597409,2020-03-03
-0.1155107717220185,c0004,21.846410751342773,41.201023,14.597409,2020-03-08
-0.0885889292533484,c0004,84.61918640136719,41.201023,14.597409,2020-03-13
,c0004,0.8847569823265076,41.201023,14.597409,2020-03-16
-0.1065256441431545,c0004,1.016968011856079,41.201023,14.597409,2020-03-18
-0.0639724214324587,c0004,45.58795928955078,41.201023,14.597409,2020-03-23
-0.1811560250113594,c0004,46.16508865356445,41.201023,14.597409,2020-03-28
-0.1431948470107649,c0004,4.020209789276123,41.201023,14.597409,2020-04-02
-0.1675861786162767,c0004,0.0540079995989799,41.201023,14.597409,2020-04-07
-0.2424552234541368,c0004,2.5880370140075684,41.201023,14.597409,2020-04-12
,c0004,29.995365142822266,41.201023,14.597409,2020-04-17
-0.6485668289145816,c0004,76.35054016113281,41.201023,14.597409,2020-04-22
-0.3385513876668432,c0004,4.316608905792236,41.201023,14.597409,2020-04-27
-0.1704713089200465,c0004,84.34744262695312,41.201023,14.597409,2020-05-02
-0.3759185754043246,c0004,6.409356117248535,41.201023,14.597409,2020-05-07
-0.3788499738199374,c0004,28.53124237060547,41.201023,14.597409,2020-05-12
-0.7033425506574407,c0004,99.84027099609376,41.201023,14.597409,2020-05-17
-0.3696158327220424,c0004,0.1546609997749328,41.201023,14.597409,2020-05-22
-0.4059735496873165,c0004,38.733524322509766,41.201023,14.597409,2020-05-27
-0.1316993318937319,c0004,38.12147521972656,41.201023,14.597409,2020-06-01
-0.3621962499758509,c0004,9.270599365234377,41.201023,14.597409,2020-06-06
-0.2837220807211963,c0004,62.59172439575195,41.201023,14.597409,2020-06-11
-0.2616961662836857,c0004,56.51573181152344,41.201023,14.597409,2020-06-16
-0.3341851517167311,c0004,13.471153259277344,41.201023,14.597409,2020-06-21
-0.3291923628197958,c0004,5.710763931274414,41.201023,14.597409,2020-06-26
-0.3110658873624895,c0004,2.047363042831421,41.201023,14.597409,2020-07-01
-0.3082047741604872,c0004,3.209852933883667,41.201023,14.597409,2020-07-06
-0.2951706664893514,c0004,3.296950101852417,41.201023,14.597409,2020-07-11
-0.3018817436141883,c0004,9.641876220703123,41.201023,14.597409,2020-07-16
,c0004,3.7031099796295166,41.201023,14.597409,2020-07-19
-0.283905168729495,c0004,0.3551709949970245,41.201023,14.597409,2020-07-21
-0.2863303460496178,c0004,0.4526999890804291,41.201023,14.597409,2020-07-26
-0.253764144016631,c0004,0.4736050069332123,41.201023,14.597409,2020-07-31
-0.2267746594715192,c0004,69.26380157470703,41.201023,14.597409,2020-08-05
-0.2432072140741276,c0004,1.4629650115966797,41.201023,14.597409,2020-08-10
-0.1313811386123777,c0004,10.188603401184082,41.201023,14.597409,2020-08-15
-0.2406960006515536,c0004,4.818481922149658,41.201023,14.597409,2020-08-20
-0.1056801129215712,c0004,15.623662948608398,41.201023,14.597409,2020-08-25
-0.1996101206893279,c0004,29.566905975341797,41.201023,14.597409,2020-08-30
-0.2444562820342488,c0004,0.9713760018348694,41.201023,14.597409,2020-09-04
-0.2189993869459391,c0004,0.3793680071830749,41.201023,14.597409,2020-09-09
-0.2081228374557067,c0004,0.3184860050678253,41.201023,14.597409,2020-09-14
-0.1666643804474336,c0004,3.9407999515533447,41.201023,14.597409,2020-09-19
-0.3491785975874916,c0004,85.80604553222656,41.201023,14.597409,2020-09-24
-0.0611365345919568,c0004,6.9596781730651855,41.201023,14.597409,2020-09-29
-0.1880449049521336,c0004,5.871652126312256,41.201023,14.597409,2020-10-04
-0.1995911093808784,c0004,35.83478927612305,41.201023,14.597409,2020-10-09
-0.1137453749991378,c0004,38.56280517578125,41.201023,14.597409,2020-10-14
-0.2114958422039613,c0004,1.15515398979187,41.201023,14.597409,2020-10-19
-0.6587303707784581,c0004,97.01435089111328,41.201023,14.597409,2020-10-24
-0.2270692175683791,c0004,75.6949462890625,41.201023,14.597409,2020-10-29
-0.2157189778390465,c0004,5.066279888153076,41.201023,14.597409,2020-11-03
-0.203753919258832,c0004,1.7131520509719849,41.201023,14.597409,2020-11-08
-0.0221294005691012,c0004,52.99510955810547,41.201023,14.597409,2020-11-13
-0.145448351453444,c0004,33.194271087646484,41.201023,14.597409,2020-11-18
-0.3605391793675211,c0004,1.8813129663467407,41.201023,14.597409,2020-11-23
-0.2823462523714826,c0004,59.90802764892578,41.201023,14.597409,2020-11-28
-0.439287497640801,c0004,96.88278198242188,41.201023,14.597409,2020-12-03
-0.3596809916695203,c0004,97.49549865722656,41.201023,14.597409,2020-12-08
-0.1295772435671466,c0004,41.49031448364258,41.201023,14.597409,2020-12-13
-0.356573417758274,c0004,30.26240348815918,41.201023,14.597409,2020-12-18
-0.1901112949319237,c0004,88.47651672363281,41.201023,14.597409,2020-12-23
-0.3166917550680588,c0004,72.57342529296875,41.201023,14.597409,2020-12-28
-0.1175318655048704,c0004,47.954734802246094,41.201023,14.597409,2021-01-02
-0.4442524864322297,c0004,96.82615661621094,41.201023,14.597409,2021-01-07
-0.0484269306381761,c0004,77.27239990234375,41.201023,14.597409,2021-01-12
-0.5031221009828881,c0004,98.4455337524414,41.201023,14.597409,2021-01-17
-0.3115301379562529,c0004,94.75921630859376,41.201023,14.597409,2021-01-22
-0.1029874362876595,c0004,12.88998317718506,41.201023,14.597409,2021-01-27
-0.0796820200030102,c0004,62.33323287963867,41.201023,14.597409,2021-02-01
-0.1148632688932072,c0004,36.37335586547851,41.201023,14.597409,2021-02-06
-0.0755592069555977,c0004,6.109097957611084,41.201023,14.597409,2021-02-11
-0.0441418244126775,c0004,5.744361877441406,41.201023,14.597409,2021-02-16
-0.0207415870745937,c0004,0.0405110009014606,41.201023,14.597409,2021-02-21
-0.0197242985472998,c0004,10.025541305541992,41.201023,14.597409,2021-02-26
-0.03377932389863,c0004,4.961258888244629,41.201023,14.597409,2021-03-03
-0.1079906866564747,c0004,67.11398315429688,41.201023,14.597409,2021-03-08
-0.1885452161800367,c0004,54.38957977294922,41.201023,14.597409,2021-03-13
-0.191119352615836,c0004,83.92448425292969,41.201023,14.597409,2021-03-18
-0.1914930082220257,c0004,54.01886749267578,41.201023,14.597409,2021-03-23
,c0004,0.835349977016449,41.201023,14.597409,2021-03-26
-0.0511088016271832,c0004,1.3949530124664309,41.201023,14.597409,2021-03-28
,c0004,0.4909740090370178,41.201023,14.597409,2021-03-31
-0.0323587971275355,c0004,32.30167770385742,41.201023,14.597409,2021-04-02
-0.1369402922607295,c0004,61.08839797973633,41.201023,14.597409,2021-04-07
-0.6394737296065323,c0004,98.70780181884766,41.201023,14.597409,2021-04-12
-0.6738174383836504,c0004,81.1570816040039,41.201023,14.597409,2021-04-17
,c0004,33.17908477783203,41.201023,14.597409,2021-04-20
-0.491440311391591,c0004,56.14188003540039,41.201023,14.597409,2021-04-22
-0.1915663132300296,c0004,52.7467041015625,41.201023,14.597409,2021-04-27
-0.208478100562779,c0004,36.49750518798828,41.201023,14.597409,2021-05-02
-0.3152165514868632,c0004,17.950973510742188,41.201023,14.597409,2021-05-07
-0.3465266503995348,c0004,24.448631286621097,41.201023,14.597409,2021-05-12
-0.1109061671443417,c0004,53.5818977355957,41.201023,14.597409,2021-05-17
-0.3941409232929628,c0004,59.295955657958984,41.201023,14.597409,2021-05-22
-0.1269692593348032,c0004,37.59821701049805,41.201023,14.597409,2021-05-27
-0.1598566777639673,c0004,11.886710166931152,41.201023,14.597409,2021-06-01
-0.3644744208601896,c0004,91.1080551147461,41.201023,14.597409,2021-06-06
-0.1420495197080961,c0004,23.140718460083008,41.201023,14.597409,2021-06-11
-0.330516699830884,c0004,99.3787078857422,41.201023,14.597409,2021-06-16
-0.374046939450503,c0004,32.74774169921875,41.201023,14.597409,2021-06-21
-0.259809702000269,c0004,3.4605560302734375,41.201023,14.597409,2021-06-26
-0.2691946520527608,c0004,2.561295986175537,41.201023,14.597409,2021-07-01
-0.2390551770568394,c0004,0.633512020111084,41.201023,14.597409,2021-07-06
-0.2448064123933724,c0004,4.845839977264404,41.201023,14.597409,2021-07-11
-0.2512003716850963,c0004,25.36128807067871,41.201023,14.597409,2021-07-16
-0.2756898820339604,c0004,0.4247600138187408,41.201023,14.597409,2021-07-21
-0.2646970155970324,c0004,31.477270126342773,41.201023,14.597409,2021-07-26
-0.2701363884325678,c0004,0.0023690001107752,41.201023,14.597409,2021-07-31
-0.2720735474123538,c0004,45.554588317871094,41.201023,14.597409,2021-08-05
,c0004,0.4556280076503753,41.201023,14.597409,2021-08-08
-0.2367750588460604,c0004,0.9613940119743348,41.201023,14.597409,2021-08-10
-0.2350008832016829,c0004,0.0142900003120303,41.201023,14.597409,2021-08-15
-0.2158446938639657,c0004,5.581503868103027,41.201023,14.597409,2021-08-20
-0.1479491270905548,c0004,31.368614196777344,41.201023,14.597409,2021-08-25
-0.2503817163759891,c0004,6.330648899078369,41.201023,14.597409,2021-08-30
-0.2177972351218783,c0004,28.31068420410156,41.201023,14.597409,2021-09-04
,c0004,0.16839300096035,41.201023,14.597409,2021-09-07
-0.2773153991276142,c0004,2.4012300968170166,41.201023,14.597409,2021-09-09
,c0004,0.072682999074459,41.201023,14.597409,2021-09-12
-0.2597447801517183,c0004,10.812494277954102,41.201023,14.597409,2021-09-14
-0.2957506281331251,c0004,17.448457717895508,41.201023,14.597409,2021-09-19
-0.2902816821299904,c0004,0.0423320010304451,41.201023,14.597409,2021-09-24
-0.3646334880658101,c0004,97.39237213134766,41.201023,14.597409,2021-09-29
-0.2828501499032216,c0004,3.159337043762207,41.201023,14.597409,2021-10-04
-0.099335848649474,c0004,17.54667091369629,41.201023,14.597409,2021-10-09
-0.2898464086575995,c0004,38.703086853027344,41.201023,14.597409,2021-10-14
-0.3232295854909253,c0004,1.0423029661178589,41.201023,14.597409,2021-10-19
-0.2333797286872058,c0004,73.95879364013672,41.201023,14.597409,2021-10-24
-0.3128542496183915,c0004,91.5000457763672,41.201023,14.597409,2021-10-29
-0.6117978592198542,c0004,96.17847442626952,41.201023,14.597409,2021-11-03
-0.6205099526958078,c0004,99.16780090332033,41.201023,14.597409,2021-11-08
-0.2168565754187984,c0004,71.9275131225586,41.201023,14.597409,2021-11-13
-0.1714536805119546,c0004,50.15492630004883,41.201023,14.597409,2021-11-18
-0.2704791444092316,c0004,87.21257019042969,41.201023,14.597409,2021-11-23
-0.5722715514562452,c0004,94.24479675292967,41.201023,14.597409,2021-11-28
-0.5163129675308175,c0004,96.5141372680664,41.201023,14.597409,2021-12-03
-0.1186898631926692,c0004,86.58037567138672,41.201023,14.597409,2021-12-08
-0.1512934115022606,c0004,3.672239065170288,41.201023,14.597409,2021-12-13
-0.2576171980658265,c0004,19.76412010192871,41.201023,14.597409,2021-12-18
-0.1111108135491892,c0004,23.51011657714844,41.201023,14.597409,2021-12-23
-0.3300457490427589,c0004,3.0885279178619385,41.201023,14.597409,2021-12-28
-0.272713788049106,c0004,81.38642120361328,41.201023,14.597409,2022-01-02
-0.1279854565818128,c0004,39.36323165893555,41.201023,14.597409,2022-01-07
-0.2470619383199795,c0004,73.3839340209961,41.201023,14.597409,2022-01-12
-0.2347004836963523,c0004,30.531816482543945,41.201023,14.597409,2022-01-17
-0.0977333756435325,c0004,1.5346850156784058,41.201023,14.597409,2022-01-22
-0.2424342158143997,c0004,86.10897827148438,41.201023,14.597409,2022-01-27
-0.1654892907042898,c0004,44.02608871459961,41.201023,14.597409,2022-02-01
-0.0508240236968769,c0004,36.84458923339844,41.201023,14.597409,2022-02-06
-0.0359257719191896,c0004,1.0402460098266602,41.201023,14.597409,2022-02-11
-0.0644138678610175,c0004,13.092548370361328,41.201023,14.597409,2022-02-16
-0.2652522643277283,c0004,93.74617004394533,41.201023,14.597409,2022-02-21
-0.4335500700635145,c0004,98.99705505371094,41.201023,14.597409,2022-02-26
-0.3444048301970129,c0004,83.66619873046875,41.201023,14.597409,2022-03-03
-0.0781040136013266,c0004,63.88563919067383,41.201023,14.597409,2022-03-08
-0.0338513689484359,c0004,6.312294960021973,41.201023,14.597409,2022-03-13
-0.2698670615227815,c0004,98.87171173095705,41.201023,14.597409,2022-03-18
-0.0334471519750476,c0004,1.0037039518356323,41.201023,14.597409,2022-03-23
-0.4701032181566857,c0004,99.9305191040039,41.201023,14.597409,2022-03-28
-0.6725117677935629,c0004,96.22325134277344,41.201023,14.597409,2022-04-02
-0.138504365809654,c0004,46.95717239379883,41.201023,14.597409,2022-04-07
-0.1020115829749679,c0004,17.01046371459961,41.201023,14.597409,2022-04-12
-0.2614922086526897,c0004,90.04653930664062,41.201023,14.597409,2022-04-17
-0.3305071294206209,c0004,93.88970184326172,41.201023,14.597409,2022-04-22
-0.3071518012602271,c0004,1.3440560102462769,41.201023,14.597409,2022-04-27
-0.283523042962315,c0004,29.74013328552246,41.201023,14.597409,2022-05-02
-0.4869945374028213,c0004,99.68279266357422,41.201023,14.597409,2022-05-07
-0.3358740189418739,c0004,24.869779586791992,41.201023,14.597409,2022-05-12
-0.352069024982644,c0004,6.276628017425537,41.201023,14.597409,2022-05-17
-0.1132620042591577,c0004,37.18136978149414,41.201023,14.597409,2022-05-22
-0.323124215944015,c0004,55.460689544677734,41.201023,14.597409,2022-05-27
-0.3152614658838542,c0004,0.0284940004348754,41.201023,14.597409,2022-06-01
-0.3314851463878405,c0004,27.842960357666016,41.201023,14.597409,2022-06-06
-0.307627683778999,c0004,12.246416091918944,41.201023,14.597409,2022-06-11
-0.3050830418694179,c0004,16.997516632080078,41.201023,14.597409,2022-06-16
-0.2854469167181506,c0004,0.4913749992847442,41.201023,14.597409,2022-06-21
-0.2837789901133418,c0004,3.2029318809509277,41.201023,14.597409,2022-06-26
-0.2772633913424202,c0004,27.41827392578125,41.201023,14.597409,2022-07-01
-0.2602328435338222,c0004,3.7008700370788574,41.201023,14.597409,2022-07-06
-0.264785137021259,c0004,4.529335975646973,41.201023,14.597409,2022-07-11
-0.2663678353153663,c0004,0.2371460050344467,41.201023,14.597409,2022-07-16
-0.2484284043186098,c0004,0.1194519996643066,41.201023,14.597409,2022-07-21
-0.1872106671642054,c0004,14.214677810668944,41.201023,14.597409,2022-07-26
-0.1767168173194511,c0004,7.412635803222656,41.201023,14.597409,2022-07-31
-0.1677734769438932,c0004,10.542548179626465,41.201023,14.597409,2022-08-05
-0.1785786862426046,c0004,19.642404556274418,41.201023,14.597409,2022-08-10
-0.2029886227456734,c0004,1.2581679821014404,41.201023,14.597409,2022-08-15
-0.1903360145341787,c0004,28.378253936767575,41.201023,14.597409,2022-08-20
-0.2455093829521583,c0004,75.4732894897461,41.201023,14.597409,2022-08-25
-0.2141290221720353,c0004,6.318498134613037,41.201023,14.597409,2022-08-30
-0.497575942858167,c0004,99.43550872802734,41.201023,14.597409,2022-09-04
-0.2490887784600454,c0004,18.2608642578125,41.201023,14.597409,2022-09-09
-0.2395270408332066,c0004,25.953182220458984,41.201023,14.597409,2022-09-14
-0.2601017766092293,c0004,11.600909233093262,41.201023,14.597409,2022-09-19
-0.2926033052816312,c0004,36.097015380859375,41.201023,14.597409,2022-09-24
-0.7596342735813889,c0004,78.82352447509766,41.201023,14.597409,2022-09-29
-0.278990722422373,c0004,1.3248759508132937,41.201023,14.597409,2022-10-04
-0.2970854530229254,c0004,84.0291976928711,41.201023,14.597409,2022-10-09
-0.2844029930165263,c0004,3.737873077392578,41.201023,14.597409,2022-10-14
-0.2549306010003919,c0004,0.0330590009689331,41.201023,14.597409,2022-10-19
-0.1736766947981868,c0004,3.4851338863372803,41.201023,14.597409,2022-10-24
-0.2700341447724956,c0004,0.0026519999373704,41.201023,14.597409,2022-10-29
-0.1127005002380033,c0004,24.81380844116211,41.201023,14.597409,2022-11-03
-0.3021235803086005,c0004,7.192183017730713,41.201023,14.597409,2022-11-08
-0.2592878035684964,c0004,82.08096313476562,41.201023,14.597409,2022-11-13
-0.6390767042341912,c0004,64.982177734375,41.201023,14.597409,2022-11-18
-0.3255616592618336,c0004,2.3871281147003174,41.201023,14.597409,2022-11-23
-0.2822979603022372,c0004,21.22089385986328,41.201023,14.597409,2022-11-28
-0.3483448808700705,c0004,79.4376220703125,41.201023,14.597409,2022-12-03
-0.5304098275187576,c0004,73.22669219970703,41.201023,14.597409,2022-12-08
-0.2757536294969373,c0004,98.50908660888672,41.201023,14.597409,2022-12-13
-0.0774635173569568,c0004,31.17777633666992,41.201023,14.597409,2022-12-18
-0.0244004185094959,c0004,80.0915756225586,41.201023,14.597409,2022-12-23
-0.0141864664193845,c0004,65.16841125488281,41.201023,14.597409,2022-12-28
-0.1027037762547395,c0004,27.63567352294922,41.201023,14.597409,2023-01-02
-0.3632598167557402,c0004,5.064751148223877,41.201023,14.597409,2023-01-07
-0.0562004751408644,c0004,55.251747131347656,41.201023,14.597409,2023-01-12
,c0004,58.13421630859375,41.201023,14.597409,2023-01-15
-0.6541517529344043,c0004,99.7649383544922,41.201023,14.597409,2023-01-17
-0.4017703205903734,c0004,77.6518325805664,41.201023,14.597409,2023-01-22
-0.1077183725080034,c0004,79.97480010986328,41.201023,14.597409,2023-01-27
-0.085756637976632,c0004,53.464595794677734,41.201023,14.597409,2023-02-01
-0.1480514833725208,c0004,69.25101470947266,41.201023,14.597409,2023-02-06
-0.0505520020481238,c0004,0.004674999974668,41.201023,14.597409,2023-02-11
-0.0401987055228429,c0004,49.29676818847656,41.201023,14.597409,2023-02-16
-0.0303991974587351,c0004,75.2366943359375,41.201023,14.597409,2023-02-21
-0.3109227323521852,c0004,99.63663482666016,41.201023,14.597409,2023-02-26
-0.2226522610972585,c0004,94.4325942993164,41.201023,14.597409,2023-03-03
-0.3572139833864442,c0004,83.06655883789062,41.201023,14.597409,2023-03-08
-0.0373133598064617,c0004,9.33271026611328,41.201023,14.597409,2023-03-13
-0.0345191629387091,c0004,0.1718080043792724,41.201023,14.597409,2023-03-18
-0.0550637552986739,c0004,8.044134140014648,41.201023,14.597409,2023-03-23
-0.2323009814084849,c0004,16.339710235595703,41.201023,14.597409,2023-03-28
-0.147134518274609,c0004,78.87318420410156,41.201023,14.597409,2023-04-02
-0.1268706596706979,c0004,21.157819747924805,41.201023,14.597409,2023-04-07
-0.0618139221626678,c0004,58.16636276245117,41.201023,14.597409,2023-04-12
-0.2080270674740912,c0004,94.12326049804688,41.201023,14.597409,2023-04-17
-0.2547376696456491,c0004,19.24968147277832,41.201023,14.597409,2023-04-22
-0.3044020784140593,c0004,23.517101287841797,41.201023,14.597409,2023-04-27
-0.6593263127981012,c0004,100.0,41.201023,14.597409,2023-05-02
-0.3327608993122574,c0004,37.99951934814453,41.201023,14.597409,2023-05-07
-0.3865205369940282,c0004,82.66279602050781,41.201023,14.597409,2023-05-12
-0.3150161537747917,c0004,98.81878662109376,41.201023,14.597409,2023-05-17
-0.222651192516479,c0004,38.523040771484375,41.201023,14.597409,2023-05-22
-0.3284237234421722,c0004,18.980283737182617,41.201023,14.597409,2023-05-27
-0.3492519875877019,c0004,32.03506088256836,41.201023,14.597409,2023-06-01
-0.3357771680255739,c0004,85.0876693725586,41.201023,14.597409,2023-06-06
-0.2542176922386318,c0004,66.04060363769531,41.201023,14.597409,2023-06-11
-0.3204281315022144,c0004,37.722076416015625,41.201023,14.597409,2023-06-16
-0.2939105217618936,c0004,0.5547159910202026,41.201023,14.597409,2023-06-21
-0.3046036459499429,c0004,1.4024269580841064,41.201023,14.597409,2023-06-26
-0.3283082379520958,c0004,38.509525299072266,41.201023,14.597409,2023-07-01
-0.2912619408602121,c0004,6.192361831665039,41.201023,14.597409,2023-07-06
-0.2824941332428972,c0004,0.103361003100872,41.201023,14.597409,2023-07-11
-0.2624634774591687,c0004,0.0032750000245869,41.201023,14.597409,2023-07-16
-0.2526049730034164,c0004,10.813182830810549,41.201023,14.597409,2023-07-21
-0.2706927817932087,c0004,69.19532775878906,41.201023,14.597409,2023-07-26
-0.240307825468993,c0004,14.642419815063477,41.201023,14.597409,2023-07-31
-0.5168373304956168,c0004,65.41539001464844,41.201023,14.597409,2023-08-05
-0.2543131816780982,c0004,0.6969220042228699,41.201023,14.597409,2023-08-10
-0.2424702607692875,c0004,2.1070001125335693,41.201023,14.597409,2023-08-15
-0.2278423822840648,c0004,8.704557418823242,41.201023,14.597409,2023-08-20
-0.2111369996649506,c0004,0.9110990166664124,41.201023,14.597409,2023-08-25
-0.2724632677965267,c0004,63.1942138671875,41.201023,14.597409,2023-08-30
-0.2060390552217449,c0004,94.68576049804688,41.201023,14.597409,2023-09-04
-0.2257034570042259,c0004,0.6984549760818481,41.201023,14.597409,2023-09-09
-0.3707918023215712,c0004,88.14344787597656,41.201023,14.597409,2023-09-14
-0.308334682103296,c0004,73.11663818359375,41.201023,14.597409,2023-09-19
-0.2414998078721062,c0004,19.93560028076172,41.201023,14.597409,2023-09-24
-0.2329894981784251,c0004,3.8017890453338623,41.201023,14.597409,2023-09-29
-0.2338353975730878,c0004,2.753488063812256,41.201023,14.597409,2023-10-04
-0.2201259628245318,c0004,0.0015229999553412,41.201023,14.597409,2023-10-09
-0.2250069266981915,c0004,11.09354019165039,41.201023,14.597409,2023-10-14
-0.1907348541270297,c0004,58.63543701171875,41.201023,14.597409,2023-10-19
-0.2471578537649223,c0004,81.22180938720703,41.201023,14.597409,2023-10-24
-0.2462896179427233,c0004,11.537017822265623,41.201023,14.597409,2023-10-29
-0.3670607687362361,c0004,85.72980499267578,41.201023,14.597409,2023-11-03
-0.1935688025203124,c0004,63.75514221191406,41.201023,14.597409,2023-11-08
-0.0348727424350828,c0004,11.165493965148926,41.201023,14.597409,2023-11-13
-0.2461317639887322,c0004,4.409458160400391,41.201023,14.597409,2023-11-18
-0.2920479475984318,c0004,76.09296417236328,41.201023,14.597409,2023-11-23
-0.5012481391319641,c0004,83.69136047363281,41.201023,14.597409,2023-11-28
-0.180398003915142,c0004,20.861642837524418,41.201023,14.597409,2023-12-03
-0.1873090055114959,c0004,37.57953643798828,41.201023,14.597409,2023-12-08
-0.3035547886526415,c0004,84.49664306640625,41.201023,14.597409,2023-12-13
-0.3842675434741275,c0004,0.0234939996153116,41.201023,14.597409,2023-12-18
0.0018235201110124,c0004,19.10698127746582,41.201023,14.597409,2023-12-23
0.0628153759954607,c0004,59.00904083251953,41.201023,14.597409,2023-12-28
-0.1165006596690645,c0004,47.968509674072266,41.201023,14.597409,2024-01-02
-0.5707673067364708,c0004,99.88605499267578,41.201023,14.597409,2024-01-07
-0.2822704198816457,c0004,26.51310920715332,41.201023,14.597409,2024-01-12
-0.3158787742325318,c0004,99.99576568603516,41.201023,14.597409,2024-01-17
-0.0912714192011004,c0004,0.7772300243377686,41.201023,14.597409,2024-01-22
,c0004,51.27476501464844,41.201023,14.597409,2024-01-25
-0.1086634010811285,c0004,25.320375442504883,41.201023,14.597409,2024-01-27
-0.1000419298404283,c0004,21.92721366882324,41.201023,14.597409,2024-02-01
-0.042251357995432,c0004,44.798126220703125,41.201023,14.597409,2024-02-06
-0.1349438191935592,c0004,91.01295471191406,41.201023,14.597409,2024-02-11
-0.054480501187904,c0004,24.732168197631836,41.201023,14.597409,2024-02-16
-0.0372931485692183,c0004,10.349026679992676,41.201023,14.597409,2024-02-21
-0.0571571534898969,c0004,33.74612045288086,41.201023,14.597409,2024-02-26
-0.0981210650222149,c0004,90.7593765258789,41.201023,14.597409,2024-03-02
-0.0612171033093783,c0004,39.28753280639648,41.201023,14.597409,2024-03-07
-0.5010360254178882,c0004,64.4019775390625,41.201023,14.597409,2024-03-12
-0.049893386313396,c0004,39.20684051513672,41.201023,14.597409,2024-03-17
-0.2009627793632868,c0004,69.94062805175781,41.201023,14.597409,2024-03-22
-0.2704451444291789,c0004,100.0,41.201023,14.597409,2024-03-27
-0.1058861394237504,c0004,29.59796142578125,41.201023,14.597409,2024-04-01
-0.2260138683272317,c0004,48.04492950439453,41.201023,14.597409,2024-04-06
-0.3857095773255736,c0004,99.9985122680664,41.201023,14.597409,2024-04-11
-0.3493839510414058,c0004,99.85413360595705,41.201023,14.597409,2024-04-16
-0.1449824286457221,c0004,46.93475341796875,41.201023,14.597409,2024-04-21
-0.2982211169975634,c0004,84.57573699951172,41.201023,14.597409,2024-04-26
-0.6647371035902849,c0004,87.41899108886719,41.201023,14.597409,2024-05-01
-0.3730996289478949,c0004,99.15987396240234,41.201023,14.597409,2024-05-06
-0.139201250864847,c0004,12.005531311035156,41.201023,14.597409,2024-05-11
-0.3342853468784926,c0004,0.1162699982523918,41.201023,14.597409,2024-05-16
-0.3741955632009891,c0004,72.9332275390625,41.201023,14.597409,2024-05-21
-0.3669109630882419,c0004,13.089696884155272,41.201023,14.597409,2024-05-26
-0.3429401045198403,c0004,95.39007568359376,41.201023,14.597409,2024-05-31
-0.3514656510870574,c0004,10.569779396057127,41.201023,14.597409,2024-06-05
-0.2843531646705355,c0004,33.687774658203125,41.201023,14.597409,2024-06-10
-0.3556391505750573,c0004,0.871815025806427,41.201023,14.597409,2024-06-15
-0.2679863425415173,c0004,0.3114460110664367,41.201023,14.597409,2024-06-20
-0.5844129905678219,c0004,99.99388122558594,41.201023,14.597409,2024-06-25
-0.2789719254663681,c0004,10.771388053894045,41.201023,14.597409,2024-06-30
-0.3162290275947471,c0004,13.82908535003662,41.201023,14.597409,2024-07-05
-0.2770293901244973,c0004,1.2856860160827637,41.201023,14.597409,2024-07-10
-0.2772481459596695,c0004,0.4988470077514648,41.201023,14.597409,2024-07-15
-0.2631234701881701,c0004,1.240825057029724,41.201023,14.597409,2024-07-20
-0.2772373687040222,c0004,6.340476989746094,41.201023,14.597409,2024-07-25
-0.2693655152191477,c0004,0.0222689993679523,41.201023,14.597409,2024-07-30
-0.2553419904032716,c0004,0.4613189995288849,41.201023,14.597409,2024-08-04
-0.2350274093002337,c0004,3.728178024291992,41.201023,14.597409,2024-08-09
-0.2449097854007863,c0004,2.43259596824646,41.201023,14.597409,2024-08-14
-0.2405925314826899,c0004,47.180564880371094,41.201023,14.597409,2024-08-19
,c0004,3.21083402633667,41.201023,14.597409,2024-08-22
-0.3905154326928747,c0004,5.896599769592285,41.201023,14.597409,2024-08-24
-0.2305659645907167,c0004,5.16829776763916,41.201023,14.597409,2024-08-29
-0.2600914476140167,c0004,65.25454711914062,41.201023,14.597409,2024-09-03
-0.2076782319502751,c0004,8.452444076538086,41.201023,14.597409,2024-09-08
-0.4317515233082021,c0004,57.108604431152344,41.201023,14.597409,2024-09-13
-0.6373450309181814,c0004,71.50686645507812,41.201023,14.597409,2024-09-18
-0.2912600653942461,c0004,88.90634155273438,41.201023,14.597409,2024-09-23
-0.5003387305623811,c0004,98.33162689208984,41.201023,14.597409,2024-09-28
-0.2762589848804098,c0004,99.8365249633789,41.201023,14.597409,2024-10-03
-0.2642035925992244,c0004,46.69548416137695,41.201023,14.597409,2024-10-08
-0.298278448846717,c0004,12.329667091369627,41.201023,14.597409,2024-10-13
-0.5664094358956593,c0004,99.99486541748048,41.201023,14.597409,2024-10-18
-0.1825318878320495,c0004,99.97489166259766,41.201023,14.597409,2024-10-23
-0.3125103776136758,c0004,50.49478912353515,41.201023,14.597409,2024-10-28
-0.2517511753408162,c0004,23.187265396118164,41.201023,14.597409,2024-11-02
-0.2445330161540388,c0004,77.47409057617188,41.201023,14.597409,2024-11-07
-0.1256924000887371,c0004,60.16984558105469,41.201023,14.597409,2024-11-12
-0.3707993608265304,c0004,14.98659324645996,41.201023,14.597409,2024-11-17
-0.5279772940962952,c0004,99.71466064453124,41.201023,14.597409,2024-11-22
-0.2419919922103991,c0004,49.37779998779297,41.201023,14.597409,2024-11-27
-0.3144927405727309,c0004,5.806693077087402,41.201023,14.597409,2024-12-07
-0.3240125228217076,c0004,17.82988739013672,41.201023,14.597409,2024-12-12
-0.3734112495414706,c0004,0.0047349999658763,41.201023,14.597409,2024-12-17
-0.4148600520570628,c0004,33.073265075683594,41.201023,14.597409,2024-12-22
-0.1928795788818313,c0004,23.84580421447754,41.201023,14.597409,2024-12-27
-0.5477841404099995,c0004,14.727256774902344,41.201023,14.597409,2025-01-01
-0.2508043253994586,c0004,95.6661148071289,41.201023,14.597409,2025-01-06
,c0004,98.99410247802734,41.201023,14.597409,2025-01-09
-0.5401583193689867,c0004,99.08059692382812,41.201023,14.597409,2025-01-11
-0.1118939022545706,c0004,91.35400390625,41.201023,14.597409,2025-01-16
-0.1374739023437764,c0004,55.214202880859375,41.201023,14.597409,2025-01-21
-0.1639614765368224,c0004,75.39170837402344,41.201023,14.597409,2025-01-26
-0.1358068271287037,c0004,41.95763397216797,41.201023,14.597409,2025-01-31
-0.081018500008641,c0004,2.827383041381836,41.201023,14.597409,2025-02-05
-0.1008503355517957,c0004,2.39711594581604,41.201023,14.597409,2025-02-10
-0.4876908277455407,c0004,93.94061279296876,41.201023,14.597409,2025-02-15
-0.185689559498937,c0004,83.28772735595703,41.201023,14.597409,2025-02-20
-0.0376765473560994,c0004,91.09719848632812,41.201023,14.597409,2025-02-25
-0.1792224277957909,c0004,73.16705322265625,41.201023,14.597409,2025-03-02
-0.2248139530389453,c0004,75.52220153808594,41.201023,14.597409,2025-03-07
-0.4835997888931728,c0004,99.9996337890625,41.201023,14.597409,2025-03-12
-0.2140932829334878,c0004,22.46148109436035,41.201023,14.597409,2025-03-17
-0.1025295624933365,c0004,16.659486770629883,41.201023,14.597409,2025-03-19
-0.2399652894273585,c0004,99.99998474121094,41.201023,14.597409,2025-03-22
-0.4996581313832666,c0004,99.9997100830078,41.201023,14.597409,2025-03-27
-0.3899463217062323,c0004,99.99923706054688,41.201023,14.597409,2025-03-29
-0.322070506366458,c0004,99.91419982910156,41.201023,14.597409,2025-04-01
-0.3519728820341238,c0004,59.208595275878906,41.201023,14.597409,2025-04-06
-0.2718544886255895,c0004,21.78194808959961,41.201023,14.597409,2025-04-08
-0.2723733449885766,c0004,0.9420769810676576,41.201023,14.597409,2025-04-11
-0.2820253127919059,c0004,45.568748474121094,41.201023,14.597409,2025-04-16
-0.2094244799658558,c0004,63.542537689208984,41.201023,14.597409,2025-04-18
-0.3803482047461662,c0004,77.3258285522461,41.201023,14.597409,2025-04-21
-0.4883321818875325,c0004,72.2015151977539,41.201023,14.597409,2025-04-26
-0.2290687943874963,c0004,50.90964889526367,41.201023,14.597409,2025-04-28
-0.3903055396972249,c0004,1.3487149477005005,41.201023,14.597409,2025-05-01
-0.3918457222007803,c0004,55.72172927856445,41.201023,14.597409,2025-05-06
-0.3314584572152773,c0004,48.30956268310547,41.201023,14.597409,2025-05-08
-0.5580843622765569,c0004,99.99976348876952,41.201023,14.597409,2025-05-11
-0.1436578766866848,c0004,58.44751739501953,41.201023,14.597409,2025-05-16
-0.4056589157656824,c0004,40.573020935058594,41.201023,14.597409,2025-05-18
-0.2105328120989847,c0004,56.29194259643555,41.201023,14.597409,2025-05-21
-0.3707387705949533,c0004,1.634732007980347,41.201023,14.597409,2025-05-26
-0.3652601934785809,c0004,19.44071578979492,41.201023,14.597409,2025-05-28
-0.3771819289588398,c0004,16.352783203125,41.201023,14.597409,2025-05-31
-0.3507546410468063,c0004,1.7803690433502195,41.201023,14.597409,2025-06-05
-0.3278502284526815,c0004,0.0006389999762177,41.201023,14.597409,2025-06-07
-0.3217549199375595,c0004,2.4730238914489746,41.201023,14.597409,2025-06-10
-0.3054088664230709,c0004,0.5845969915390015,41.201023,14.597409,2025-06-15
-0.2976536137796998,c0004,12.61889934539795,41.201023,14.597409,2025-06-17
-0.3034058984398131,c0004,1.5055489540100098,41.201023,14.597409,2025-06-20
-0.294803889817792,c0004,0.9613699913024902,41.201023,14.597409,2025-06-25
-0.273267219036036,c0004,0.2663559913635254,41.201023,14.597409,2025-06-27
-0.2816754318252215,c0004,1.1901650428771973,41.201023,14.597409,2025-06-30
-0.2674036956247907,c0004,1.6512019634246826,41.201023,14.597409,2025-07-05
-0.3010571265758622,c0004,58.30609130859375,41.201023,14.597409,2025-07-07
-0.3880515610791814,c0004,26.12421226501465,41.201023,14.597409,2025-07-10
-0.2990596884519058,c0004,10.68899631500244,41.201023,14.597409,2025-07-15
-0.2831732792714655,c0004,12.392071723937988,41.201023,14.597409,2025-07-17
-0.2915896879587784,c0004,9.699712753295898,41.201023,14.597409,2025-07-20
-0.2647543262092349,c0004,14.85873031616211,41.201023,14.597409,2025-07-25
-0.2677002453272093,c0004,8.603601455688477,41.201023,14.597409,2025-07-27
-0.2888518782143591,c0004,16.937747955322266,41.201023,14.597409,2025-07-30
-0.3073544889082478,c0004,34.33740997314453,41.201023,14.597409,2025-08-04
-0.2601956740885867,c0004,0.0334069989621639,41.201023,14.597409,2025-08-06
-0.2697731780914092,c0004,0.011384000070393,41.201023,14.597409,2025-08-09
-0.2278086155233388,c0004,20.264265060424805,41.201023,14.597409,2025-08-14
-0.2503064448994217,c0004,66.32770538330078,41.201023,14.597409,2025-08-16
-0.2597665690743594,c0004,2.9077610969543457,41.201023,14.597409,2025-08-19
-0.2739714630843826,c0004,17.9497013092041,41.201023,14.597409,2025-08-24
-0.2515114844765018,c0004,13.913819313049316,41.201023,14.597409,2025-08-26
-0.2234540619246889,c0004,66.47589874267578,41.201023,14.597409,2025-08-29
-0.2839671090965121,c0004,34.272037506103516,41.201023,14.597409,2025-09-03
-0.2633605721765175,c0004,3.144459009170532,41.201023,14.597409,2025-09-05
-0.283240620554033,c0004,4.821022987365723,41.201023,14.597409,2025-09-08
-0.2859749460915006,c0004,6.780478000640869,41.201023,14.597409,2025-09-13
-0.2692691382139116,c0004,5.656381130218506,41.201023,14.597409,2025-09-15
-0.2883928600221861,c0004,0.5348089933395386,41.201023,14.597409,2025-09-18
-0.6181153538668464,c0004,98.47187042236328,41.201023,14.597409,2025-09-23
-0.3151759019303776,c0004,61.6735954284668,41.201023,14.597409,2025-09-25
-0.553968059869047,c0004,30.05442237854004,41.201023,14.597409,2025-09-28
-0.1850067069012963,c0004,45.53337097167969,41.201023,14.597409,2025-10-03
-0.675566226629048,c0004,95.59835052490234,41.201023,14.597409,2025-10-05
-0.3278981486735327,c0004,15.412015914916992,41.201023,14.597409,2025-10-08
-0.3021638346143036,c0004,24.175912857055664,41.201023,14.597409,2025-10-13
-0.5641813514863673,c0004,99.99879455566406,41.201023,14.597409,2025-10-15
-0.3437647679849523,c0004,47.766727447509766,41.201023,14.597409,2025-10-18
-0.3930420821609597,c0004,99.99842834472656,41.201023,14.597409,2025-10-23
-0.1954330634379972,c0004,82.01084899902344,41.201023,14.597409,2025-10-25
-0.3219172475491438,c0004,1.2094049453735352,41.201023,14.597409,2025-10-28
-0.2452205147172294,c0004,96.26499938964844,41.201023,14.597409,2025-11-02
-0.2890329330345706,c0004,9.464855194091797,41.201023,14.597409,2025-11-04
-0.165696050605007,c0004,59.80308151245117,41.201023,14.597409,2025-11-07
-0.3101292940400723,c0004,0.0069240001030266,41.201023,14.597409,2025-11-12
-0.3257556223581009,c0004,10.94863986968994,41.201023,14.597409,2025-11-14
-0.2469142880662094,c0004,80.8432846069336,41.201023,14.597409,2025-11-17
-0.1779412373360378,c0004,99.99908447265624,41.201023,14.597409,2025-11-24
-0.3129845512436205,c0004,78.00269317626953,41.201023,14.597409,2025-11-27
-0.301626905657065,c0004,99.64649200439452,41.201023,14.597409,2025-12-02
-0.324221833867182,c0004,78.13492584228516,41.201023,14.597409,2025-12-04
-0.0817144280000398,c0004,59.59482955932617,41.201023,14.597409,2025-12-12
-0.2707086995268761,c0004,32.24856185913086,41.201023,14.597409,2025-12-17
-0.081590047710428,c0004,89.9804916381836,41.201023,14.597409,2025-12-22
-0.1202632282370028,c0004,92.45419311523438,41.201023,14.597409,2025-12-24
-0.0569549630436388,c0004,21.3149356842041,41.201023,14.597409,2025-12-27
