NDBI,cell_id,cloud_pct,lat_center,lon_center,date
,c1205,24.395702362060547,42.361369,8.27567,2019-01-01
-0.1775348408914664,c1205,33.35078811645508,42.361369,8.27567,2019-01-02
,c1205,38.22071838378906,42.361369,8.27567,2019-01-03
,c1205,44.00314712524414,42.361369,8.27567,2019-01-04
,c1205,53.15957260131836,42.361369,8.27567,2019-01-05
,c1205,38.429840087890625,42.361369,8.27567,2019-01-06
-0.3346982647829195,c1205,37.30973052978515,42.361369,8.27567,2019-01-07
,c1205,68.29550170898438,42.361369,8.27567,2019-01-08
,c1205,55.28771209716797,42.361369,8.27567,2019-01-09
,c1205,65.02172088623047,42.361369,8.27567,2019-01-10
,c1205,41.504024505615234,42.361369,8.27567,2019-01-11
0.0,c1205,50.72929382324219,42.361369,8.27567,2019-01-12
,c1205,70.51091003417969,42.361369,8.27567,2019-01-13
,c1205,26.197986602783203,42.361369,8.27567,2019-01-14
,c1205,18.750110626220703,42.361369,8.27567,2019-01-15
,c1205,23.49140167236328,42.361369,8.27567,2019-01-16
-0.3816722071784383,c1205,45.89277267456055,42.361369,8.27567,2019-01-17
,c1205,67.38711547851562,42.361369,8.27567,2019-01-18
,c1205,73.442138671875,42.361369,8.27567,2019-01-19
,c1205,63.55883026123047,42.361369,8.27567,2019-01-20
,c1205,78.51981353759766,42.361369,8.27567,2019-01-21
-0.0846640273983426,c1205,40.35562515258789,42.361369,8.27567,2019-01-22
,c1205,72.50553894042969,42.361369,8.27567,2019-01-23
,c1205,69.14608764648438,42.361369,8.27567,2019-01-24
,c1205,57.47917938232422,42.361369,8.27567,2019-01-25
,c1205,57.87823867797851,42.361369,8.27567,2019-01-26
-0.3105022161322481,c1205,62.72929763793945,42.361369,8.27567,2019-01-27
,c1205,65.9164047241211,42.361369,8.27567,2019-01-28
,c1205,36.75213623046875,42.361369,8.27567,2019-01-29
,c1205,64.07217407226562,42.361369,8.27567,2019-01-30
,c1205,62.53510665893555,42.361369,8.27567,2019-01-31
-0.1889220684328499,c1205,84.40363311767578,42.361369,8.27567,2019-02-01
,c1205,84.22444915771484,42.361369,8.27567,2019-02-02
,c1205,69.65267181396484,42.361369,8.27567,2019-02-03
,c1205,69.71729278564453,42.361369,8.27567,2019-02-04
,c1205,59.715110778808594,42.361369,8.27567,2019-02-05
0.0073949556359473,c1205,32.260826110839844,42.361369,8.27567,2019-02-06
,c1205,13.251158714294434,42.361369,8.27567,2019-02-07
,c1205,33.32533645629883,42.361369,8.27567,2019-02-08
,c1205,46.10972595214844,42.361369,8.27567,2019-02-09
,c1205,50.686492919921875,42.361369,8.27567,2019-02-10
-0.1207862168331356,c1205,51.37491226196289,42.361369,8.27567,2019-02-11
,c1205,38.73112869262695,42.361369,8.27567,2019-02-12
,c1205,9.661152839660645,42.361369,8.27567,2019-02-13
,c1205,28.553651809692383,42.361369,8.27567,2019-02-14
,c1205,17.284276962280273,42.361369,8.27567,2019-02-15
-0.2826890781960066,c1205,6.6741461753845215,42.361369,8.27567,2019-02-16
,c1205,3.5825202465057373,42.361369,8.27567,2019-02-17
,c1205,27.792537689208984,42.361369,8.27567,2019-02-18
,c1205,14.171810150146484,42.361369,8.27567,2019-02-19
,c1205,42.68000793457031,42.361369,8.27567,2019-02-20
-0.3993518360397394,c1205,21.07296371459961,42.361369,8.27567,2019-02-21
,c1205,59.19511413574219,42.361369,8.27567,2019-02-22
,c1205,15.82583713531494,42.361369,8.27567,2019-02-23
,c1205,42.178462982177734,42.361369,8.27567,2019-02-24
,c1205,39.56498336791992,42.361369,8.27567,2019-02-25
-0.0659714006572304,c1205,48.20328140258789,42.361369,8.27567,2019-02-26
,c1205,25.652320861816406,42.361369,8.27567,2019-02-27
,c1205,9.55257511138916,42.361369,8.27567,2019-02-28
,c1205,23.51556396484375,42.361369,8.27567,2019-03-01
,c1205,19.432601928710938,42.361369,8.27567,2019-03-02
-0.1215664043748641,c1205,12.930892944335938,42.361369,8.27567,2019-03-03
,c1205,30.113365173339844,42.361369,8.27567,2019-03-04
,c1205,58.968265533447266,42.361369,8.27567,2019-03-05
,c1205,45.97542572021485,42.361369,8.27567,2019-03-06
,c1205,83.3844223022461,42.361369,8.27567,2019-03-07
0.5277452646371196,c1205,46.622554779052734,42.361369,8.27567,2019-03-08
,c1205,37.73373794555664,42.361369,8.27567,2019-03-09
,c1205,47.64059066772461,42.361369,8.27567,2019-03-10
,c1205,67.47924041748047,42.361369,8.27567,2019-03-11
,c1205,12.56840705871582,42.361369,8.27567,2019-03-12
-0.4087441204225315,c1205,48.45397186279297,42.361369,8.27567,2019-03-13
,c1205,43.594451904296875,42.361369,8.27567,2019-03-14
,c1205,39.07123565673828,42.361369,8.27567,2019-03-15
,c1205,28.63509750366211,42.361369,8.27567,2019-03-16
,c1205,32.691856384277344,42.361369,8.27567,2019-03-17
-0.0879825190586202,c1205,37.20555877685547,42.361369,8.27567,2019-03-18
,c1205,54.490840911865234,42.361369,8.27567,2019-03-19
,c1205,53.68972396850586,42.361369,8.27567,2019-03-20
,c1205,24.634897232055664,42.361369,8.27567,2019-03-21
,c1205,36.32048034667969,42.361369,8.27567,2019-03-22
-0.1076935001813313,c1205,11.514954566955566,42.361369,8.27567,2019-03-23
,c1205,0.4398157000541687,42.361369,8.27567,2019-03-24
,c1205,21.000049591064453,42.361369,8.27567,2019-03-25
,c1205,38.912261962890625,42.361369,8.27567,2019-03-26
,c1205,71.37560272216797,42.361369,8.27567,2019-03-27
-0.0811073157059795,c1205,25.199308395385746,42.361369,8.27567,2019-03-28
,c1205,14.994918823242188,42.361369,8.27567,2019-03-29
,c1205,4.143003463745117,42.361369,8.27567,2019-03-30
,c1205,4.921627998352051,42.361369,8.27567,2019-03-31
,c1205,47.06980514526367,42.361369,8.27567,2019-04-01
-0.4330066138330627,c1205,63.07236862182617,42.361369,8.27567,2019-04-02
,c1205,80.4278564453125,42.361369,8.27567,2019-04-03
,c1205,71.69856262207031,42.361369,8.27567,2019-04-04
,c1205,62.22605514526367,42.361369,8.27567,2019-04-05
,c1205,34.66018295288086,42.361369,8.27567,2019-04-06
-0.3046279428636326,c1205,65.63356018066406,42.361369,8.27567,2019-04-07
,c1205,66.18351745605469,42.361369,8.27567,2019-04-08
,c1205,46.362674713134766,42.361369,8.27567,2019-04-09
,c1205,54.439697265625,42.361369,8.27567,2019-04-10
,c1205,61.31972885131836,42.361369,8.27567,2019-04-11
-0.1268326352021711,c1205,65.55513763427734,42.361369,8.27567,2019-04-12
,c1205,72.29029083251953,42.361369,8.27567,2019-04-13
,c1205,50.84527969360352,42.361369,8.27567,2019-04-14
,c1205,43.53535079956055,42.361369,8.27567,2019-04-15
,c1205,36.57878494262695,42.361369,8.27567,2019-04-16
-0.0566311584895147,c1205,20.776573181152344,42.361369,8.27567,2019-04-17
,c1205,14.80529499053955,42.361369,8.27567,2019-04-18
,c1205,40.9810676574707,42.361369,8.27567,2019-04-19
,c1205,20.083955764770508,42.361369,8.27567,2019-04-20
,c1205,80.04498291015625,42.361369,8.27567,2019-04-21
-0.4709090004949007,c1205,76.81498718261719,42.361369,8.27567,2019-04-22
,c1205,59.19289016723633,42.361369,8.27567,2019-04-23
,c1205,62.375370025634766,42.361369,8.27567,2019-04-24
,c1205,58.98017883300781,42.361369,8.27567,2019-04-25
,c1205,65.6768569946289,42.361369,8.27567,2019-04-26
-0.0435570227803991,c1205,24.084741592407227,42.361369,8.27567,2019-04-27
,c1205,47.90008544921875,42.361369,8.27567,2019-04-28
,c1205,45.24673843383789,42.361369,8.27567,2019-04-29
,c1205,33.0560417175293,42.361369,8.27567,2019-04-30
,c1205,21.26559829711914,42.361369,8.27567,2019-05-01
-0.0540138526326593,c1205,30.309720993041992,42.361369,8.27567,2019-05-02
,c1205,75.67570495605469,42.361369,8.27567,2019-05-03
,c1205,77.07733154296875,42.361369,8.27567,2019-05-04
,c1205,46.673828125,42.361369,8.27567,2019-05-05
,c1205,45.63727188110352,42.361369,8.27567,2019-05-06
-0.1315078803447678,c1205,33.01644515991211,42.361369,8.27567,2019-05-07
,c1205,30.38773727416992,42.361369,8.27567,2019-05-08
,c1205,52.46446990966797,42.361369,8.27567,2019-05-09
,c1205,35.74199295043945,42.361369,8.27567,2019-05-10
,c1205,59.73833084106445,42.361369,8.27567,2019-05-11
-0.3747912301736719,c1205,52.13931655883789,42.361369,8.27567,2019-05-12
,c1205,69.71743774414062,42.361369,8.27567,2019-05-13
,c1205,58.08451843261719,42.361369,8.27567,2019-05-14
,c1205,51.54821014404297,42.361369,8.27567,2019-05-15
,c1205,39.661376953125,42.361369,8.27567,2019-05-16
-0.3880405098199844,c1205,61.82623291015625,42.361369,8.27567,2019-05-17
,c1205,74.8690185546875,42.361369,8.27567,2019-05-18
,c1205,58.3142204284668,42.361369,8.27567,2019-05-19
,c1205,67.57406616210938,42.361369,8.27567,2019-05-20
,c1205,52.9354362487793,42.361369,8.27567,2019-05-21
,c1205,86.21275329589844,42.361369,8.27567,2019-05-22
,c1205,37.61349868774414,42.361369,8.27567,2019-05-23
,c1205,32.519752502441406,42.361369,8.27567,2019-05-24
,c1205,62.77082061767578,42.361369,8.27567,2019-05-25
,c1205,89.98054504394531,42.361369,8.27567,2019-05-26
-0.543377175225931,c1205,79.06725311279297,42.361369,8.27567,2019-05-27
,c1205,57.55717849731445,42.361369,8.27567,2019-05-28
,c1205,59.11783981323242,42.361369,8.27567,2019-05-29
,c1205,43.596405029296875,42.361369,8.27567,2019-05-30
,c1205,32.29933166503906,42.361369,8.27567,2019-05-31
,c1205,4.458488941192627,42.361369,8.27567,2019-06-01
,c1205,25.9664306640625,42.361369,8.27567,2019-06-02
,c1205,0.2670029997825622,42.361369,8.27567,2019-06-03
,c1205,0.2544350028038025,42.361369,8.27567,2019-06-04
,c1205,0.0007970000151544,42.361369,8.27567,2019-06-05
,c1205,7.899999764049426e-05,42.361369,8.27567,2019-06-06
,c1205,0.011196999810636,42.361369,8.27567,2019-06-07
,c1205,1.079571008682251,42.361369,8.27567,2019-06-09
,c1205,38.658966064453125,42.361369,8.27567,2019-06-10
,c1205,0.0001140000022132,42.361369,8.27567,2019-06-11
,c1205,0.0430480018258094,42.361369,8.27567,2019-06-12
,c1205,0.124839998781681,42.361369,8.27567,2019-06-13
,c1205,0.0065939999185502,42.361369,8.27567,2019-06-14
,c1205,87.50472259521484,42.361369,8.27567,2019-06-15
,c1205,2.6251819133758545,42.361369,8.27567,2019-06-16
,c1205,39.01788711547851,42.361369,8.27567,2019-06-17
,c1205,14.96718692779541,42.361369,8.27567,2019-06-18
,c1205,0.1545629948377609,42.361369,8.27567,2019-06-19
,c1205,99.04344177246094,42.361369,8.27567,2019-06-20
,c1205,0.0,42.361369,8.27567,2019-06-21
,c1205,47.91024398803711,42.361369,8.27567,2019-06-22
,c1205,62.085060119628906,42.361369,8.27567,2019-06-23
,c1205,3.88067889213562,42.361369,8.27567,2019-06-24
,c1205,0.0003579999902285,42.361369,8.27567,2019-06-25
,c1205,0.0001900000061141,42.361369,8.27567,2019-06-26
,c1205,0.0002130000066244,42.361369,8.27567,2019-06-27
,c1205,0.6073349714279175,42.361369,8.27567,2019-06-28
,c1205,26.91414451599121,42.361369,8.27567,2019-06-29
,c1205,0.0028919999022036,42.361369,8.27567,2019-06-30
-0.0192073782577234,c1205,8.698509216308594,42.361369,8.27567,2019-07-01
,c1205,7.100620746612549,42.361369,8.27567,2019-07-02
,c1205,14.29305362701416,42.361369,8.27567,2019-07-03
,c1205,22.52865982055664,42.361369,8.27567,2019-07-04
,c1205,12.057228088378906,42.361369,8.27567,2019-07-05
-0.0243773660348618,c1205,17.841360092163086,42.361369,8.27567,2019-07-06
,c1205,20.965517044067383,42.361369,8.27567,2019-07-07
,c1205,61.65700912475586,42.361369,8.27567,2019-07-08
,c1205,35.532752990722656,42.361369,8.27567,2019-07-09
,c1205,35.87925720214844,42.361369,8.27567,2019-07-10
0.0231986725757665,c1205,35.62199401855469,42.361369,8.27567,2019-07-11
,c1205,40.498260498046875,42.361369,8.27567,2019-07-12
,c1205,18.13882827758789,42.361369,8.27567,2019-07-13
,c1205,22.92884826660156,42.361369,8.27567,2019-07-14
,c1205,44.005577087402344,42.361369,8.27567,2019-07-15
-0.024759657242034,c1205,17.656707763671875,42.361369,8.27567,2019-07-16
,c1205,9.18603801727295,42.361369,8.27567,2019-07-17
,c1205,44.57655334472656,42.361369,8.27567,2019-07-18
,c1205,14.941280364990234,42.361369,8.27567,2019-07-19
,c1205,5.501099586486816,42.361369,8.27567,2019-07-20
-0.1911329634158926,c1205,10.406675338745115,42.361369,8.27567,2019-07-21
,c1205,17.51602554321289,42.361369,8.27567,2019-07-22
,c1205,6.645646572113037,42.361369,8.27567,2019-07-23
,c1205,5.683901309967041,42.361369,8.27567,2019-07-24
,c1205,3.609473943710327,42.361369,8.27567,2019-07-25
-0.3383075031725799,c1205,6.661850929260254,42.361369,8.27567,2019-07-26
,c1205,20.225744247436523,42.361369,8.27567,2019-07-27
,c1205,50.80223846435547,42.361369,8.27567,2019-07-28
,c1205,30.099180221557617,42.361369,8.27567,2019-07-29
,c1205,9.09134006500244,42.361369,8.27567,2019-07-30
-0.0210077411330798,c1205,17.99599266052246,42.361369,8.27567,2019-07-31
,c1205,7.7785797119140625,42.361369,8.27567,2019-08-01
,c1205,47.09151077270508,42.361369,8.27567,2019-08-02
,c1205,11.92734146118164,42.361369,8.27567,2019-08-03
,c1205,10.752897262573242,42.361369,8.27567,2019-08-04
-0.1231969931491595,c1205,8.745439529418945,42.361369,8.27567,2019-08-05
,c1205,8.931845664978027,42.361369,8.27567,2019-08-06
,c1205,43.30584716796875,42.361369,8.27567,2019-08-07
,c1205,12.511029243469238,42.361369,8.27567,2019-08-08
,c1205,2.9857897758483887,42.361369,8.27567,2019-08-09
0.0350342605372562,c1205,11.656942367553713,42.361369,8.27567,2019-08-10
,c1205,7.280640602111816,42.361369,8.27567,2019-08-11
,c1205,24.054838180541992,42.361369,8.27567,2019-08-12
,c1205,32.51115417480469,42.361369,8.27567,2019-08-13
,c1205,21.758358001708984,42.361369,8.27567,2019-08-14
0.0198634367217035,c1205,23.17785263061523,42.361369,8.27567,2019-08-15
,c1205,25.773181915283203,42.361369,8.27567,2019-08-16
,c1205,29.202667236328125,42.361369,8.27567,2019-08-17
,c1205,5.879406452178955,42.361369,8.27567,2019-08-18
,c1205,7.720332145690918,42.361369,8.27567,2019-08-19
-0.0235133439466795,c1205,25.033435821533203,42.361369,8.27567,2019-08-20
,c1205,10.941621780395508,42.361369,8.27567,2019-08-21
,c1205,36.75515365600586,42.361369,8.27567,2019-08-22
,c1205,26.82646942138672,42.361369,8.27567,2019-08-23
,c1205,34.71129608154297,42.361369,8.27567,2019-08-24
-0.1900198597680119,c1205,10.667545318603516,42.361369,8.27567,2019-08-25
,c1205,13.496148109436035,42.361369,8.27567,2019-08-26
,c1205,17.517501831054688,42.361369,8.27567,2019-08-27
,c1205,21.211742401123047,42.361369,8.27567,2019-08-28
,c1205,52.1226921081543,42.361369,8.27567,2019-08-29
-0.1612134383881792,c1205,20.96989631652832,42.361369,8.27567,2019-08-30
,c1205,11.383727073669434,42.361369,8.27567,2019-08-31
,c1205,61.40226364135742,42.361369,8.27567,2019-09-01
,c1205,50.11952209472656,42.361369,8.27567,2019-09-02
,c1205,21.12495994567871,42.361369,8.27567,2019-09-03
0.0018754093633855,c1205,19.242273330688477,42.361369,8.27567,2019-09-04
,c1205,22.368988037109375,42.361369,8.27567,2019-09-05
,c1205,41.07472610473633,42.361369,8.27567,2019-09-06
,c1205,41.526119232177734,42.361369,8.27567,2019-09-07
,c1205,37.053489685058594,42.361369,8.27567,2019-09-08
0.0017926241490332,c1205,24.718101501464844,42.361369,8.27567,2019-09-09
,c1205,50.60316467285156,42.361369,8.27567,2019-09-10
,c1205,31.883975982666016,42.361369,8.27567,2019-09-11
,c1205,15.302361488342283,42.361369,8.27567,2019-09-12
,c1205,5.802070140838623,42.361369,8.27567,2019-09-13
-0.0769256871659308,c1205,34.28905487060547,42.361369,8.27567,2019-09-14
,c1205,16.59280014038086,42.361369,8.27567,2019-09-15
,c1205,6.496312618255615,42.361369,8.27567,2019-09-16
,c1205,11.39264678955078,42.361369,8.27567,2019-09-17
,c1205,37.7768669128418,42.361369,8.27567,2019-09-18
-0.0740005654885488,c1205,33.43122863769531,42.361369,8.27567,2019-09-19
,c1205,23.979249954223633,42.361369,8.27567,2019-09-20
,c1205,42.701927185058594,42.361369,8.27567,2019-09-21
,c1205,64.28447723388672,42.361369,8.27567,2019-09-22
,c1205,51.30207824707031,42.361369,8.27567,2019-09-23
-0.0796267951126484,c1205,35.5372428894043,42.361369,8.27567,2019-09-24
,c1205,33.92698287963867,42.361369,8.27567,2019-09-25
,c1205,37.21126174926758,42.361369,8.27567,2019-09-26
,c1205,16.785301208496094,42.361369,8.27567,2019-09-27
,c1205,32.77740478515625,42.361369,8.27567,2019-09-28
-0.0455729963970096,c1205,8.3310546875,42.361369,8.27567,2019-09-29
,c1205,15.760005950927734,42.361369,8.27567,2019-09-30
,c1205,4.175051212310791,42.361369,8.27567,2019-10-01
,c1205,4.665566921234131,42.361369,8.27567,2019-10-02
,c1205,33.64202117919922,42.361369,8.27567,2019-10-04
,c1205,0.745855987071991,42.361369,8.27567,2019-10-05
,c1205,20.16898536682129,42.361369,8.27567,2019-10-06
,c1205,99.9892807006836,42.361369,8.27567,2019-10-07
,c1205,52.33580780029297,42.361369,8.27567,2019-10-08
,c1205,62.52465057373047,42.361369,8.27567,2019-10-09
,c1205,87.86470794677734,42.361369,8.27567,2019-10-10
,c1205,0.1864639967679977,42.361369,8.27567,2019-10-11
,c1205,11.415116310119627,42.361369,8.27567,2019-10-12
,c1205,59.11809539794922,42.361369,8.27567,2019-10-13
,c1205,0.9412009716033936,42.361369,8.27567,2019-10-14
,c1205,82.68914031982422,42.361369,8.27567,2019-10-15
,c1205,0.6347929835319519,42.361369,8.27567,2019-10-16
,c1205,2.4363560676574707,42.361369,8.27567,2019-10-17
,c1205,3.226536989212036,42.361369,8.27567,2019-10-18
,c1205,0.2558709979057312,42.361369,8.27567,2019-10-19
,c1205,55.88983154296875,42.361369,8.27567,2019-10-20
,c1205,90.06745910644531,42.361369,8.27567,2019-10-21
,c1205,6.291367053985596,42.361369,8.27567,2019-10-22
,c1205,46.911720275878906,42.361369,8.27567,2019-10-23
,c1205,48.80243682861328,42.361369,8.27567,2019-10-24
,c1205,26.95860481262207,42.361369,8.27567,2019-10-25
,c1205,82.33108520507812,42.361369,8.27567,2019-10-26
,c1205,99.97340393066406,42.361369,8.27567,2019-10-27
,c1205,7.1168599128723145,42.361369,8.27567,2019-10-28
,c1205,1.3038699626922607,42.361369,8.27567,2019-10-29
,c1205,49.88048553466797,42.361369,8.27567,2019-10-30
,c1205,2.20646595954895,42.361369,8.27567,2019-10-31
,c1205,94.17310333251952,42.361369,8.27567,2019-11-01
,c1205,7.93804121017456,42.361369,8.27567,2019-11-02
,c1205,5.420820236206055,42.361369,8.27567,2019-11-03
,c1205,0.0037259999662637,42.361369,8.27567,2019-11-04
,c1205,6.1855621337890625,42.361369,8.27567,2019-11-05
,c1205,3.7624690532684326,42.361369,8.27567,2019-11-06
,c1205,0.2611269950866699,42.361369,8.27567,2019-11-07
,c1205,3.3434789180755615,42.361369,8.27567,2019-11-08
,c1205,98.83193969726562,42.361369,8.27567,2019-11-09
,c1205,99.99594116210938,42.361369,8.27567,2019-11-10
,c1205,99.99977111816406,42.361369,8.27567,2019-11-11
,c1205,99.10531616210938,42.361369,8.27567,2019-11-12
,c1205,35.769161224365234,42.361369,8.27567,2019-11-13
,c1205,2.3287570476531982,42.361369,8.27567,2019-11-14
,c1205,97.97994232177734,42.361369,8.27567,2019-11-15
,c1205,11.395203590393066,42.361369,8.27567,2019-11-16
,c1205,97.64704895019533,42.361369,8.27567,2019-11-17
,c1205,0.0265720002353191,42.361369,8.27567,2019-11-18
,c1205,91.98917388916016,42.361369,8.27567,2019-11-19
,c1205,7.470441818237305,42.361369,8.27567,2019-11-20
,c1205,56.74347686767578,42.361369,8.27567,2019-11-21
,c1205,43.88827133178711,42.361369,8.27567,2019-11-22
,c1205,55.692508697509766,42.361369,8.27567,2019-11-23
,c1205,33.2857780456543,42.361369,8.27567,2019-11-24
,c1205,97.40686798095705,42.361369,8.27567,2019-11-26
,c1205,2.8226850032806396,42.361369,8.27567,2019-11-27
,c1205,13.619860649108888,42.361369,8.27567,2019-11-28
,c1205,0.0112889995798468,42.361369,8.27567,2019-11-29
,c1205,0.028881000354886,42.361369,8.27567,2019-11-30
,c1205,40.027957916259766,42.361369,8.27567,2019-12-01
,c1205,59.292118072509766,42.361369,8.27567,2019-12-02
-0.131186252153095,c1205,31.66718864440918,42.361369,8.27567,2019-12-03
,c1205,36.29213333129883,42.361369,8.27567,2019-12-04
,c1205,33.89775085449219,42.361369,8.27567,2019-12-05
,c1205,64.1131362915039,42.361369,8.27567,2019-12-06
,c1205,41.95294952392578,42.361369,8.27567,2019-12-07
-0.0086192370228031,c1205,27.32230758666992,42.361369,8.27567,2019-12-08
,c1205,63.24007797241211,42.361369,8.27567,2019-12-09
,c1205,35.22940444946289,42.361369,8.27567,2019-12-10
,c1205,84.5141830444336,42.361369,8.27567,2019-12-11
,c1205,60.06439971923828,42.361369,8.27567,2019-12-12
-0.6288499556043567,c1205,64.33499145507812,42.361369,8.27567,2019-12-13
,c1205,27.189380645751953,42.361369,8.27567,2019-12-14
,c1205,63.37835693359375,42.361369,8.27567,2019-12-15
,c1205,47.371604919433594,42.361369,8.27567,2019-12-16
,c1205,82.64168548583984,42.361369,8.27567,2019-12-17
-0.4785205198561443,c1205,84.06353759765625,42.361369,8.27567,2019-12-18
,c1205,76.57379913330078,42.361369,8.27567,2019-12-19
,c1205,90.2193603515625,42.361369,8.27567,2019-12-20
,c1205,70.24617004394531,42.361369,8.27567,2019-12-21
,c1205,46.14143371582031,42.361369,8.27567,2019-12-22
-0.2633607631220536,c1205,30.673940658569336,42.361369,8.27567,2019-12-23
,c1205,16.163448333740234,42.361369,8.27567,2019-12-24
,c1205,6.054580211639404,42.361369,8.27567,2019-12-25
,c1205,35.949222564697266,42.361369,8.27567,2019-12-26
,c1205,48.015010833740234,42.361369,8.27567,2019-12-27
-0.2803465753793716,c1205,32.67237854003906,42.361369,8.27567,2019-12-28
,c1205,46.8258056640625,42.361369,8.27567,2019-12-29
,c1205,11.801456451416016,42.361369,8.27567,2019-12-30
,c1205,27.33084487915039,42.361369,8.27567,2019-12-31
,c1205,21.069984436035156,42.361369,8.27567,2020-01-01
-0.1497595923131003,c1205,23.232728958129883,42.361369,8.27567,2020-01-02
,c1205,21.398752212524418,42.361369,8.27567,2020-01-03
,c1205,71.14887237548828,42.361369,8.27567,2020-01-04
,c1205,26.303489685058594,42.361369,8.27567,2020-01-05
,c1205,6.772290229797363,42.361369,8.27567,2020-01-06
-0.2625432356753769,c1205,57.45427322387695,42.361369,8.27567,2020-01-07
,c1205,44.43585586547851,42.361369,8.27567,2020-01-08
,c1205,23.597000122070312,42.361369,8.27567,2020-01-09
,c1205,28.762975692749023,42.361369,8.27567,2020-01-10
,c1205,32.10980224609375,42.361369,8.27567,2020-01-11
-0.2504898020449806,c1205,27.2490291595459,42.361369,8.27567,2020-01-12
,c1205,44.96870803833008,42.361369,8.27567,2020-01-13
,c1205,23.353273391723633,42.361369,8.27567,2020-01-14
,c1205,35.00973129272461,42.361369,8.27567,2020-01-15
,c1205,37.67805862426758,42.361369,8.27567,2020-01-16
-0.1031783463871654,c1205,32.22346496582031,42.361369,8.27567,2020-01-17
,c1205,58.9053955078125,42.361369,8.27567,2020-01-18
,c1205,55.227882385253906,42.361369,8.27567,2020-01-19
,c1205,68.99555969238281,42.361369,8.27567,2020-01-20
,c1205,38.74557876586914,42.361369,8.27567,2020-01-21
-0.1465209597831263,c1205,38.817874908447266,42.361369,8.27567,2020-01-22
,c1205,23.236513137817383,42.361369,8.27567,2020-01-23
,c1205,43.07352828979492,42.361369,8.27567,2020-01-24
,c1205,53.941612243652344,42.361369,8.27567,2020-01-25
,c1205,60.69640350341797,42.361369,8.27567,2020-01-26
-0.0375498812234796,c1205,35.51444625854492,42.361369,8.27567,2020-01-27
,c1205,78.4788818359375,42.361369,8.27567,2020-01-28
,c1205,47.261531829833984,42.361369,8.27567,2020-01-29
,c1205,37.3294563293457,42.361369,8.27567,2020-01-30
,c1205,69.60039520263672,42.361369,8.27567,2020-01-31
-0.2479110158979892,c1205,42.33041763305664,42.361369,8.27567,2020-02-01
,c1205,50.09553527832031,42.361369,8.27567,2020-02-02
,c1205,73.89143371582031,42.361369,8.27567,2020-02-03
,c1205,59.72392272949219,42.361369,8.27567,2020-02-04
,c1205,33.92306137084961,42.361369,8.27567,2020-02-05
-0.177350319396047,c1205,47.65547561645508,42.361369,8.27567,2020-02-06
,c1205,21.260316848754883,42.361369,8.27567,2020-02-07
,c1205,22.92836570739746,42.361369,8.27567,2020-02-08
,c1205,16.702192306518555,42.361369,8.27567,2020-02-09
,c1205,76.03160858154297,42.361369,8.27567,2020-02-10
-0.1839105594245826,c1205,35.84226989746094,42.361369,8.27567,2020-02-11
,c1205,41.690895080566406,42.361369,8.27567,2020-02-12
,c1205,58.73695373535156,42.361369,8.27567,2020-02-13
,c1205,44.30803680419922,42.361369,8.27567,2020-02-14
,c1205,10.42051887512207,42.361369,8.27567,2020-02-15
-0.2702213535852292,c1205,40.83195114135742,42.361369,8.27567,2020-02-16
,c1205,32.1080436706543,42.361369,8.27567,2020-02-17
,c1205,46.777442932128906,42.361369,8.27567,2020-02-18
,c1205,34.321136474609375,42.361369,8.27567,2020-02-19
,c1205,12.522866249084473,42.361369,8.27567,2020-02-20
-0.0233096695231164,c1205,19.834077835083008,42.361369,8.27567,2020-02-21
,c1205,15.855749130249023,42.361369,8.27567,2020-02-22
,c1205,56.948150634765625,42.361369,8.27567,2020-02-23
,c1205,27.993669509887695,42.361369,8.27567,2020-02-24
,c1205,51.33502197265625,42.361369,8.27567,2020-02-25
-0.0595436562948367,c1205,60.343841552734375,42.361369,8.27567,2020-02-26
,c1205,24.54133415222168,42.361369,8.27567,2020-02-27
,c1205,8.571133613586426,42.361369,8.27567,2020-02-28
,c1205,61.19370651245117,42.361369,8.27567,2020-02-29
,c1205,65.89372253417969,42.361369,8.27567,2020-03-01
-0.5783457135452943,c1205,90.3953857421875,42.361369,8.27567,2020-03-02
,c1205,68.73328399658203,42.361369,8.27567,2020-03-03
,c1205,32.87388229370117,42.361369,8.27567,2020-03-04
,c1205,42.09645080566406,42.361369,8.27567,2020-03-05
,c1205,43.90711975097656,42.361369,8.27567,2020-03-06
-0.0951246647931197,c1205,37.965335845947266,42.361369,8.27567,2020-03-07
,c1205,52.01772689819336,42.361369,8.27567,2020-03-08
,c1205,78.20526885986328,42.361369,8.27567,2020-03-09
,c1205,54.60798263549805,42.361369,8.27567,2020-03-10
,c1205,17.336994171142578,42.361369,8.27567,2020-03-11
-0.2126112168326097,c1205,39.85929107666016,42.361369,8.27567,2020-03-12
,c1205,44.71434783935547,42.361369,8.27567,2020-03-13
,c1205,78.41551208496094,42.361369,8.27567,2020-03-14
,c1205,31.009239196777344,42.361369,8.27567,2020-03-15
,c1205,6.594321250915527,42.361369,8.27567,2020-03-16
-0.2164798933793516,c1205,58.30808639526367,42.361369,8.27567,2020-03-17
,c1205,43.92003631591797,42.361369,8.27567,2020-03-18
,c1205,15.37596321105957,42.361369,8.27567,2020-03-19
,c1205,12.154279708862305,42.361369,8.27567,2020-03-20
,c1205,66.73719024658203,42.361369,8.27567,2020-03-21
-0.2410115946741664,c1205,67.71819305419922,42.361369,8.27567,2020-03-22
,c1205,59.56222915649414,42.361369,8.27567,2020-03-23
,c1205,41.61883163452149,42.361369,8.27567,2020-03-24
,c1205,74.72138977050781,42.361369,8.27567,2020-03-25
,c1205,78.99666595458984,42.361369,8.27567,2020-03-26
-0.1081155041561407,c1205,67.75232696533203,42.361369,8.27567,2020-03-27
,c1205,38.48124313354492,42.361369,8.27567,2020-03-28
,c1205,37.490360260009766,42.361369,8.27567,2020-03-29
,c1205,72.80961608886719,42.361369,8.27567,2020-03-30
,c1205,50.55167388916016,42.361369,8.27567,2020-03-31
-0.1015238079406759,c1205,59.05635452270508,42.361369,8.27567,2020-04-01
,c1205,28.196508407592773,42.361369,8.27567,2020-04-02
,c1205,45.33246612548828,42.361369,8.27567,2020-04-03
,c1205,20.131521224975582,42.361369,8.27567,2020-04-04
,c1205,9.213647842407228,42.361369,8.27567,2020-04-05
-0.1621368449838722,c1205,19.2712459564209,42.361369,8.27567,2020-04-06
,c1205,11.392369270324709,42.361369,8.27567,2020-04-07
,c1205,2.074113607406616,42.361369,8.27567,2020-04-08
,c1205,1.842361330986023,42.361369,8.27567,2020-04-09
,c1205,3.930028200149536,42.361369,8.27567,2020-04-10
-0.2610193592660566,c1205,8.155004501342773,42.361369,8.27567,2020-04-11
,c1205,3.2962822914123535,42.361369,8.27567,2020-04-12
,c1205,68.69422149658203,42.361369,8.27567,2020-04-13
,c1205,57.28797912597656,42.361369,8.27567,2020-04-14
,c1205,15.796887397766112,42.361369,8.27567,2020-04-15
-0.2464008947943939,c1205,57.78382873535156,42.361369,8.27567,2020-04-16
,c1205,19.075284957885746,42.361369,8.27567,2020-04-17
,c1205,67.53929138183594,42.361369,8.27567,2020-04-18
,c1205,62.074798583984375,42.361369,8.27567,2020-04-19
,c1205,91.3614273071289,42.361369,8.27567,2020-04-20
-0.5220184443628086,c1205,82.71844482421875,42.361369,8.27567,2020-04-21
,c1205,51.100196838378906,42.361369,8.27567,2020-04-22
,c1205,22.15031623840332,42.361369,8.27567,2020-04-23
,c1205,22.542627334594727,42.361369,8.27567,2020-04-24
,c1205,35.08345031738281,42.361369,8.27567,2020-04-25
-0.0879630967536393,c1205,35.63404083251953,42.361369,8.27567,2020-04-26
,c1205,15.71096420288086,42.361369,8.27567,2020-04-27
,c1205,70.00704956054688,42.361369,8.27567,2020-04-28
,c1205,60.34890365600586,42.361369,8.27567,2020-04-29
,c1205,22.94863510131836,42.361369,8.27567,2020-04-30
-0.1390987885787206,c1205,58.521217346191406,42.361369,8.27567,2020-05-01
,c1205,63.9265251159668,42.361369,8.27567,2020-05-02
,c1205,19.48905563354492,42.361369,8.27567,2020-05-03
,c1205,10.395085334777832,42.361369,8.27567,2020-05-04
,c1205,60.32535552978515,42.361369,8.27567,2020-05-05
-0.0797372235149583,c1205,36.994903564453125,42.361369,8.27567,2020-05-06
,c1205,14.328829765319824,42.361369,8.27567,2020-05-07
,c1205,35.75270462036133,42.361369,8.27567,2020-05-08
,c1205,23.707447052001953,42.361369,8.27567,2020-05-09
,c1205,48.10334014892578,42.361369,8.27567,2020-05-10
-0.0195339482332415,c1205,45.14598846435547,42.361369,8.27567,2020-05-11
,c1205,35.26662826538086,42.361369,8.27567,2020-05-12
,c1205,92.54434967041016,42.361369,8.27567,2020-05-13
,c1205,64.43824005126953,42.361369,8.27567,2020-05-14
,c1205,74.0555419921875,42.361369,8.27567,2020-05-15
-0.4650395924554152,c1205,78.86749267578125,42.361369,8.27567,2020-05-16
,c1205,73.41288757324219,42.361369,8.27567,2020-05-17
,c1205,76.9228515625,42.361369,8.27567,2020-05-18
,c1205,77.61869049072266,42.361369,8.27567,2020-05-19
,c1205,58.96802520751953,42.361369,8.27567,2020-05-20
-0.2064340769203707,c1205,16.74078941345215,42.361369,8.27567,2020-05-21
,c1205,18.133838653564453,42.361369,8.27567,2020-05-22
,c1205,16.356910705566406,42.361369,8.27567,2020-05-23
,c1205,33.81037902832031,42.361369,8.27567,2020-05-24
,c1205,22.872621536254883,42.361369,8.27567,2020-05-25
-0.1798966788632028,c1205,13.219837188720703,42.361369,8.27567,2020-05-26
,c1205,33.43152618408203,42.361369,8.27567,2020-05-27
,c1205,33.416622161865234,42.361369,8.27567,2020-05-28
,c1205,40.63640594482422,42.361369,8.27567,2020-05-29
,c1205,52.44021987915039,42.361369,8.27567,2020-05-30
-0.1342594468527856,c1205,30.37470436096191,42.361369,8.27567,2020-05-31
,c1205,43.467735290527344,42.361369,8.27567,2020-06-01
,c1205,34.380958557128906,42.361369,8.27567,2020-06-02
,c1205,25.69464111328125,42.361369,8.27567,2020-06-03
,c1205,52.26929473876953,42.361369,8.27567,2020-06-04
-0.0085096075555638,c1205,41.13851547241211,42.361369,8.27567,2020-06-05
,c1205,35.19761657714844,42.361369,8.27567,2020-06-06
,c1205,65.92726135253906,42.361369,8.27567,2020-06-07
,c1205,57.83690643310547,42.361369,8.27567,2020-06-08
,c1205,52.421749114990234,42.361369,8.27567,2020-06-09
-0.1072841730735757,c1205,42.22991180419922,42.361369,8.27567,2020-06-10
,c1205,50.99784469604492,42.361369,8.27567,2020-06-11
,c1205,12.999500274658203,42.361369,8.27567,2020-06-12
,c1205,40.46189498901367,42.361369,8.27567,2020-06-13
,c1205,28.757097244262695,42.361369,8.27567,2020-06-14
-0.0247877270626999,c1205,21.25982093811035,42.361369,8.27567,2020-06-15
,c1205,45.145076751708984,42.361369,8.27567,2020-06-16
,c1205,32.05051040649414,42.361369,8.27567,2020-06-17
,c1205,42.00855255126953,42.361369,8.27567,2020-06-18
,c1205,39.01223373413086,42.361369,8.27567,2020-06-19
-0.0372284721583128,c1205,12.66364288330078,42.361369,8.27567,2020-06-20
,c1205,48.426021575927734,42.361369,8.27567,2020-06-21
,c1205,11.915023803710938,42.361369,8.27567,2020-06-22
,c1205,30.976593017578125,42.361369,8.27567,2020-06-23
,c1205,14.808424949645996,42.361369,8.27567,2020-06-24
-0.0436475947061005,c1205,13.561378479003906,42.361369,8.27567,2020-06-25
,c1205,18.77144432067871,42.361369,8.27567,2020-06-26
,c1205,17.699941635131836,42.361369,8.27567,2020-06-27
,c1205,17.65145492553711,42.361369,8.27567,2020-06-28
,c1205,16.113243103027344,42.361369,8.27567,2020-06-29
-0.0035742502276073,c1205,11.88713264465332,42.361369,8.27567,2020-06-30
,c1205,9.81223964691162,42.361369,8.27567,2020-07-01
,c1205,18.742515563964844,42.361369,8.27567,2020-07-02
,c1205,37.813865661621094,42.361369,8.27567,2020-07-03
,c1205,32.41740036010742,42.361369,8.27567,2020-07-04
-0.0042977540918132,c1205,11.0779390335083,42.361369,8.27567,2020-07-05
,c1205,14.589433670043944,42.361369,8.27567,2020-07-06
,c1205,8.402413368225098,42.361369,8.27567,2020-07-07
,c1205,4.613733768463135,42.361369,8.27567,2020-07-08
,c1205,6.622088432312012,42.361369,8.27567,2020-07-09
-0.0976312876679003,c1205,16.963014602661133,42.361369,8.27567,2020-07-10
,c1205,11.448410987854004,42.361369,8.27567,2020-07-11
,c1205,11.525049209594728,42.361369,8.27567,2020-07-12
,c1205,29.9527587890625,42.361369,8.27567,2020-07-13
,c1205,10.715842247009276,42.361369,8.27567,2020-07-14
-0.0010872542008976,c1205,29.385536193847656,42.361369,8.27567,2020-07-15
,c1205,29.30115509033203,42.361369,8.27567,2020-07-16
,c1205,30.011322021484375,42.361369,8.27567,2020-07-17
,c1205,31.194225311279297,42.361369,8.27567,2020-07-18
,c1205,16.11610984802246,42.361369,8.27567,2020-07-19
-0.0456563039984115,c1205,6.143966197967529,42.361369,8.27567,2020-07-20
,c1205,6.120668888092041,42.361369,8.27567,2020-07-21
,c1205,10.2691650390625,42.361369,8.27567,2020-07-22
,c1205,14.196441650390623,42.361369,8.27567,2020-07-23
,c1205,30.561433792114254,42.361369,8.27567,2020-07-24
0.0131469326367711,c1205,8.3265962600708,42.361369,8.27567,2020-07-25
,c1205,26.869699478149418,42.361369,8.27567,2020-07-26
,c1205,3.3322296142578125,42.361369,8.27567,2020-07-27
,c1205,11.271838188171388,42.361369,8.27567,2020-07-28
,c1205,4.507768630981445,42.361369,8.27567,2020-07-29
-0.0374817305162329,c1205,9.464797019958496,42.361369,8.27567,2020-07-30
,c1205,2.45658802986145,42.361369,8.27567,2020-07-31
,c1205,1.9649713039398191,42.361369,8.27567,2020-08-01
,c1205,12.504295349121094,42.361369,8.27567,2020-08-02
,c1205,34.30173110961914,42.361369,8.27567,2020-08-03
0.0262096119441968,c1205,41.93700408935547,42.361369,8.27567,2020-08-04
,c1205,53.435977935791016,42.361369,8.27567,2020-08-05
,c1205,9.630017280578612,42.361369,8.27567,2020-08-06
,c1205,18.098922729492188,42.361369,8.27567,2020-08-07
,c1205,9.221476554870604,42.361369,8.27567,2020-08-08
-0.0650468368001063,c1205,2.3548710346221924,42.361369,8.27567,2020-08-09
,c1205,4.615633010864258,42.361369,8.27567,2020-08-10
,c1205,9.265491485595703,42.361369,8.27567,2020-08-11
,c1205,18.8333683013916,42.361369,8.27567,2020-08-12
,c1205,7.042781352996826,42.361369,8.27567,2020-08-13
-0.0493841814589412,c1205,16.518234252929688,42.361369,8.27567,2020-08-14
,c1205,20.41147804260254,42.361369,8.27567,2020-08-15
,c1205,18.931856155395508,42.361369,8.27567,2020-08-16
,c1205,18.196393966674805,42.361369,8.27567,2020-08-17
,c1205,57.06782150268555,42.361369,8.27567,2020-08-18
0.0208308355581453,c1205,15.100799560546877,42.361369,8.27567,2020-08-19
,c1205,1.2167582511901855,42.361369,8.27567,2020-08-20
,c1205,3.9088969230651855,42.361369,8.27567,2020-08-21
,c1205,8.893293380737305,42.361369,8.27567,2020-08-22
,c1205,18.329225540161133,42.361369,8.27567,2020-08-23
-0.0375907175797585,c1205,16.33332633972168,42.361369,8.27567,2020-08-24
,c1205,11.876202583312988,42.361369,8.27567,2020-08-25
,c1205,13.845932960510254,42.361369,8.27567,2020-08-26
,c1205,7.501750469207764,42.361369,8.27567,2020-08-27
,c1205,7.61477518081665,42.361369,8.27567,2020-08-28
-0.3225772983011077,c1205,40.54921340942383,42.361369,8.27567,2020-08-29
,c1205,34.25776290893555,42.361369,8.27567,2020-08-30
,c1205,80.28221130371094,42.361369,8.27567,2020-08-31
,c1205,26.45258522033691,42.361369,8.27567,2020-09-01
,c1205,61.09358978271485,42.361369,8.27567,2020-09-02
-0.0720591896158807,c1205,22.106693267822266,42.361369,8.27567,2020-09-03
,c1205,14.285223007202148,42.361369,8.27567,2020-09-04
,c1205,14.196330070495604,42.361369,8.27567,2020-09-05
,c1205,14.058874130249023,42.361369,8.27567,2020-09-06
,c1205,24.6258602142334,42.361369,8.27567,2020-09-07
0.0115296312347602,c1205,28.491689682006836,42.361369,8.27567,2020-09-08
,c1205,1.3606319427490234,42.361369,8.27567,2020-09-09
,c1205,73.08000183105469,42.361369,8.27567,2020-09-10
,c1205,32.85948181152344,42.361369,8.27567,2020-09-11
,c1205,21.725276947021484,42.361369,8.27567,2020-09-12
-0.0360197680070996,c1205,10.39372444152832,42.361369,8.27567,2020-09-13
,c1205,26.64580345153809,42.361369,8.27567,2020-09-14
,c1205,9.158981323242188,42.361369,8.27567,2020-09-15
,c1205,50.6606559753418,42.361369,8.27567,2020-09-16
,c1205,22.305635452270508,42.361369,8.27567,2020-09-17
-0.1814884626251809,c1205,27.570396423339844,42.361369,8.27567,2020-09-18
,c1205,31.76459503173828,42.361369,8.27567,2020-09-19
,c1205,39.20089340209961,42.361369,8.27567,2020-09-20
,c1205,22.4575252532959,42.361369,8.27567,2020-09-21
,c1205,49.355194091796875,42.361369,8.27567,2020-09-22
-0.3535704727996797,c1205,53.04744720458984,42.361369,8.27567,2020-09-23
,c1205,35.17777633666992,42.361369,8.27567,2020-09-24
,c1205,47.27959060668945,42.361369,8.27567,2020-09-25
,c1205,51.22856140136719,42.361369,8.27567,2020-09-26
,c1205,70.2605972290039,42.361369,8.27567,2020-09-27
-0.0080743760527933,c1205,45.936485290527344,42.361369,8.27567,2020-09-28
,c1205,31.62626838684082,42.361369,8.27567,2020-09-29
,c1205,21.86162567138672,42.361369,8.27567,2020-09-30
,c1205,44.439266204833984,42.361369,8.27567,2020-10-01
,c1205,2.2000000171829015e-05,42.361369,8.27567,2020-10-02
,c1205,34.3211669921875,42.361369,8.27567,2020-10-03
,c1205,70.04114532470703,42.361369,8.27567,2020-10-04
,c1205,21.439844131469727,42.361369,8.27567,2020-10-06
,c1205,99.99999237060548,42.361369,8.27567,2020-10-07
,c1205,13.508493423461914,42.361369,8.27567,2020-10-08
,c1205,1.1362379789352417,42.361369,8.27567,2020-10-09
,c1205,2.725739002227783,42.361369,8.27567,2020-10-10
,c1205,0.0401449985802173,42.361369,8.27567,2020-10-11
,c1205,53.87833023071289,42.361369,8.27567,2020-10-12
,c1205,0.8774930238723755,42.361369,8.27567,2020-10-13
,c1205,0.528361976146698,42.361369,8.27567,2020-10-14
,c1205,90.8990249633789,42.361369,8.27567,2020-10-15
,c1205,6.339303970336914,42.361369,8.27567,2020-10-16
,c1205,93.3309326171875,42.361369,8.27567,2020-10-17
,c1205,28.803293228149418,42.361369,8.27567,2020-10-18
,c1205,0.6879749894142151,42.361369,8.27567,2020-10-19
,c1205,0.1631660014390945,42.361369,8.27567,2020-10-20
,c1205,2.8968169689178467,42.361369,8.27567,2020-10-21
,c1205,99.46707153320312,42.361369,8.27567,2020-10-22
,c1205,0.0838870033621788,42.361369,8.27567,2020-10-23
,c1205,17.21694564819336,42.361369,8.27567,2020-10-24
,c1205,99.15509033203124,42.361369,8.27567,2020-10-25
,c1205,10.609012603759766,42.361369,8.27567,2020-10-26
,c1205,21.417293548583984,42.361369,8.27567,2020-10-27
,c1205,71.18598175048828,42.361369,8.27567,2020-10-28
,c1205,4.63870096206665,42.361369,8.27567,2020-10-29
,c1205,0.1042760014533996,42.361369,8.27567,2020-10-30
,c1205,0.6500009894371033,42.361369,8.27567,2020-10-31
,c1205,0.0030380000825971,42.361369,8.27567,2020-11-01
,c1205,27.807832717895508,42.361369,8.27567,2020-11-02
,c1205,7.32194709777832,42.361369,8.27567,2020-11-03
,c1205,47.721195220947266,42.361369,8.27567,2020-11-04
,c1205,33.569435119628906,42.361369,8.27567,2020-11-05
,c1205,14.703880310058594,42.361369,8.27567,2020-11-06
,c1205,7.920125961303711,42.361369,8.27567,2020-11-07
,c1205,10.846593856811523,42.361369,8.27567,2020-11-08
,c1205,67.55350494384766,42.361369,8.27567,2020-11-09
,c1205,1.0995049476623535,42.361369,8.27567,2020-11-10
,c1205,19.838274002075195,42.361369,8.27567,2020-11-11
,c1205,1.170199990272522,42.361369,8.27567,2020-11-12
,c1205,49.328250885009766,42.361369,8.27567,2020-11-13
,c1205,3.2964859008789062,42.361369,8.27567,2020-11-14
,c1205,47.26083755493164,42.361369,8.27567,2020-11-15
,c1205,5.582837104797363,42.361369,8.27567,2020-11-17
,c1205,22.488445281982425,42.361369,8.27567,2020-11-18
,c1205,1.6422280073165894,42.361369,8.27567,2020-11-19
,c1205,29.32609748840332,42.361369,8.27567,2020-11-20
,c1205,73.91643524169922,42.361369,8.27567,2020-11-21
,c1205,59.3754768371582,42.361369,8.27567,2020-11-22
,c1205,100.0,42.361369,8.27567,2020-11-23
,c1205,57.96090316772461,42.361369,8.27567,2020-11-24
,c1205,43.91927337646485,42.361369,8.27567,2020-11-25
,c1205,6.525506973266602,42.361369,8.27567,2020-11-26
,c1205,9.92986011505127,42.361369,8.27567,2020-11-27
,c1205,93.09803009033205,42.361369,8.27567,2020-11-28
,c1205,69.83943939208984,42.361369,8.27567,2020-11-29
,c1205,19.8056583404541,42.361369,8.27567,2020-11-30
,c1205,41.68292617797851,42.361369,8.27567,2020-12-01
-0.1588754247216617,c1205,75.1605224609375,42.361369,8.27567,2020-12-02
,c1205,96.52825927734376,42.361369,8.27567,2020-12-03
,c1205,69.9369888305664,42.361369,8.27567,2020-12-04
,c1205,67.72518157958984,42.361369,8.27567,2020-12-05
,c1205,77.59607696533203,42.361369,8.27567,2020-12-06
0.0004190743626917,c1205,56.54499435424805,42.361369,8.27567,2020-12-07
,c1205,75.88494110107422,42.361369,8.27567,2020-12-08
,c1205,65.17314910888672,42.361369,8.27567,2020-12-09
,c1205,55.30439758300781,42.361369,8.27567,2020-12-10
,c1205,51.77497482299805,42.361369,8.27567,2020-12-11
0.1437262294047019,c1205,68.12155151367188,42.361369,8.27567,2020-12-12
,c1205,56.13889694213867,42.361369,8.27567,2020-12-13
,c1205,0.935935080051422,42.361369,8.27567,2020-12-14
,c1205,45.859657287597656,42.361369,8.27567,2020-12-15
,c1205,38.621463775634766,42.361369,8.27567,2020-12-16
-0.0158247938489212,c1205,41.65553283691406,42.361369,8.27567,2020-12-17
,c1205,69.318115234375,42.361369,8.27567,2020-12-18
,c1205,69.77079010009766,42.361369,8.27567,2020-12-19
,c1205,77.99880981445312,42.361369,8.27567,2020-12-20
,c1205,40.10770034790039,42.361369,8.27567,2020-12-21
-0.2958863408249967,c1205,48.003395080566406,42.361369,8.27567,2020-12-22
,c1205,38.71026611328125,42.361369,8.27567,2020-12-23
,c1205,51.462867736816406,42.361369,8.27567,2020-12-24
,c1205,66.01300048828125,42.361369,8.27567,2020-12-25
,c1205,69.23277282714844,42.361369,8.27567,2020-12-26
-0.1075514206881908,c1205,57.74840545654297,42.361369,8.27567,2020-12-27
,c1205,63.83617401123047,42.361369,8.27567,2020-12-28
,c1205,59.647682189941406,42.361369,8.27567,2020-12-29
,c1205,47.77264404296875,42.361369,8.27567,2020-12-30
,c1205,38.75115203857422,42.361369,8.27567,2020-12-31
-0.52953923274489,c1205,54.41022109985352,42.361369,8.27567,2021-01-01
,c1205,59.48160171508789,42.361369,8.27567,2021-01-02
,c1205,60.3633918762207,42.361369,8.27567,2021-01-03
,c1205,64.2260971069336,42.361369,8.27567,2021-01-04
,c1205,68.73888397216797,42.361369,8.27567,2021-01-05
-0.1318931845263304,c1205,59.86531829833984,42.361369,8.27567,2021-01-06
,c1205,70.39200592041016,42.361369,8.27567,2021-01-07
,c1205,51.648136138916016,42.361369,8.27567,2021-01-08
,c1205,79.17967987060547,42.361369,8.27567,2021-01-09
,c1205,90.35905456542967,42.361369,8.27567,2021-01-10
0.5452342586482272,c1205,46.265357971191406,42.361369,8.27567,2021-01-11
,c1205,56.72026824951172,42.361369,8.27567,2021-01-12
,c1205,35.50214767456055,42.361369,8.27567,2021-01-13
,c1205,31.639867782592773,42.361369,8.27567,2021-01-14
,c1205,55.420684814453125,42.361369,8.27567,2021-01-15
-0.1862729128011885,c1205,39.59457778930664,42.361369,8.27567,2021-01-16
,c1205,82.30428314208984,42.361369,8.27567,2021-01-17
,c1205,25.339834213256836,42.361369,8.27567,2021-01-18
,c1205,25.936769485473633,42.361369,8.27567,2021-01-19
,c1205,54.749385833740234,42.361369,8.27567,2021-01-20
-0.1580819391590707,c1205,71.01886749267578,42.361369,8.27567,2021-01-21
,c1205,88.88213348388672,42.361369,8.27567,2021-01-22
,c1205,54.338253021240234,42.361369,8.27567,2021-01-23
,c1205,67.47439575195312,42.361369,8.27567,2021-01-24
,c1205,90.0584945678711,42.361369,8.27567,2021-01-25
-0.1605769240461728,c1205,51.62151336669922,42.361369,8.27567,2021-01-26
,c1205,47.605377197265625,42.361369,8.27567,2021-01-27
,c1205,85.71118927001953,42.361369,8.27567,2021-01-28
,c1205,87.3714599609375,42.361369,8.27567,2021-01-29
,c1205,62.21220016479492,42.361369,8.27567,2021-01-30
0.3245303341132753,c1205,55.47784805297851,42.361369,8.27567,2021-01-31
,c1205,61.71106719970703,42.361369,8.27567,2021-02-01
,c1205,29.098806381225582,42.361369,8.27567,2021-02-02
,c1205,41.052703857421875,42.361369,8.27567,2021-02-03
,c1205,41.71895980834961,42.361369,8.27567,2021-02-04
-0.3962036369478001,c1205,58.70997619628906,42.361369,8.27567,2021-02-05
,c1205,55.40873718261719,42.361369,8.27567,2021-02-06
,c1205,94.52930450439452,42.361369,8.27567,2021-02-07
,c1205,48.88433074951172,42.361369,8.27567,2021-02-08
,c1205,50.09735870361328,42.361369,8.27567,2021-02-09
-0.1548636058564571,c1205,64.44499969482422,42.361369,8.27567,2021-02-10
,c1205,40.99689483642578,42.361369,8.27567,2021-02-11
,c1205,66.55677032470703,42.361369,8.27567,2021-02-12
,c1205,75.79367065429688,42.361369,8.27567,2021-02-13
,c1205,46.8629150390625,42.361369,8.27567,2021-02-14
0.0362598324468468,c1205,29.275001525878903,42.361369,8.27567,2021-02-15
,c1205,36.55436706542969,42.361369,8.27567,2021-02-16
,c1205,47.89719009399414,42.361369,8.27567,2021-02-17
,c1205,48.89778900146485,42.361369,8.27567,2021-02-18
,c1205,54.91767883300781,42.361369,8.27567,2021-02-19
-0.0005426158799844,c1205,26.158050537109375,42.361369,8.27567,2021-02-20
,c1205,27.247072219848633,42.361369,8.27567,2021-02-21
,c1205,63.722049713134766,42.361369,8.27567,2021-02-22
,c1205,7.370214462280273,42.361369,8.27567,2021-02-23
,c1205,15.562582969665527,42.361369,8.27567,2021-02-24
0.0188474293948863,c1205,18.369590759277344,42.361369,8.27567,2021-02-25
,c1205,11.125679969787598,42.361369,8.27567,2021-02-26
,c1205,41.243919372558594,42.361369,8.27567,2021-02-27
,c1205,18.395837783813477,42.361369,8.27567,2021-02-28
,c1205,3.7383291721343994,42.361369,8.27567,2021-03-01
-0.2131498716771602,c1205,33.2890739440918,42.361369,8.27567,2021-03-02
,c1205,10.609511375427246,42.361369,8.27567,2021-03-03
,c1205,44.84944152832031,42.361369,8.27567,2021-03-04
,c1205,66.56787872314453,42.361369,8.27567,2021-03-05
,c1205,30.437030792236328,42.361369,8.27567,2021-03-06
-0.0498065175488591,c1205,39.07187271118164,42.361369,8.27567,2021-03-07
,c1205,56.30118179321289,42.361369,8.27567,2021-03-08
,c1205,63.88597869873047,42.361369,8.27567,2021-03-09
,c1205,49.66368103027344,42.361369,8.27567,2021-03-10
,c1205,38.972408294677734,42.361369,8.27567,2021-03-11
-0.199590287510963,c1205,46.57339096069336,42.361369,8.27567,2021-03-12
,c1205,44.53986740112305,42.361369,8.27567,2021-03-13
,c1205,60.91070938110352,42.361369,8.27567,2021-03-14
,c1205,53.74271774291992,42.361369,8.27567,2021-03-15
,c1205,35.47206115722656,42.361369,8.27567,2021-03-16
0.0206829833661151,c1205,41.0528564453125,42.361369,8.27567,2021-03-17
,c1205,64.74778747558594,42.361369,8.27567,2021-03-18
,c1205,64.3758316040039,42.361369,8.27567,2021-03-19
,c1205,58.55665969848633,42.361369,8.27567,2021-03-20
,c1205,62.70597839355469,42.361369,8.27567,2021-03-21
-0.048396197662634,c1205,38.619384765625,42.361369,8.27567,2021-03-22
,c1205,46.60120391845703,42.361369,8.27567,2021-03-23
,c1205,10.101113319396973,42.361369,8.27567,2021-03-24
,c1205,41.57806015014648,42.361369,8.27567,2021-03-25
,c1205,4.754055976867676,42.361369,8.27567,2021-03-26
-0.2072782460819272,c1205,45.79995346069336,42.361369,8.27567,2021-03-27
,c1205,29.975576400756836,42.361369,8.27567,2021-03-28
,c1205,11.91189193725586,42.361369,8.27567,2021-03-29
,c1205,21.69060516357422,42.361369,8.27567,2021-03-30
,c1205,1.6536378860473633,42.361369,8.27567,2021-03-31
-0.0780932429739657,c1205,11.71316909790039,42.361369,8.27567,2021-04-01
,c1205,22.836811065673828,42.361369,8.27567,2021-04-02
,c1205,40.517635345458984,42.361369,8.27567,2021-04-03
,c1205,54.61725997924805,42.361369,8.27567,2021-04-04
,c1205,24.45650100708008,42.361369,8.27567,2021-04-05
-0.0453060530646539,c1205,29.198333740234375,42.361369,8.27567,2021-04-06
,c1205,46.5963020324707,42.361369,8.27567,2021-04-07
,c1205,12.601293563842772,42.361369,8.27567,2021-04-08
,c1205,22.49445152282715,42.361369,8.27567,2021-04-09
,c1205,54.66629409790039,42.361369,8.27567,2021-04-10
-0.0592769909978789,c1205,60.96123504638672,42.361369,8.27567,2021-04-11
,c1205,80.8292236328125,42.361369,8.27567,2021-04-12
,c1205,43.940635681152344,42.361369,8.27567,2021-04-13
,c1205,46.1057243347168,42.361369,8.27567,2021-04-14
,c1205,65.08480072021484,42.361369,8.27567,2021-04-15
-0.2406559804344878,c1205,73.34839630126953,42.361369,8.27567,2021-04-16
,c1205,80.47297668457031,42.361369,8.27567,2021-04-17
,c1205,72.37567138671875,42.361369,8.27567,2021-04-18
,c1205,53.2537841796875,42.361369,8.27567,2021-04-19
,c1205,33.4835319519043,42.361369,8.27567,2021-04-20
-0.3696144711445359,c1205,65.17573547363281,42.361369,8.27567,2021-04-21
,c1205,74.04155731201172,42.361369,8.27567,2021-04-22
,c1205,33.43031692504883,42.361369,8.27567,2021-04-23
,c1205,41.50123596191406,42.361369,8.27567,2021-04-24
,c1205,11.213655471801758,42.361369,8.27567,2021-04-25
-0.1039484387811492,c1205,45.32979965209961,42.361369,8.27567,2021-04-26
,c1205,55.76336669921875,42.361369,8.27567,2021-04-27
,c1205,38.28998565673828,42.361369,8.27567,2021-04-28
,c1205,62.56381607055664,42.361369,8.27567,2021-04-29
,c1205,70.64165496826172,42.361369,8.27567,2021-04-30
-0.5009944835129905,c1205,91.73624420166016,42.361369,8.27567,2021-05-01
,c1205,63.64418411254883,42.361369,8.27567,2021-05-02
,c1205,45.0650520324707,42.361369,8.27567,2021-05-03
,c1205,53.098690032958984,42.361369,8.27567,2021-05-04
,c1205,73.40484619140625,42.361369,8.27567,2021-05-05
-0.0420709151966387,c1205,65.06880187988281,42.361369,8.27567,2021-05-06
,c1205,59.00286102294922,42.361369,8.27567,2021-05-07
,c1205,17.804990768432617,42.361369,8.27567,2021-05-08
,c1205,18.013395309448242,42.361369,8.27567,2021-05-09
,c1205,4.724276542663574,42.361369,8.27567,2021-05-10
-0.5992517797385944,c1205,47.555198669433594,42.361369,8.27567,2021-05-11
,c1205,37.05307388305664,42.361369,8.27567,2021-05-12
,c1205,38.9171028137207,42.361369,8.27567,2021-05-13
,c1205,53.72838592529297,42.361369,8.27567,2021-05-14
,c1205,48.98280334472656,42.361369,8.27567,2021-05-15
-0.0691739061189924,c1205,49.2318115234375,42.361369,8.27567,2021-05-16
,c1205,49.364166259765625,42.361369,8.27567,2021-05-17
,c1205,41.21561050415039,42.361369,8.27567,2021-05-18
,c1205,39.36470413208008,42.361369,8.27567,2021-05-19
,c1205,35.836952209472656,42.361369,8.27567,2021-05-20
-0.0754870891023208,c1205,28.398117065429688,42.361369,8.27567,2021-05-21
,c1205,47.10131072998047,42.361369,8.27567,2021-05-22
,c1205,63.444114685058594,42.361369,8.27567,2021-05-23
,c1205,57.21139907836914,42.361369,8.27567,2021-05-24
,c1205,30.97374153137207,42.361369,8.27567,2021-05-25
-0.0364513594533919,c1205,25.27869415283203,42.361369,8.27567,2021-05-26
,c1205,46.23523712158203,42.361369,8.27567,2021-05-27
,c1205,38.980567932128906,42.361369,8.27567,2021-05-28
,c1205,42.01292419433594,42.361369,8.27567,2021-05-29
,c1205,31.84694480895996,42.361369,8.27567,2021-05-30
-0.0060398168916649,c1205,41.927696228027344,42.361369,8.27567,2021-05-31
,c1205,34.3983154296875,42.361369,8.27567,2021-06-01
,c1205,59.34654235839844,42.361369,8.27567,2021-06-02
,c1205,20.889732360839844,42.361369,8.27567,2021-06-03
,c1205,21.63759422302246,42.361369,8.27567,2021-06-04
-0.0220643099780906,c1205,59.17691802978515,42.361369,8.27567,2021-06-05
,c1205,76.34026336669922,42.361369,8.27567,2021-06-06
,c1205,35.05793380737305,42.361369,8.27567,2021-06-07
,c1205,31.99739646911621,42.361369,8.27567,2021-06-08
,c1205,21.328439712524418,42.361369,8.27567,2021-06-09
0.0171615108244997,c1205,16.445661544799805,42.361369,8.27567,2021-06-10
,c1205,22.106380462646484,42.361369,8.27567,2021-06-11
,c1205,22.47502326965332,42.361369,8.27567,2021-06-12
,c1205,24.527196884155273,42.361369,8.27567,2021-06-13
,c1205,8.181374549865723,42.361369,8.27567,2021-06-14
-0.1553639484295511,c1205,16.72787094116211,42.361369,8.27567,2021-06-15
,c1205,34.978065490722656,42.361369,8.27567,2021-06-16
,c1205,43.286190032958984,42.361369,8.27567,2021-06-17
,c1205,27.511384963989254,42.361369,8.27567,2021-06-18
,c1205,35.370689392089844,42.361369,8.27567,2021-06-19
-0.2298625366433578,c1205,67.19817352294922,42.361369,8.27567,2021-06-20
,c1205,41.66706466674805,42.361369,8.27567,2021-06-21
,c1205,10.712940216064451,42.361369,8.27567,2021-06-22
,c1205,33.47068786621094,42.361369,8.27567,2021-06-23
,c1205,55.20478057861328,42.361369,8.27567,2021-06-24
-0.0257392300683183,c1205,18.429622650146484,42.361369,8.27567,2021-06-25
,c1205,32.37668228149414,42.361369,8.27567,2021-06-26
,c1205,36.01039123535156,42.361369,8.27567,2021-06-27
,c1205,33.0242919921875,42.361369,8.27567,2021-06-28
,c1205,29.854888916015625,42.361369,8.27567,2021-06-29
-0.0180380618172314,c1205,20.895538330078125,42.361369,8.27567,2021-06-30
,c1205,11.444488525390623,42.361369,8.27567,2021-07-01
,c1205,23.198171615600582,42.361369,8.27567,2021-07-02
,c1205,28.53081512451172,42.361369,8.27567,2021-07-03
,c1205,50.86112976074219,42.361369,8.27567,2021-07-04
-0.0176622219520675,c1205,19.30864524841309,42.361369,8.27567,2021-07-05
,c1205,10.584328651428224,42.361369,8.27567,2021-07-06
,c1205,19.554716110229492,42.361369,8.27567,2021-07-07
,c1205,23.686317443847656,42.361369,8.27567,2021-07-08
,c1205,9.48878288269043,42.361369,8.27567,2021-07-09
-0.014438311366693,c1205,3.4191603660583496,42.361369,8.27567,2021-07-10
,c1205,14.767809867858888,42.361369,8.27567,2021-07-11
,c1205,11.111371040344238,42.361369,8.27567,2021-07-12
,c1205,24.482650756835938,42.361369,8.27567,2021-07-13
,c1205,24.005239486694336,42.361369,8.27567,2021-07-14
-0.0082309249131118,c1205,32.67429733276367,42.361369,8.27567,2021-07-15
,c1205,36.98753356933594,42.361369,8.27567,2021-07-16
,c1205,50.87265396118164,42.361369,8.27567,2021-07-17
,c1205,42.55209732055664,42.361369,8.27567,2021-07-18
,c1205,27.763492584228516,42.361369,8.27567,2021-07-19
-0.0243481818367453,c1205,6.50612211227417,42.361369,8.27567,2021-07-20
,c1205,4.605132102966309,42.361369,8.27567,2021-07-21
,c1205,11.050012588500977,42.361369,8.27567,2021-07-22
,c1205,5.426817893981934,42.361369,8.27567,2021-07-23
,c1205,4.832584381103516,42.361369,8.27567,2021-07-24
-0.0636187125216512,c1205,43.62068939208984,42.361369,8.27567,2021-07-25
,c1205,40.33290100097656,42.361369,8.27567,2021-07-26
,c1205,59.00717544555664,42.361369,8.27567,2021-07-27
,c1205,17.845897674560547,42.361369,8.27567,2021-07-28
,c1205,1.3696109056472778,42.361369,8.27567,2021-07-29
0.0037162877893184,c1205,15.275764465332031,42.361369,8.27567,2021-07-30
,c1205,10.74931526184082,42.361369,8.27567,2021-07-31
,c1205,38.989227294921875,42.361369,8.27567,2021-08-01
,c1205,25.86183738708496,42.361369,8.27567,2021-08-02
,c1205,39.68159484863281,42.361369,8.27567,2021-08-03
-0.0995626357384026,c1205,51.90607070922851,42.361369,8.27567,2021-08-04
,c1205,46.24005889892578,42.361369,8.27567,2021-08-05
,c1205,10.336955070495604,42.361369,8.27567,2021-08-06
,c1205,18.71556854248047,42.361369,8.27567,2021-08-07
,c1205,24.4279727935791,42.361369,8.27567,2021-08-08
-0.5132532785920535,c1205,16.68190574645996,42.361369,8.27567,2021-08-09
,c1205,8.457257270812988,42.361369,8.27567,2021-08-10
,c1205,18.871124267578125,42.361369,8.27567,2021-08-11
,c1205,7.367623329162598,42.361369,8.27567,2021-08-12
,c1205,22.145599365234375,42.361369,8.27567,2021-08-13
0.5462139032781124,c1205,0.4874247312545776,42.361369,8.27567,2021-08-14
,c1205,3.932152509689331,42.361369,8.27567,2021-08-15
,c1205,17.799718856811523,42.361369,8.27567,2021-08-16
,c1205,20.678245544433594,42.361369,8.27567,2021-08-17
,c1205,13.938735008239746,42.361369,8.27567,2021-08-18
0.0556177891790866,c1205,13.823817253112791,42.361369,8.27567,2021-08-19
,c1205,8.100730895996094,42.361369,8.27567,2021-08-20
,c1205,4.090160369873047,42.361369,8.27567,2021-08-21
,c1205,25.16744804382324,42.361369,8.27567,2021-08-22
,c1205,26.535232543945312,42.361369,8.27567,2021-08-23
-0.001849034571034,c1205,27.69910049438477,42.361369,8.27567,2021-08-24
,c1205,37.41802215576172,42.361369,8.27567,2021-08-25
,c1205,14.452765464782717,42.361369,8.27567,2021-08-26
,c1205,28.09786796569824,42.361369,8.27567,2021-08-27
,c1205,39.993186950683594,42.361369,8.27567,2021-08-28
0.3126123106216683,c1205,23.943801879882812,42.361369,8.27567,2021-08-29
,c1205,12.78097915649414,42.361369,8.27567,2021-08-30
,c1205,28.408411026000977,42.361369,8.27567,2021-08-31
,c1205,20.905731201171875,42.361369,8.27567,2021-09-01
,c1205,26.55278968811035,42.361369,8.27567,2021-09-02
-0.083801520555554,c1205,28.619434356689453,42.361369,8.27567,2021-09-03
,c1205,26.890335083007812,42.361369,8.27567,2021-09-04
,c1205,4.8955183029174805,42.361369,8.27567,2021-09-05
,c1205,16.169218063354492,42.361369,8.27567,2021-09-06
,c1205,16.345664978027344,42.361369,8.27567,2021-09-07
-0.0561103982193504,c1205,51.59451675415039,42.361369,8.27567,2021-09-08
,c1205,35.71286392211914,42.361369,8.27567,2021-09-09
,c1205,50.24313735961914,42.361369,8.27567,2021-09-10
,c1205,41.716766357421875,42.361369,8.27567,2021-09-11
,c1205,4.754809856414795,42.361369,8.27567,2021-09-12
-0.3559549105518004,c1205,17.92038917541504,42.361369,8.27567,2021-09-13
,c1205,20.77700424194336,42.361369,8.27567,2021-09-14
,c1205,74.13776397705078,42.361369,8.27567,2021-09-15
,c1205,59.92584609985352,42.361369,8.27567,2021-09-16
,c1205,65.78599548339844,42.361369,8.27567,2021-09-17
0.0198951145551879,c1205,26.99853515625,42.361369,8.27567,2021-09-18
,c1205,22.050668716430664,42.361369,8.27567,2021-09-19
,c1205,52.5596923828125,42.361369,8.27567,2021-09-20
,c1205,33.26797866821289,42.361369,8.27567,2021-09-21
,c1205,57.85645294189453,42.361369,8.27567,2021-09-22
0.6471914862885194,c1205,32.604286193847656,42.361369,8.27567,2021-09-23
,c1205,18.757081985473633,42.361369,8.27567,2021-09-24
,c1205,37.99269485473633,42.361369,8.27567,2021-09-25
,c1205,29.87020492553711,42.361369,8.27567,2021-09-26
,c1205,66.62767791748047,42.361369,8.27567,2021-09-27
0.2633256782284554,c1205,30.26799201965332,42.361369,8.27567,2021-09-28
,c1205,60.52552795410156,42.361369,8.27567,2021-09-29
,c1205,19.30188751220703,42.361369,8.27567,2021-09-30
,c1205,27.748016357421875,42.361369,8.27567,2021-10-01
,c1205,66.58153533935547,42.361369,8.27567,2021-10-02
0.0728449526955099,c1205,42.20869445800781,42.361369,8.27567,2021-10-03
,c1205,10.349836349487305,42.361369,8.27567,2021-10-04
,c1205,59.11912536621094,42.361369,8.27567,2021-10-05
,c1205,64.69215393066406,42.361369,8.27567,2021-10-06
,c1205,61.867164611816406,42.361369,8.27567,2021-10-07
0.6108852897496784,c1205,38.29141616821289,42.361369,8.27567,2021-10-08
,c1205,44.644073486328125,42.361369,8.27567,2021-10-09
,c1205,26.080020904541016,42.361369,8.27567,2021-10-10
,c1205,40.978660583496094,42.361369,8.27567,2021-10-11
,c1205,64.40565490722656,42.361369,8.27567,2021-10-12
-0.0336060448987957,c1205,31.207679748535156,42.361369,8.27567,2021-10-13
,c1205,49.99188232421875,42.361369,8.27567,2021-10-14
,c1205,11.105860710144045,42.361369,8.27567,2021-10-15
,c1205,26.237720489501953,42.361369,8.27567,2021-10-16
,c1205,18.21538734436035,42.361369,8.27567,2021-10-17
-0.2843699470162392,c1205,20.50815200805664,42.361369,8.27567,2021-10-18
,c1205,17.32429313659668,42.361369,8.27567,2021-10-19
,c1205,18.303686141967773,42.361369,8.27567,2021-10-20
,c1205,41.625267028808594,42.361369,8.27567,2021-10-21
,c1205,69.28434753417969,42.361369,8.27567,2021-10-22
0.4833759669433621,c1205,33.83420944213867,42.361369,8.27567,2021-10-23
,c1205,43.68853759765625,42.361369,8.27567,2021-10-24
,c1205,85.09952545166016,42.361369,8.27567,2021-10-25
,c1205,54.51482772827149,42.361369,8.27567,2021-10-26
,c1205,49.08942031860352,42.361369,8.27567,2021-10-27
-0.2164376182152944,c1205,57.167842864990234,42.361369,8.27567,2021-10-28
,c1205,54.24626541137695,42.361369,8.27567,2021-10-29
,c1205,69.06678009033203,42.361369,8.27567,2021-10-30
,c1205,49.93487548828125,42.361369,8.27567,2021-10-31
,c1205,46.793922424316406,42.361369,8.27567,2021-11-01
,c1205,19.509754180908203,42.361369,8.27567,2021-11-02
,c1205,0.0008520000264979,42.361369,8.27567,2021-11-03
,c1205,17.8761043548584,42.361369,8.27567,2021-11-04
,c1205,100.0,42.361369,8.27567,2021-11-05
,c1205,95.20993041992188,42.361369,8.27567,2021-11-06
,c1205,43.94576644897461,42.361369,8.27567,2021-11-07
,c1205,74.39949798583984,42.361369,8.27567,2021-11-08
,c1205,47.01737594604492,42.361369,8.27567,2021-11-10
,c1205,30.686431884765625,42.361369,8.27567,2021-11-11
,c1205,21.40302848815918,42.361369,8.27567,2021-11-12
,c1205,80.68302154541016,42.361369,8.27567,2021-11-13
,c1205,50.547645568847656,42.361369,8.27567,2021-11-14
,c1205,6.474949836730957,42.361369,8.27567,2021-11-15
,c1205,44.193214416503906,42.361369,8.27567,2021-11-16
,c1205,31.81200408935547,42.361369,8.27567,2021-11-17
,c1205,99.9758758544922,42.361369,8.27567,2021-11-18
,c1205,1.9550909996032717,42.361369,8.27567,2021-11-19
,c1205,0.5039129853248596,42.361369,8.27567,2021-11-20
,c1205,66.32992553710938,42.361369,8.27567,2021-11-21
,c1205,98.93824768066406,42.361369,8.27567,2021-11-22
,c1205,3.032875061035156,42.361369,8.27567,2021-11-23
,c1205,6.9923272132873535,42.361369,8.27567,2021-11-24
,c1205,99.96736907958984,42.361369,8.27567,2021-11-25
,c1205,65.1568374633789,42.361369,8.27567,2021-11-26
,c1205,100.0,42.361369,8.27567,2021-11-27
,c1205,99.76052856445312,42.361369,8.27567,2021-11-28
,c1205,21.194604873657227,42.361369,8.27567,2021-11-29
,c1205,4.209431171417236,42.361369,8.27567,2021-11-30
,c1205,39.17954635620117,42.361369,8.27567,2021-12-01
-0.5592690580031451,c1205,60.467735290527344,42.361369,8.27567,2021-12-02
,c1205,86.72945404052734,42.361369,8.27567,2021-12-03
,c1205,59.95217514038086,42.361369,8.27567,2021-12-04
,c1205,57.718780517578125,42.361369,8.27567,2021-12-05
,c1205,68.24369049072266,42.361369,8.27567,2021-12-06
0.3701527668272747,c1205,21.851612091064453,42.361369,8.27567,2021-12-07
,c1205,43.147979736328125,42.361369,8.27567,2021-12-08
,c1205,73.37799072265625,42.361369,8.27567,2021-12-09
,c1205,53.94562149047851,42.361369,8.27567,2021-12-10
,c1205,72.0213851928711,42.361369,8.27567,2021-12-11
0.0229839617715162,c1205,24.884435653686523,42.361369,8.27567,2021-12-12
,c1205,30.94068717956543,42.361369,8.27567,2021-12-13
,c1205,18.54358673095703,42.361369,8.27567,2021-12-14
,c1205,44.48690414428711,42.361369,8.27567,2021-12-15
,c1205,38.37211990356445,42.361369,8.27567,2021-12-16
-0.0362745131639873,c1205,15.145777702331545,42.361369,8.27567,2021-12-17
,c1205,17.571809768676758,42.361369,8.27567,2021-12-18
,c1205,9.95229434967041,42.361369,8.27567,2021-12-19
,c1205,22.015625,42.361369,8.27567,2021-12-20
,c1205,55.44978713989258,42.361369,8.27567,2021-12-21
0.1487142655998468,c1205,38.88793182373047,42.361369,8.27567,2021-12-22
,c1205,57.926395416259766,42.361369,8.27567,2021-12-23
,c1205,59.8006591796875,42.361369,8.27567,2021-12-24
,c1205,85.30101776123047,42.361369,8.27567,2021-12-25
,c1205,90.69022369384766,42.361369,8.27567,2021-12-26
-0.6081430344020617,c1205,87.1137924194336,42.361369,8.27567,2021-12-27
,c1205,63.06919860839844,42.361369,8.27567,2021-12-28
,c1205,68.53203582763672,42.361369,8.27567,2021-12-29
,c1205,46.06067657470703,42.361369,8.27567,2021-12-30
,c1205,26.74387550354004,42.361369,8.27567,2021-12-31
-0.1591355230987948,c1205,53.001686096191406,42.361369,8.27567,2022-01-01
,c1205,38.66674041748047,42.361369,8.27567,2022-01-02
,c1205,70.95856475830078,42.361369,8.27567,2022-01-03
,c1205,63.245262145996094,42.361369,8.27567,2022-01-04
,c1205,41.094051361083984,42.361369,8.27567,2022-01-05
-0.178243074434645,c1205,56.2508544921875,42.361369,8.27567,2022-01-06
,c1205,45.78484344482422,42.361369,8.27567,2022-01-07
,c1205,27.6723575592041,42.361369,8.27567,2022-01-08
,c1205,57.39078521728515,42.361369,8.27567,2022-01-09
,c1205,73.67633819580078,42.361369,8.27567,2022-01-10
-0.1328649147030185,c1205,38.493167877197266,42.361369,8.27567,2022-01-11
,c1205,40.53758239746094,42.361369,8.27567,2022-01-12
,c1205,23.17367172241211,42.361369,8.27567,2022-01-13
,c1205,11.204217910766602,42.361369,8.27567,2022-01-14
,c1205,10.2178955078125,42.361369,8.27567,2022-01-15
-0.2343689973959151,c1205,16.926855087280273,42.361369,8.27567,2022-01-16
,c1205,45.19148254394531,42.361369,8.27567,2022-01-17
,c1205,25.35706901550293,42.361369,8.27567,2022-01-18
,c1205,18.593597412109375,42.361369,8.27567,2022-01-19
,c1205,52.342979431152344,42.361369,8.27567,2022-01-20
-0.0930809619946076,c1205,35.64152526855469,42.361369,8.27567,2022-01-21
,c1205,37.01105880737305,42.361369,8.27567,2022-01-22
,c1205,20.721416473388672,42.361369,8.27567,2022-01-23
,c1205,31.715831756591797,42.361369,8.27567,2022-01-24
,c1205,23.95174789428711,42.361369,8.27567,2022-01-25
-0.2427327604854808,c1205,34.403865814208984,42.361369,8.27567,2022-01-26
,c1205,55.93828582763672,42.361369,8.27567,2022-01-27
,c1205,39.69441986083984,42.361369,8.27567,2022-01-28
,c1205,37.29465103149414,42.361369,8.27567,2022-01-29
,c1205,16.27094841003418,42.361369,8.27567,2022-01-30
-0.0509813546367427,c1205,37.54322814941406,42.361369,8.27567,2022-01-31
,c1205,56.30482482910156,42.361369,8.27567,2022-02-01
,c1205,46.01873779296875,42.361369,8.27567,2022-02-02
,c1205,26.719202041625977,42.361369,8.27567,2022-02-03
,c1205,47.58128356933594,42.361369,8.27567,2022-02-04
-0.2148155548007172,c1205,41.34254455566406,42.361369,8.27567,2022-02-05
,c1205,52.67021942138672,42.361369,8.27567,2022-02-06
,c1205,41.27361679077149,42.361369,8.27567,2022-02-07
,c1205,21.908226013183594,42.361369,8.27567,2022-02-08
,c1205,0.4034971892833709,42.361369,8.27567,2022-02-09
0.7282658519552034,c1205,8.826221466064453,42.361369,8.27567,2022-02-10
,c1205,9.347158432006836,42.361369,8.27567,2022-02-11
,c1205,28.25564956665039,42.361369,8.27567,2022-02-12
,c1205,20.954683303833008,42.361369,8.27567,2022-02-13
,c1205,56.67811584472656,42.361369,8.27567,2022-02-14
0.0015626117696656,c1205,44.5478630065918,42.361369,8.27567,2022-02-15
,c1205,42.663482666015625,42.361369,8.27567,2022-02-16
,c1205,59.49249649047851,42.361369,8.27567,2022-02-17
,c1205,18.955997467041016,42.361369,8.27567,2022-02-18
,c1205,92.96436309814452,42.361369,8.27567,2022-02-19
0.0265787225216627,c1205,38.149169921875,42.361369,8.27567,2022-02-20
,c1205,63.75040054321289,42.361369,8.27567,2022-02-21
,c1205,20.005083084106445,42.361369,8.27567,2022-02-22
,c1205,19.316179275512695,42.361369,8.27567,2022-02-23
,c1205,45.11817169189453,42.361369,8.27567,2022-02-24
-0.1819345855975852,c1205,40.34698867797851,42.361369,8.27567,2022-02-25
,c1205,74.04682159423828,42.361369,8.27567,2022-02-26
,c1205,50.22000503540039,42.361369,8.27567,2022-02-27
,c1205,39.275901794433594,42.361369,8.27567,2022-02-28
,c1205,29.428543090820312,42.361369,8.27567,2022-03-01
-0.3121681262465084,c1205,26.55909538269043,42.361369,8.27567,2022-03-02
,c1205,48.03841781616211,42.361369,8.27567,2022-03-03
,c1205,49.10235977172851,42.361369,8.27567,2022-03-04
,c1205,63.54679489135742,42.361369,8.27567,2022-03-05
,c1205,45.80171203613281,42.361369,8.27567,2022-03-06
-0.2105838110341745,c1205,27.613420486450195,42.361369,8.27567,2022-03-07
,c1205,43.11986541748047,42.361369,8.27567,2022-03-08
,c1205,17.62728500366211,42.361369,8.27567,2022-03-09
,c1205,33.457950592041016,42.361369,8.27567,2022-03-10
,c1205,41.06688690185547,42.361369,8.27567,2022-03-11
-0.3970287004814429,c1205,73.46299743652344,42.361369,8.27567,2022-03-12
,c1205,37.229591369628906,42.361369,8.27567,2022-03-13
,c1205,45.121482849121094,42.361369,8.27567,2022-03-14
,c1205,61.56978225708008,42.361369,8.27567,2022-03-15
,c1205,84.39381408691406,42.361369,8.27567,2022-03-16
-0.5215338743784849,c1205,79.5483169555664,42.361369,8.27567,2022-03-17
,c1205,89.42655944824219,42.361369,8.27567,2022-03-18
,c1205,69.57847595214844,42.361369,8.27567,2022-03-19
,c1205,61.76091003417969,42.361369,8.27567,2022-03-20
,c1205,33.272804260253906,42.361369,8.27567,2022-03-21
-0.2904755131286733,c1205,21.27136993408203,42.361369,8.27567,2022-03-22
,c1205,0.6679599285125732,42.361369,8.27567,2022-03-23
,c1205,8.737374305725098,42.361369,8.27567,2022-03-24
,c1205,9.664859771728516,42.361369,8.27567,2022-03-25
,c1205,46.95352554321289,42.361369,8.27567,2022-03-26
-0.0900147374500246,c1205,62.935325622558594,42.361369,8.27567,2022-03-27
,c1205,45.19826889038086,42.361369,8.27567,2022-03-28
,c1205,73.47148895263672,42.361369,8.27567,2022-03-29
,c1205,96.9945297241211,42.361369,8.27567,2022-03-30
,c1205,74.23759460449219,42.361369,8.27567,2022-03-31
-0.0680317810900947,c1205,67.30387878417969,42.361369,8.27567,2022-04-01
,c1205,63.31529998779297,42.361369,8.27567,2022-04-02
,c1205,54.31365966796875,42.361369,8.27567,2022-04-03
,c1205,60.79093933105469,42.361369,8.27567,2022-04-04
,c1205,29.167497634887695,42.361369,8.27567,2022-04-05
-0.475633091348059,c1205,61.49276351928711,42.361369,8.27567,2022-04-06
,c1205,55.04282760620117,42.361369,8.27567,2022-04-07
,c1205,45.98554229736328,42.361369,8.27567,2022-04-08
,c1205,53.10398864746094,42.361369,8.27567,2022-04-09
,c1205,20.14933967590332,42.361369,8.27567,2022-04-10
-0.0360177413615233,c1205,16.669530868530273,42.361369,8.27567,2022-04-11
,c1205,24.87068748474121,42.361369,8.27567,2022-04-12
,c1205,67.56632995605469,42.361369,8.27567,2022-04-13
,c1205,48.224361419677734,42.361369,8.27567,2022-04-14
,c1205,74.38435363769531,42.361369,8.27567,2022-04-15
-0.1799837575677563,c1205,44.69571685791016,42.361369,8.27567,2022-04-16
,c1205,59.00725936889648,42.361369,8.27567,2022-04-17
,c1205,8.84880542755127,42.361369,8.27567,2022-04-18
,c1205,30.24812889099121,42.361369,8.27567,2022-04-19
,c1205,58.16749572753906,42.361369,8.27567,2022-04-20
-0.583233975312289,c1205,75.09227752685547,42.361369,8.27567,2022-04-21
,c1205,61.726219177246094,42.361369,8.27567,2022-04-22
,c1205,46.28765106201172,42.361369,8.27567,2022-04-23
,c1205,60.305702209472656,42.361369,8.27567,2022-04-24
,c1205,33.127017974853516,42.361369,8.27567,2022-04-25
-0.0641596427406458,c1205,25.80458641052246,42.361369,8.27567,2022-04-26
,c1205,32.721595764160156,42.361369,8.27567,2022-04-27
,c1205,39.866207122802734,42.361369,8.27567,2022-04-28
,c1205,58.133750915527344,42.361369,8.27567,2022-04-29
,c1205,35.41486358642578,42.361369,8.27567,2022-04-30
-0.0438660080462475,c1205,45.86735916137695,42.361369,8.27567,2022-05-01
,c1205,49.02729034423828,42.361369,8.27567,2022-05-02
,c1205,59.001853942871094,42.361369,8.27567,2022-05-03
,c1205,40.19111633300781,42.361369,8.27567,2022-05-04
,c1205,85.2090835571289,42.361369,8.27567,2022-05-05
-0.090169921366717,c1205,86.38479614257812,42.361369,8.27567,2022-05-06
,c1205,86.0996322631836,42.361369,8.27567,2022-05-07
,c1205,64.43048095703125,42.361369,8.27567,2022-05-08
,c1205,33.33336639404297,42.361369,8.27567,2022-05-09
,c1205,13.323718070983888,42.361369,8.27567,2022-05-10
0.0924695884918465,c1205,14.742737770080566,42.361369,8.27567,2022-05-11
,c1205,9.566043853759766,42.361369,8.27567,2022-05-12
,c1205,17.411441802978516,42.361369,8.27567,2022-05-13
,c1205,15.363865852355955,42.361369,8.27567,2022-05-14
,c1205,24.81821632385254,42.361369,8.27567,2022-05-15
-0.0394709853455424,c1205,27.490291595458984,42.361369,8.27567,2022-05-16
,c1205,31.771270751953125,42.361369,8.27567,2022-05-17
,c1205,13.783679008483888,42.361369,8.27567,2022-05-18
,c1205,13.636049270629885,42.361369,8.27567,2022-05-19
,c1205,16.032052993774414,42.361369,8.27567,2022-05-20
-0.0041340300046345,c1205,15.560891151428224,42.361369,8.27567,2022-05-21
,c1205,15.970165252685549,42.361369,8.27567,2022-05-22
,c1205,26.771991729736328,42.361369,8.27567,2022-05-23
,c1205,32.832889556884766,42.361369,8.27567,2022-05-24
,c1205,58.301082611083984,42.361369,8.27567,2022-05-25
0.0542276494204998,c1205,59.402225494384766,42.361369,8.27567,2022-05-26
,c1205,60.37832260131836,42.361369,8.27567,2022-05-27
,c1205,44.25771713256836,42.361369,8.27567,2022-05-28
,c1205,37.09976577758789,42.361369,8.27567,2022-05-29
,c1205,46.45763397216797,42.361369,8.27567,2022-05-30
0.0046026014284614,c1205,38.133888244628906,42.361369,8.27567,2022-05-31
,c1205,15.22652816772461,42.361369,8.27567,2022-06-01
,c1205,34.867156982421875,42.361369,8.27567,2022-06-02
,c1205,45.6834602355957,42.361369,8.27567,2022-06-03
,c1205,27.423967361450195,42.361369,8.27567,2022-06-04
-0.4557554037693668,c1205,51.733367919921875,42.361369,8.27567,2022-06-05
,c1205,27.73175621032715,42.361369,8.27567,2022-06-06
,c1205,33.55596923828125,42.361369,8.27567,2022-06-07
,c1205,58.70082092285156,42.361369,8.27567,2022-06-08
,c1205,86.10350036621094,42.361369,8.27567,2022-06-09
-0.0141862998935667,c1205,14.873751640319824,42.361369,8.27567,2022-06-10
,c1205,16.335214614868164,42.361369,8.27567,2022-06-11
,c1205,5.013134002685547,42.361369,8.27567,2022-06-12
,c1205,14.666913032531738,42.361369,8.27567,2022-06-13
,c1205,10.50702667236328,42.361369,8.27567,2022-06-14
-0.0911738330772256,c1205,35.34638595581055,42.361369,8.27567,2022-06-15
,c1205,21.380306243896484,42.361369,8.27567,2022-06-16
,c1205,31.088449478149418,42.361369,8.27567,2022-06-17
,c1205,17.676124572753906,42.361369,8.27567,2022-06-18
,c1205,7.625688076019287,42.361369,8.27567,2022-06-19
-0.012866328234839,c1205,8.285311698913574,42.361369,8.27567,2022-06-20
,c1205,13.97085666656494,42.361369,8.27567,2022-06-21
,c1205,71.37875366210938,42.361369,8.27567,2022-06-22
,c1205,47.1720085144043,42.361369,8.27567,2022-06-23
,c1205,35.86227798461914,42.361369,8.27567,2022-06-24
0.0122992600129424,c1205,20.53834342956543,42.361369,8.27567,2022-06-25
,c1205,12.34791374206543,42.361369,8.27567,2022-06-26
,c1205,24.370512008666992,42.361369,8.27567,2022-06-27
,c1205,42.48028564453125,42.361369,8.27567,2022-06-28
,c1205,22.68519401550293,42.361369,8.27567,2022-06-29
-0.0330449309391791,c1205,20.81968688964844,42.361369,8.27567,2022-06-30
,c1205,18.830564498901367,42.361369,8.27567,2022-07-01
,c1205,8.926188468933105,42.361369,8.27567,2022-07-02
,c1205,13.804829597473145,42.361369,8.27567,2022-07-03
,c1205,13.016522407531738,42.361369,8.27567,2022-07-04
0.0015334694331292,c1205,12.64620876312256,42.361369,8.27567,2022-07-05
,c1205,7.609029769897461,42.361369,8.27567,2022-07-06
,c1205,35.00491714477539,42.361369,8.27567,2022-07-07
,c1205,35.09270095825195,42.361369,8.27567,2022-07-08
,c1205,14.464973449707031,42.361369,8.27567,2022-07-09
-0.0216194216381101,c1205,11.921481132507324,42.361369,8.27567,2022-07-10
,c1205,18.825456619262695,42.361369,8.27567,2022-07-11
,c1205,17.81700325012207,42.361369,8.27567,2022-07-12
,c1205,6.694981098175049,42.361369,8.27567,2022-07-13
,c1205,16.12444496154785,42.361369,8.27567,2022-07-14
0.0010377181515864,c1205,7.266695976257324,42.361369,8.27567,2022-07-15
,c1205,6.021890640258789,42.361369,8.27567,2022-07-16
,c1205,3.5173637866973877,42.361369,8.27567,2022-07-17
,c1205,8.62197208404541,42.361369,8.27567,2022-07-18
,c1205,1.3721935749053955,42.361369,8.27567,2022-07-19
-0.2060810674420174,c1205,4.7897233963012695,42.361369,8.27567,2022-07-20
,c1205,5.02830171585083,42.361369,8.27567,2022-07-21
,c1205,1.9448784589767456,42.361369,8.27567,2022-07-22
,c1205,18.593515396118164,42.361369,8.27567,2022-07-23
,c1205,5.453188896179199,42.361369,8.27567,2022-07-24
-0.0179863946238423,c1205,4.386943817138672,42.361369,8.27567,2022-07-25
,c1205,20.67603302001953,42.361369,8.27567,2022-07-26
,c1205,30.978172302246097,42.361369,8.27567,2022-07-27
,c1205,22.82554054260254,42.361369,8.27567,2022-07-28
,c1205,9.720544815063477,42.361369,8.27567,2022-07-29
0.0039296105558819,c1205,8.292047500610352,42.361369,8.27567,2022-07-30
,c1205,15.226736068725586,42.361369,8.27567,2022-07-31
,c1205,6.933080196380615,42.361369,8.27567,2022-08-01
,c1205,12.79701805114746,42.361369,8.27567,2022-08-02
,c1205,3.4715559482574463,42.361369,8.27567,2022-08-03
0.0865868075586417,c1205,4.234902381896973,42.361369,8.27567,2022-08-04
,c1205,7.016095161437988,42.361369,8.27567,2022-08-05
,c1205,17.67258644104004,42.361369,8.27567,2022-08-06
,c1205,16.817546844482422,42.361369,8.27567,2022-08-07
,c1205,23.12799835205078,42.361369,8.27567,2022-08-08
0.0746483425554983,c1205,6.302191734313965,42.361369,8.27567,2022-08-09
,c1205,32.39991760253906,42.361369,8.27567,2022-08-10
,c1205,20.36595344543457,42.361369,8.27567,2022-08-11
,c1205,50.6989860534668,42.361369,8.27567,2022-08-12
,c1205,42.33781051635742,42.361369,8.27567,2022-08-13
0.0103604394997305,c1205,35.42979431152344,42.361369,8.27567,2022-08-14
,c1205,20.12218856811523,42.361369,8.27567,2022-08-15
,c1205,23.55630874633789,42.361369,8.27567,2022-08-16
,c1205,30.80217742919922,42.361369,8.27567,2022-08-17
,c1205,49.169559478759766,42.361369,8.27567,2022-08-18
0.0613823607344837,c1205,43.593021392822266,42.361369,8.27567,2022-08-19
,c1205,37.95437240600586,42.361369,8.27567,2022-08-20
,c1205,28.3489990234375,42.361369,8.27567,2022-08-21
,c1205,33.226261138916016,42.361369,8.27567,2022-08-22
,c1205,33.00382995605469,42.361369,8.27567,2022-08-23
0.439841558718506,c1205,11.866497993469238,42.361369,8.27567,2022-08-24
,c1205,34.856422424316406,42.361369,8.27567,2022-08-25
,c1205,14.450121879577637,42.361369,8.27567,2022-08-26
,c1205,19.416553497314453,42.361369,8.27567,2022-08-27
,c1205,39.99763488769531,42.361369,8.27567,2022-08-28
0.1483489603680722,c1205,13.346303939819336,42.361369,8.27567,2022-08-29
,c1205,16.891986846923828,42.361369,8.27567,2022-08-30
,c1205,79.17028045654297,42.361369,8.27567,2022-08-31
,c1205,56.24233627319336,42.361369,8.27567,2022-09-01
,c1205,32.260154724121094,42.361369,8.27567,2022-09-02
0.1213503905571996,c1205,46.99991989135742,42.361369,8.27567,2022-09-03
,c1205,49.491424560546875,42.361369,8.27567,2022-09-04
,c1205,31.899572372436523,42.361369,8.27567,2022-09-05
,c1205,20.67982292175293,42.361369,8.27567,2022-09-06
,c1205,23.57297706604004,42.361369,8.27567,2022-09-07
0.0930924205766881,c1205,25.266849517822266,42.361369,8.27567,2022-09-08
,c1205,37.76036071777344,42.361369,8.27567,2022-09-09
,c1205,20.27271842956543,42.361369,8.27567,2022-09-10
,c1205,19.57237434387207,42.361369,8.27567,2022-09-11
,c1205,6.2564897537231445,42.361369,8.27567,2022-09-12
0.1109896271325209,c1205,34.56156921386719,42.361369,8.27567,2022-09-13
,c1205,42.01436996459961,42.361369,8.27567,2022-09-14
,c1205,65.91852569580078,42.361369,8.27567,2022-09-15
,c1205,51.327110290527344,42.361369,8.27567,2022-09-16
,c1205,47.44350051879883,42.361369,8.27567,2022-09-17
0.1066248437937568,c1205,26.60918235778809,42.361369,8.27567,2022-09-18
,c1205,31.91166877746582,42.361369,8.27567,2022-09-19
,c1205,24.331146240234375,42.361369,8.27567,2022-09-20
,c1205,37.4033317565918,42.361369,8.27567,2022-09-21
,c1205,50.05211639404297,42.361369,8.27567,2022-09-22
0.2539873622576979,c1205,29.006404876708984,42.361369,8.27567,2022-09-23
,c1205,48.482887268066406,42.361369,8.27567,2022-09-24
,c1205,89.3849105834961,42.361369,8.27567,2022-09-25
,c1205,73.48466491699219,42.361369,8.27567,2022-09-26
,c1205,43.93608856201172,42.361369,8.27567,2022-09-27
-0.0818353022065232,c1205,46.19818115234375,42.361369,8.27567,2022-09-28
,c1205,58.243438720703125,42.361369,8.27567,2022-09-29
,c1205,70.62700653076172,42.361369,8.27567,2022-09-30
,c1205,56.80329895019531,42.361369,8.27567,2022-10-01
,c1205,36.18986129760742,42.361369,8.27567,2022-10-02
-0.1416146744700039,c1205,46.73994064331055,42.361369,8.27567,2022-10-03
,c1205,19.40436553955078,42.361369,8.27567,2022-10-04
,c1205,14.592781066894531,42.361369,8.27567,2022-10-05
,c1205,49.66740036010742,42.361369,8.27567,2022-10-06
,c1205,38.62070846557617,42.361369,8.27567,2022-10-07
0.0137002612299778,c1205,37.34812927246094,42.361369,8.27567,2022-10-08
,c1205,53.15302276611328,42.361369,8.27567,2022-10-09
,c1205,43.94504928588867,42.361369,8.27567,2022-10-10
,c1205,57.31427001953125,42.361369,8.27567,2022-10-11
,c1205,72.63714599609375,42.361369,8.27567,2022-10-12
-0.1944390891886809,c1205,49.365943908691406,42.361369,8.27567,2022-10-13
,c1205,44.51621627807617,42.361369,8.27567,2022-10-14
,c1205,22.47047996520996,42.361369,8.27567,2022-10-15
,c1205,12.898032188415527,42.361369,8.27567,2022-10-16
,c1205,10.549314498901367,42.361369,8.27567,2022-10-17
0.1021556326133363,c1205,6.193899154663086,42.361369,8.27567,2022-10-18
,c1205,15.496621131896973,42.361369,8.27567,2022-10-19
,c1205,24.093534469604492,42.361369,8.27567,2022-10-20
,c1205,61.011348724365234,42.361369,8.27567,2022-10-21
,c1205,55.49615478515625,42.361369,8.27567,2022-10-22
0.111809816583991,c1205,46.07029342651367,42.361369,8.27567,2022-10-23
,c1205,38.662147521972656,42.361369,8.27567,2022-10-24
,c1205,32.79486083984375,42.361369,8.27567,2022-10-25
,c1205,28.0955810546875,42.361369,8.27567,2022-10-26
,c1205,27.915197372436523,42.361369,8.27567,2022-10-27
-0.031384212066255,c1205,26.15526580810547,42.361369,8.27567,2022-10-28
,c1205,27.535400390625,42.361369,8.27567,2022-10-29
,c1205,9.939324378967283,42.361369,8.27567,2022-10-30
,c1205,24.3430233001709,42.361369,8.27567,2022-10-31
,c1205,22.77047538757324,42.361369,8.27567,2022-11-01
-0.0557469012106166,c1205,29.808393478393555,42.361369,8.27567,2022-11-02
,c1205,19.650819778442383,42.361369,8.27567,2022-11-03
,c1205,72.826171875,42.361369,8.27567,2022-11-04
,c1205,69.38642883300781,42.361369,8.27567,2022-11-05
,c1205,24.15407371520996,42.361369,8.27567,2022-11-06
,c1205,12.475350379943848,42.361369,8.27567,2022-11-07
,c1205,11.8790283203125,42.361369,8.27567,2022-11-08
,c1205,67.37035369873047,42.361369,8.27567,2022-11-09
,c1205,32.351051330566406,42.361369,8.27567,2022-11-10
,c1205,43.993167877197266,42.361369,8.27567,2022-11-11
-0.2727790161090738,c1205,68.07655334472656,42.361369,8.27567,2022-11-12
,c1205,61.91157913208008,42.361369,8.27567,2022-11-13
,c1205,35.36149215698242,42.361369,8.27567,2022-11-14
,c1205,78.80713653564453,42.361369,8.27567,2022-11-15
,c1205,65.66708374023438,42.361369,8.27567,2022-11-16
0.0436462957083302,c1205,36.076751708984375,42.361369,8.27567,2022-11-17
,c1205,63.73614883422851,42.361369,8.27567,2022-11-18
,c1205,75.0255126953125,42.361369,8.27567,2022-11-19
,c1205,63.44428634643555,42.361369,8.27567,2022-11-20
,c1205,33.76896667480469,42.361369,8.27567,2022-11-21
-0.1850488370832274,c1205,67.20418548583984,42.361369,8.27567,2022-11-22
,c1205,69.6915054321289,42.361369,8.27567,2022-11-23
,c1205,26.851287841796875,42.361369,8.27567,2022-11-24
,c1205,43.161590576171875,42.361369,8.27567,2022-11-25
,c1205,78.84341430664062,42.361369,8.27567,2022-11-26
-0.0183392396087155,c1205,52.56513214111328,42.361369,8.27567,2022-11-27
,c1205,48.82605743408203,42.361369,8.27567,2022-11-28
,c1205,77.91674041748047,42.361369,8.27567,2022-11-29
,c1205,69.92387390136719,42.361369,8.27567,2022-11-30
,c1205,50.33855056762695,42.361369,8.27567,2022-12-01
-0.2148704413269811,c1205,66.10054016113281,42.361369,8.27567,2022-12-02
,c1205,86.94733428955078,42.361369,8.27567,2022-12-03
,c1205,45.86626052856445,42.361369,8.27567,2022-12-04
,c1205,35.020416259765625,42.361369,8.27567,2022-12-05
,c1205,58.462135314941406,42.361369,8.27567,2022-12-06
-0.0816946790827547,c1205,29.32369804382324,42.361369,8.27567,2022-12-07
,c1205,49.36538314819336,42.361369,8.27567,2022-12-08
,c1205,98.50477600097656,42.361369,8.27567,2022-12-09
,c1205,83.19806671142578,42.361369,8.27567,2022-12-10
,c1205,68.86781311035156,42.361369,8.27567,2022-12-11
,c1205,80.81065368652344,42.361369,8.27567,2022-12-12
,c1205,76.2381362915039,42.361369,8.27567,2022-12-13
,c1205,59.78187942504883,42.361369,8.27567,2022-12-14
,c1205,78.74401092529297,42.361369,8.27567,2022-12-15
,c1205,78.07279205322266,42.361369,8.27567,2022-12-16
-0.0913692555171163,c1205,25.985111236572266,42.361369,8.27567,2022-12-17
,c1205,38.68855667114258,42.361369,8.27567,2022-12-18
,c1205,58.26432037353515,42.361369,8.27567,2022-12-19
,c1205,51.779449462890625,42.361369,8.27567,2022-12-20
,c1205,48.370487213134766,42.361369,8.27567,2022-12-21
-0.160199600129443,c1205,54.09931945800781,42.361369,8.27567,2022-12-22
,c1205,50.329830169677734,42.361369,8.27567,2022-12-23
,c1205,72.52537536621094,42.361369,8.27567,2022-12-24
,c1205,23.58964157104492,42.361369,8.27567,2022-12-25
,c1205,49.36605072021485,42.361369,8.27567,2022-12-26
0.3570313713129828,c1205,24.670610427856445,42.361369,8.27567,2022-12-27
,c1205,31.31015968322754,42.361369,8.27567,2022-12-28
,c1205,65.31497192382812,42.361369,8.27567,2022-12-29
,c1205,62.216609954833984,42.361369,8.27567,2022-12-30
,c1205,53.73676300048828,42.361369,8.27567,2022-12-31
-0.0826530261095339,c1205,41.064449310302734,42.361369,8.27567,2023-01-01
,c1205,50.1080436706543,42.361369,8.27567,2023-01-02
,c1205,64.71986389160156,42.361369,8.27567,2023-01-03
,c1205,37.1186408996582,42.361369,8.27567,2023-01-04
,c1205,45.60549545288086,42.361369,8.27567,2023-01-05
-0.6453437367782873,c1205,37.76799392700195,42.361369,8.27567,2023-01-06
,c1205,28.543933868408203,42.361369,8.27567,2023-01-07
,c1205,54.804195404052734,42.361369,8.27567,2023-01-08
,c1205,76.93732452392578,42.361369,8.27567,2023-01-09
,c1205,47.3415641784668,42.361369,8.27567,2023-01-10
-0.1499567196430528,c1205,57.22071838378906,42.361369,8.27567,2023-01-11
,c1205,68.9763412475586,42.361369,8.27567,2023-01-12
,c1205,74.3663101196289,42.361369,8.27567,2023-01-13
,c1205,55.88382339477539,42.361369,8.27567,2023-01-14
,c1205,78.52840423583984,42.361369,8.27567,2023-01-15
-0.3444581810165853,c1205,73.27186584472656,42.361369,8.27567,2023-01-16
,c1205,82.00382232666016,42.361369,8.27567,2023-01-17
,c1205,70.59912872314453,42.361369,8.27567,2023-01-18
,c1205,64.7921371459961,42.361369,8.27567,2023-01-19
,c1205,77.11277770996094,42.361369,8.27567,2023-01-20
-0.1498327888767508,c1205,60.0894660949707,42.361369,8.27567,2023-01-21
,c1205,93.29290008544922,42.361369,8.27567,2023-01-22
,c1205,69.49974822998047,42.361369,8.27567,2023-01-23
,c1205,59.922515869140625,42.361369,8.27567,2023-01-24
,c1205,77.47126007080078,42.361369,8.27567,2023-01-25
-0.2293677946223932,c1205,66.12293243408203,42.361369,8.27567,2023-01-26
,c1205,81.16947174072266,42.361369,8.27567,2023-01-27
,c1205,55.61882400512695,42.361369,8.27567,2023-01-28
,c1205,51.43461608886719,42.361369,8.27567,2023-01-29
,c1205,41.48854446411133,42.361369,8.27567,2023-01-30
0.1572775964679963,c1205,35.12192153930664,42.361369,8.27567,2023-01-31
,c1205,35.97308349609375,42.361369,8.27567,2023-02-01
,c1205,49.51083755493164,42.361369,8.27567,2023-02-02
,c1205,24.197978973388672,42.361369,8.27567,2023-02-03
,c1205,28.224693298339844,42.361369,8.27567,2023-02-04
0.9029732625274096,c1205,38.87031173706055,42.361369,8.27567,2023-02-05
,c1205,64.30656433105469,42.361369,8.27567,2023-02-06
,c1205,39.46075820922851,42.361369,8.27567,2023-02-07
,c1205,55.908180236816406,42.361369,8.27567,2023-02-08
,c1205,61.08147811889648,42.361369,8.27567,2023-02-09
-0.2343232193413902,c1205,32.29343032836914,42.361369,8.27567,2023-02-10
,c1205,29.859954833984375,42.361369,8.27567,2023-02-11
,c1205,17.199708938598633,42.361369,8.27567,2023-02-12
,c1205,18.401899337768555,42.361369,8.27567,2023-02-13
,c1205,4.416683197021484,42.361369,8.27567,2023-02-14
0.0764705882352941,c1205,12.972360610961914,42.361369,8.27567,2023-02-15
,c1205,26.4539737701416,42.361369,8.27567,2023-02-16
,c1205,51.554325103759766,42.361369,8.27567,2023-02-17
,c1205,43.43410873413086,42.361369,8.27567,2023-02-18
,c1205,40.3110237121582,42.361369,8.27567,2023-02-19
-0.1224673249156159,c1205,27.158926010131836,42.361369,8.27567,2023-02-20
,c1205,14.22673797607422,42.361369,8.27567,2023-02-21
,c1205,43.37460708618164,42.361369,8.27567,2023-02-22
,c1205,55.17823028564453,42.361369,8.27567,2023-02-23
,c1205,67.73932647705078,42.361369,8.27567,2023-02-24
-0.4570806830244905,c1205,88.00099182128906,42.361369,8.27567,2023-02-25
,c1205,92.9947509765625,42.361369,8.27567,2023-02-26
,c1205,56.40372848510742,42.361369,8.27567,2023-02-27
,c1205,65.0203628540039,42.361369,8.27567,2023-02-28
,c1205,62.53279876708984,42.361369,8.27567,2023-03-01
-0.2512535187689697,c1205,48.82107162475586,42.361369,8.27567,2023-03-02
,c1205,80.19076538085938,42.361369,8.27567,2023-03-03
,c1205,60.06594467163086,42.361369,8.27567,2023-03-04
,c1205,34.74755859375,42.361369,8.27567,2023-03-05
,c1205,81.41822814941406,42.361369,8.27567,2023-03-06
-0.0406874288640478,c1205,34.98637390136719,42.361369,8.27567,2023-03-07
,c1205,61.46663284301758,42.361369,8.27567,2023-03-08
,c1205,65.2919692993164,42.361369,8.27567,2023-03-09
,c1205,73.53563690185547,42.361369,8.27567,2023-03-10
,c1205,66.88081359863281,42.361369,8.27567,2023-03-11
0.2623249320861171,c1205,26.467937469482425,42.361369,8.27567,2023-03-12
,c1205,19.276132583618164,42.361369,8.27567,2023-03-13
,c1205,59.9267463684082,42.361369,8.27567,2023-03-14
,c1205,61.72649765014648,42.361369,8.27567,2023-03-15
,c1205,25.95884704589844,42.361369,8.27567,2023-03-16
0.9456582637394176,c1205,30.424362182617188,42.361369,8.27567,2023-03-17
,c1205,11.532129287719728,42.361369,8.27567,2023-03-18
,c1205,90.25900268554688,42.361369,8.27567,2023-03-19
,c1205,70.1651611328125,42.361369,8.27567,2023-03-20
,c1205,22.141830444335938,42.361369,8.27567,2023-03-21
0.9518467852297952,c1205,31.94947052001953,42.361369,8.27567,2023-03-22
,c1205,31.190786361694336,42.361369,8.27567,2023-03-23
,c1205,45.6745719909668,42.361369,8.27567,2023-03-24
,c1205,56.384063720703125,42.361369,8.27567,2023-03-25
,c1205,49.50163269042969,42.361369,8.27567,2023-03-26
0.077886250527466,c1205,19.399572372436523,42.361369,8.27567,2023-03-27
,c1205,25.49648666381836,42.361369,8.27567,2023-03-28
,c1205,48.02802658081055,42.361369,8.27567,2023-03-29
,c1205,52.55217361450195,42.361369,8.27567,2023-03-30
,c1205,84.41263580322266,42.361369,8.27567,2023-03-31
-0.3388126567006111,c1205,61.4526252746582,42.361369,8.27567,2023-04-01
,c1205,66.418212890625,42.361369,8.27567,2023-04-02
,c1205,34.53239822387695,42.361369,8.27567,2023-04-03
,c1205,51.31797409057617,42.361369,8.27567,2023-04-04
,c1205,50.86722183227539,42.361369,8.27567,2023-04-05
-0.2466027056907906,c1205,25.07965087890625,42.361369,8.27567,2023-04-06
,c1205,45.78349304199219,42.361369,8.27567,2023-04-07
,c1205,45.62339782714844,42.361369,8.27567,2023-04-08
,c1205,48.905025482177734,42.361369,8.27567,2023-04-09
,c1205,21.64749336242676,42.361369,8.27567,2023-04-10
-0.1061458397437544,c1205,68.79911804199219,42.361369,8.27567,2023-04-11
,c1205,30.196687698364254,42.361369,8.27567,2023-04-12
,c1205,92.62057495117188,42.361369,8.27567,2023-04-13
,c1205,68.10057067871094,42.361369,8.27567,2023-04-14
,c1205,67.45973205566406,42.361369,8.27567,2023-04-15
0.0007513836847946,c1205,29.7447566986084,42.361369,8.27567,2023-04-16
,c1205,72.79879760742188,42.361369,8.27567,2023-04-17
,c1205,50.98358917236328,42.361369,8.27567,2023-04-18
,c1205,32.273681640625,42.361369,8.27567,2023-04-19
,c1205,53.12395095825195,42.361369,8.27567,2023-04-20
-0.1017680861274985,c1205,54.60647964477539,42.361369,8.27567,2023-04-21
,c1205,19.065834045410156,42.361369,8.27567,2023-04-22
,c1205,51.99309158325195,42.361369,8.27567,2023-04-23
,c1205,50.7727165222168,42.361369,8.27567,2023-04-24
,c1205,78.67311096191406,42.361369,8.27567,2023-04-25
-0.0142146779073621,c1205,19.561668395996097,42.361369,8.27567,2023-04-26
,c1205,24.789472579956055,42.361369,8.27567,2023-04-27
,c1205,47.21953582763672,42.361369,8.27567,2023-04-28
,c1205,48.9584846496582,42.361369,8.27567,2023-04-29
,c1205,84.3949203491211,42.361369,8.27567,2023-04-30
-0.0222321966005598,c1205,79.72563171386719,42.361369,8.27567,2023-05-01
,c1205,81.26506042480469,42.361369,8.27567,2023-05-02
,c1205,47.44864654541016,42.361369,8.27567,2023-05-03
,c1205,36.45599365234375,42.361369,8.27567,2023-05-04
,c1205,36.01423645019531,42.361369,8.27567,2023-05-05
0.048946028662955,c1205,30.15359878540039,42.361369,8.27567,2023-05-06
,c1205,39.05479049682617,42.361369,8.27567,2023-05-07
,c1205,96.62654876708984,42.361369,8.27567,2023-05-08
,c1205,93.27833557128906,42.361369,8.27567,2023-05-09
,c1205,83.79798889160156,42.361369,8.27567,2023-05-10
-0.0102166609646862,c1205,35.63132858276367,42.361369,8.27567,2023-05-11
,c1205,62.48347473144531,42.361369,8.27567,2023-05-12
,c1205,87.6794662475586,42.361369,8.27567,2023-05-13
,c1205,84.51392364501953,42.361369,8.27567,2023-05-14
,c1205,90.99188995361328,42.361369,8.27567,2023-05-15
-0.1557809978723525,c1205,50.22775650024414,42.361369,8.27567,2023-05-16
,c1205,66.26093292236328,42.361369,8.27567,2023-05-17
,c1205,83.40274047851562,42.361369,8.27567,2023-05-18
,c1205,72.43679809570312,42.361369,8.27567,2023-05-19
,c1205,95.2381820678711,42.361369,8.27567,2023-05-20
-0.4759580983835107,c1205,80.51800537109375,42.361369,8.27567,2023-05-21
,c1205,28.54298973083496,42.361369,8.27567,2023-05-22
,c1205,25.6821231842041,42.361369,8.27567,2023-05-23
,c1205,28.620405197143555,42.361369,8.27567,2023-05-24
,c1205,32.92148208618164,42.361369,8.27567,2023-05-25
0.0283348728012403,c1205,23.97186279296875,42.361369,8.27567,2023-05-26
,c1205,28.71006774902344,42.361369,8.27567,2023-05-27
,c1205,38.29676818847656,42.361369,8.27567,2023-05-28
,c1205,44.61123275756836,42.361369,8.27567,2023-05-29
,c1205,45.6528434753418,42.361369,8.27567,2023-05-30
0.0020282316894736,c1205,56.29156494140625,42.361369,8.27567,2023-05-31
,c1205,35.643558502197266,42.361369,8.27567,2023-06-01
,c1205,37.52725601196289,42.361369,8.27567,2023-06-02
,c1205,35.60997009277344,42.361369,8.27567,2023-06-03
,c1205,83.36424255371094,42.361369,8.27567,2023-06-04
-0.4098145378397448,c1205,54.22532272338867,42.361369,8.27567,2023-06-05
,c1205,87.82455444335938,42.361369,8.27567,2023-06-06
,c1205,42.1202392578125,42.361369,8.27567,2023-06-07
,c1205,42.61257553100586,42.361369,8.27567,2023-06-08
,c1205,62.96643829345703,42.361369,8.27567,2023-06-09
0.0009348546154797,c1205,58.64754104614258,42.361369,8.27567,2023-06-10
,c1205,48.90879440307617,42.361369,8.27567,2023-06-11
,c1205,20.4166316986084,42.361369,8.27567,2023-06-12
,c1205,58.90316390991211,42.361369,8.27567,2023-06-13
,c1205,83.9459457397461,42.361369,8.27567,2023-06-14
0.0139956169871284,c1205,36.87641143798828,42.361369,8.27567,2023-06-15
,c1205,38.97041320800781,42.361369,8.27567,2023-06-16
,c1205,11.569419860839844,42.361369,8.27567,2023-06-17
,c1205,22.492172241210938,42.361369,8.27567,2023-06-18
,c1205,42.60908126831055,42.361369,8.27567,2023-06-19
-0.0251319464296102,c1205,34.82884979248047,42.361369,8.27567,2023-06-20
,c1205,22.63228988647461,42.361369,8.27567,2023-06-21
,c1205,35.80530548095703,42.361369,8.27567,2023-06-22
,c1205,18.42045211791992,42.361369,8.27567,2023-06-23
,c1205,29.847978591918945,42.361369,8.27567,2023-06-24
-0.0849759300294168,c1205,11.9445219039917,42.361369,8.27567,2023-06-25
,c1205,12.511756896972656,42.361369,8.27567,2023-06-26
,c1205,26.11724281311035,42.361369,8.27567,2023-06-27
,c1205,28.6727352142334,42.361369,8.27567,2023-06-28
,c1205,7.531004428863525,42.361369,8.27567,2023-06-29
0.0246026583618539,c1205,43.51118850708008,42.361369,8.27567,2023-06-30
,c1205,58.656620025634766,42.361369,8.27567,2023-07-01
,c1205,24.01578140258789,42.361369,8.27567,2023-07-02
,c1205,20.933134078979492,42.361369,8.27567,2023-07-03
,c1205,32.32969665527344,42.361369,8.27567,2023-07-04
-0.0664847360266482,c1205,16.692813873291016,42.361369,8.27567,2023-07-05
,c1205,22.424978256225582,42.361369,8.27567,2023-07-06
,c1205,20.29325294494629,42.361369,8.27567,2023-07-07
,c1205,15.528346061706545,42.361369,8.27567,2023-07-08
,c1205,6.487458229064941,42.361369,8.27567,2023-07-09
0.0019191409406416,c1205,8.639447212219238,42.361369,8.27567,2023-07-10
,c1205,3.5585896968841553,42.361369,8.27567,2023-07-11
,c1205,25.1380558013916,42.361369,8.27567,2023-07-12
,c1205,15.64434051513672,42.361369,8.27567,2023-07-13
,c1205,15.356504440307615,42.361369,8.27567,2023-07-14
-0.0292685089523301,c1205,4.558725833892822,42.361369,8.27567,2023-07-15
,c1205,6.805942535400391,42.361369,8.27567,2023-07-16
,c1205,7.817525386810303,42.361369,8.27567,2023-07-17
,c1205,14.20191478729248,42.361369,8.27567,2023-07-18
,c1205,17.567398071289062,42.361369,8.27567,2023-07-19
0.0091814718277686,c1205,6.425656318664551,42.361369,8.27567,2023-07-20
,c1205,26.74696350097656,42.361369,8.27567,2023-07-21
,c1205,37.37874221801758,42.361369,8.27567,2023-07-22
,c1205,17.068246841430664,42.361369,8.27567,2023-07-23
,c1205,1.835982084274292,42.361369,8.27567,2023-07-24
-0.0089881673373062,c1205,23.783239364624023,42.361369,8.27567,2023-07-25
,c1205,57.63874435424805,42.361369,8.27567,2023-07-26
,c1205,11.701666831970217,42.361369,8.27567,2023-07-27
,c1205,20.76792335510254,42.361369,8.27567,2023-07-28
,c1205,11.5952787399292,42.361369,8.27567,2023-07-29
-0.0641014866476111,c1205,20.68316078186035,42.361369,8.27567,2023-07-30
,c1205,17.08470344543457,42.361369,8.27567,2023-07-31
,c1205,44.07740020751953,42.361369,8.27567,2023-08-01
,c1205,23.81205368041992,42.361369,8.27567,2023-08-02
,c1205,24.75657081604004,42.361369,8.27567,2023-08-03
-0.5509707496446721,c1205,59.761566162109375,42.361369,8.27567,2023-08-04
,c1205,56.01861953735352,42.361369,8.27567,2023-08-05
,c1205,21.262571334838867,42.361369,8.27567,2023-08-06
,c1205,19.915868759155273,42.361369,8.27567,2023-08-07
,c1205,13.83468532562256,42.361369,8.27567,2023-08-08
-0.00176936941057,c1205,36.19744110107422,42.361369,8.27567,2023-08-09
,c1205,16.576120376586914,42.361369,8.27567,2023-08-10
,c1205,2.9443042278289795,42.361369,8.27567,2023-08-11
,c1205,16.2319278717041,42.361369,8.27567,2023-08-12
,c1205,2.671767473220825,42.361369,8.27567,2023-08-13
0.0107498232330031,c1205,8.221075057983398,42.361369,8.27567,2023-08-14
,c1205,7.99974250793457,42.361369,8.27567,2023-08-15
,c1205,5.970096111297607,42.361369,8.27567,2023-08-16
,c1205,28.529478073120117,42.361369,8.27567,2023-08-17
,c1205,13.103677749633787,42.361369,8.27567,2023-08-18
0.1731517048662199,c1205,10.30005931854248,42.361369,8.27567,2023-08-19
,c1205,7.1849470138549805,42.361369,8.27567,2023-08-20
,c1205,2.5421295166015625,42.361369,8.27567,2023-08-21
,c1205,2.124936580657959,42.361369,8.27567,2023-08-22
,c1205,9.52987003326416,42.361369,8.27567,2023-08-23
0.3048804169849437,c1205,5.446027755737305,42.361369,8.27567,2023-08-24
,c1205,16.838729858398438,42.361369,8.27567,2023-08-25
,c1205,6.1328887939453125,42.361369,8.27567,2023-08-26
,c1205,33.72960662841797,42.361369,8.27567,2023-08-27
,c1205,74.11830139160156,42.361369,8.27567,2023-08-28
-0.0203420425874783,c1205,41.54393005371094,42.361369,8.27567,2023-08-29
,c1205,45.8532829284668,42.361369,8.27567,2023-08-30
,c1205,32.52288055419922,42.361369,8.27567,2023-08-31
,c1205,17.868284225463867,42.361369,8.27567,2023-09-01
,c1205,35.18919372558594,42.361369,8.27567,2023-09-02
0.175176471510135,c1205,49.0908317565918,42.361369,8.27567,2023-09-03
,c1205,46.030025482177734,42.361369,8.27567,2023-09-04
,c1205,9.759658813476562,42.361369,8.27567,2023-09-05
,c1205,31.86624526977539,42.361369,8.27567,2023-09-06
,c1205,3.465360403060913,42.361369,8.27567,2023-09-07
-0.1311819701510317,c1205,16.30597686767578,42.361369,8.27567,2023-09-08
,c1205,20.956275939941406,42.361369,8.27567,2023-09-09
,c1205,0.3317185938358307,42.361369,8.27567,2023-09-10
,c1205,5.201755523681641,42.361369,8.27567,2023-09-11
,c1205,23.828527450561523,42.361369,8.27567,2023-09-12
-0.1187973786802852,c1205,59.876243591308594,42.361369,8.27567,2023-09-13
,c1205,57.36626434326172,42.361369,8.27567,2023-09-14
,c1205,36.26321029663086,42.361369,8.27567,2023-09-15
,c1205,43.656211853027344,42.361369,8.27567,2023-09-16
,c1205,34.33310317993164,42.361369,8.27567,2023-09-17
-0.6701272931169061,c1205,70.60054016113281,42.361369,8.27567,2023-09-18
,c1205,49.68047332763672,42.361369,8.27567,2023-09-19
,c1205,88.84156036376953,42.361369,8.27567,2023-09-20
,c1205,70.88062286376953,42.361369,8.27567,2023-09-21
,c1205,60.84516525268555,42.361369,8.27567,2023-09-22
0.0252240895814098,c1205,27.022308349609375,42.361369,8.27567,2023-09-23
,c1205,47.97257232666016,42.361369,8.27567,2023-09-24
,c1205,20.972143173217773,42.361369,8.27567,2023-09-25
,c1205,29.306886672973633,42.361369,8.27567,2023-09-26
,c1205,5.362718105316162,42.361369,8.27567,2023-09-27
0.0345145576578729,c1205,30.736957550048828,42.361369,8.27567,2023-09-28
,c1205,5.520193576812744,42.361369,8.27567,2023-09-29
,c1205,19.254579544067383,42.361369,8.27567,2023-09-30
,c1205,7.614391326904297,42.361369,8.27567,2023-10-01
,c1205,1.122062921524048,42.361369,8.27567,2023-10-02
0.9308123250656268,c1205,13.948166847229004,42.361369,8.27567,2023-10-03
,c1205,24.852697372436523,42.361369,8.27567,2023-10-04
,c1205,43.042972564697266,42.361369,8.27567,2023-10-05
,c1205,30.90715980529785,42.361369,8.27567,2023-10-06
,c1205,15.178712844848633,42.361369,8.27567,2023-10-07
-0.1948207758805331,c1205,7.639487266540527,42.361369,8.27567,2023-10-08
,c1205,17.16199493408203,42.361369,8.27567,2023-10-09
,c1205,15.961034774780272,42.361369,8.27567,2023-10-10
,c1205,2.3962483406066895,42.361369,8.27567,2023-10-11
,c1205,14.710211753845217,42.361369,8.27567,2023-10-12
0.0139576110413626,c1205,8.790185928344727,42.361369,8.27567,2023-10-13
,c1205,9.56394386291504,42.361369,8.27567,2023-10-14
,c1205,49.17866516113281,42.361369,8.27567,2023-10-15
,c1205,56.91031265258789,42.361369,8.27567,2023-10-16
,c1205,42.2039794921875,42.361369,8.27567,2023-10-17
0.1554320252993527,c1205,46.23641204833984,42.361369,8.27567,2023-10-18
,c1205,44.98992156982422,42.361369,8.27567,2023-10-19
,c1205,95.35342407226562,42.361369,8.27567,2023-10-20
,c1205,86.88751983642578,42.361369,8.27567,2023-10-21
,c1205,37.244667053222656,42.361369,8.27567,2023-10-22
-0.1761839044663835,c1205,58.79793930053711,42.361369,8.27567,2023-10-23
,c1205,65.1311264038086,42.361369,8.27567,2023-10-24
,c1205,64.30925750732422,42.361369,8.27567,2023-10-25
,c1205,52.402252197265625,42.361369,8.27567,2023-10-26
,c1205,68.18122100830078,42.361369,8.27567,2023-10-27
0.2543664563228102,c1205,25.423660278320312,42.361369,8.27567,2023-10-28
,c1205,25.81689453125,42.361369,8.27567,2023-10-29
,c1205,86.38851165771484,42.361369,8.27567,2023-10-30
,c1205,68.13528442382812,42.361369,8.27567,2023-10-31
,c1205,100.0,42.361369,8.27567,2023-11-01
,c1205,4.847988128662109,42.361369,8.27567,2023-11-02
,c1205,100.0,42.361369,8.27567,2023-11-03
,c1205,94.89730834960938,42.361369,8.27567,2023-11-04
,c1205,4.829092025756836,42.361369,8.27567,2023-11-05
,c1205,6.199999916134402e-05,42.361369,8.27567,2023-11-07
,c1205,54.045806884765625,42.361369,8.27567,2023-11-08
,c1205,99.89051055908205,42.361369,8.27567,2023-11-09
,c1205,74.46227264404297,42.361369,8.27567,2023-11-10
,c1205,35.122310638427734,42.361369,8.27567,2023-11-11
,c1205,79.2836685180664,42.361369,8.27567,2023-11-12
,c1205,27.146080017089844,42.361369,8.27567,2023-11-13
,c1205,19.967586517333984,42.361369,8.27567,2023-11-14
,c1205,0.0995559990406036,42.361369,8.27567,2023-11-15
,c1205,1.231492042541504,42.361369,8.27567,2023-11-16
,c1205,1.787503004074097,42.361369,8.27567,2023-11-17
,c1205,18.951644897460938,42.361369,8.27567,2023-11-18
,c1205,0.0938199982047081,42.361369,8.27567,2023-11-19
,c1205,18.725032806396484,42.361369,8.27567,2023-11-20
,c1205,13.714593887329102,42.361369,8.27567,2023-11-21
,c1205,85.85822296142578,42.361369,8.27567,2023-11-22
,c1205,81.84027099609375,42.361369,8.27567,2023-11-23
,c1205,92.78336334228516,42.361369,8.27567,2023-11-24
,c1205,74.49805450439453,42.361369,8.27567,2023-11-25
,c1205,15.25402545928955,42.361369,8.27567,2023-11-26
,c1205,18.38524055480957,42.361369,8.27567,2023-11-27
,c1205,1.391461968421936,42.361369,8.27567,2023-11-28
,c1205,1.320927977561951,42.361369,8.27567,2023-11-29
,c1205,9.640680313110352,42.361369,8.27567,2023-11-30
,c1205,99.43731689453124,42.361369,8.27567,2023-12-01
,c1205,99.5426025390625,42.361369,8.27567,2023-12-02
,c1205,92.7175064086914,42.361369,8.27567,2023-12-03
,c1205,99.72420501708984,42.361369,8.27567,2023-12-05
,c1205,100.0,42.361369,8.27567,2023-12-06
,c1205,36.81040954589844,42.361369,8.27567,2023-12-07
,c1205,80.40238189697266,42.361369,8.27567,2023-12-08
,c1205,86.41816711425781,42.361369,8.27567,2023-12-09
,c1205,55.642669677734375,42.361369,8.27567,2023-12-10
,c1205,33.542476654052734,42.361369,8.27567,2023-12-11
,c1205,81.06317138671875,42.361369,8.27567,2023-12-12
,c1205,86.99089813232422,42.361369,8.27567,2023-12-13
,c1205,40.26935577392578,42.361369,8.27567,2023-12-14
,c1205,71.45803833007812,42.361369,8.27567,2023-12-15
,c1205,16.130117416381836,42.361369,8.27567,2023-12-16
,c1205,14.64780616760254,42.361369,8.27567,2023-12-17
,c1205,95.50218963623048,42.361369,8.27567,2023-12-18
,c1205,77.41978454589844,42.361369,8.27567,2023-12-19
,c1205,53.17558670043945,42.361369,8.27567,2023-12-20
,c1205,43.910762786865234,42.361369,8.27567,2023-12-21
,c1205,46.9970703125,42.361369,8.27567,2023-12-22
,c1205,68.59300231933594,42.361369,8.27567,2023-12-23
,c1205,0.1441690027713775,42.361369,8.27567,2023-12-24
,c1205,6.460284233093262,42.361369,8.27567,2023-12-25
,c1205,0.0349289998412132,42.361369,8.27567,2023-12-26
,c1205,73.00885772705078,42.361369,8.27567,2023-12-27
,c1205,41.96453094482422,42.361369,8.27567,2023-12-28
,c1205,22.46613883972168,42.361369,8.27567,2023-12-29
,c1205,87.71310424804688,42.361369,8.27567,2023-12-30
,c1205,100.0,42.361369,8.27567,2023-12-31
-0.2393223394804141,c1205,72.72864532470703,42.361369,8.27567,2024-01-01
,c1205,59.72641372680664,42.361369,8.27567,2024-01-02
,c1205,65.14386749267578,42.361369,8.27567,2024-01-03
,c1205,27.60150909423828,42.361369,8.27567,2024-01-04
,c1205,85.59363555908203,42.361369,8.27567,2024-01-05
-0.247600241487517,c1205,89.18777465820312,42.361369,8.27567,2024-01-06
,c1205,80.50646209716797,42.361369,8.27567,2024-01-07
,c1205,83.54431915283203,42.361369,8.27567,2024-01-08
,c1205,58.027740478515625,42.361369,8.27567,2024-01-09
,c1205,82.04436492919922,42.361369,8.27567,2024-01-10
-0.4547767521703943,c1205,63.00753402709961,42.361369,8.27567,2024-01-11
,c1205,46.22346115112305,42.361369,8.27567,2024-01-12
,c1205,13.140129089355469,42.361369,8.27567,2024-01-13
,c1205,55.87981414794922,42.361369,8.27567,2024-01-14
,c1205,71.47232818603516,42.361369,8.27567,2024-01-15
-0.094655906913035,c1205,43.2877311706543,42.361369,8.27567,2024-01-16
,c1205,99.87313079833984,42.361369,8.27567,2024-01-17
,c1205,42.351356506347656,42.361369,8.27567,2024-01-18
,c1205,83.57754516601562,42.361369,8.27567,2024-01-19
,c1205,41.4577751159668,42.361369,8.27567,2024-01-20
0.5381569899947326,c1205,42.3077392578125,42.361369,8.27567,2024-01-21
,c1205,21.832534790039062,42.361369,8.27567,2024-01-22
,c1205,44.185646057128906,42.361369,8.27567,2024-01-23
,c1205,41.59096145629883,42.361369,8.27567,2024-01-24
,c1205,32.45625305175781,42.361369,8.27567,2024-01-25
-0.1335957517080447,c1205,43.12979888916016,42.361369,8.27567,2024-01-26
,c1205,29.13324737548828,42.361369,8.27567,2024-01-27
,c1205,26.368192672729492,42.361369,8.27567,2024-01-28
,c1205,36.58757019042969,42.361369,8.27567,2024-01-29
,c1205,7.434208869934082,42.361369,8.27567,2024-01-30
-0.0141651495382093,c1205,36.229007720947266,42.361369,8.27567,2024-01-31
,c1205,46.1236686706543,42.361369,8.27567,2024-02-01
,c1205,34.29665756225586,42.361369,8.27567,2024-02-02
,c1205,10.21985912322998,42.361369,8.27567,2024-02-03
,c1205,35.66829299926758,42.361369,8.27567,2024-02-04
0.038545787049567,c1205,24.520828247070312,42.361369,8.27567,2024-02-05
,c1205,32.31698989868164,42.361369,8.27567,2024-02-06
,c1205,53.370399475097656,42.361369,8.27567,2024-02-07
,c1205,42.74102020263672,42.361369,8.27567,2024-02-08
,c1205,86.361328125,42.361369,8.27567,2024-02-09
-0.4332860245424158,c1205,92.92298889160156,42.361369,8.27567,2024-02-10
,c1205,75.23975372314453,42.361369,8.27567,2024-02-11
,c1205,59.25248718261719,42.361369,8.27567,2024-02-12
,c1205,48.13044357299805,42.361369,8.27567,2024-02-13
,c1205,9.405134201049805,42.361369,8.27567,2024-02-14
-0.0306360702359062,c1205,45.33052444458008,42.361369,8.27567,2024-02-15
,c1205,25.449920654296875,42.361369,8.27567,2024-02-16
,c1205,50.357784271240234,42.361369,8.27567,2024-02-17
,c1205,28.178211212158203,42.361369,8.27567,2024-02-18
,c1205,81.5830078125,42.361369,8.27567,2024-02-19
-0.1096373861217323,c1205,49.65888214111328,42.361369,8.27567,2024-02-20
,c1205,39.18612289428711,42.361369,8.27567,2024-02-21
,c1205,60.72064208984375,42.361369,8.27567,2024-02-22
,c1205,66.99315643310547,42.361369,8.27567,2024-02-23
,c1205,80.12822723388672,42.361369,8.27567,2024-02-24
0.141014237154056,c1205,45.40016555786133,42.361369,8.27567,2024-02-25
,c1205,59.527130126953125,42.361369,8.27567,2024-02-26
,c1205,89.12879943847656,42.361369,8.27567,2024-02-27
,c1205,70.80450439453125,42.361369,8.27567,2024-02-28
,c1205,67.2997817993164,42.361369,8.27567,2024-02-29
-0.0495936944423353,c1205,82.806640625,42.361369,8.27567,2024-03-01
,c1205,50.86982345581055,42.361369,8.27567,2024-03-02
,c1205,72.39424133300781,42.361369,8.27567,2024-03-03
,c1205,73.99333190917969,42.361369,8.27567,2024-03-04
,c1205,52.20718002319336,42.361369,8.27567,2024-03-05
-0.0356009095455245,c1205,37.11583709716797,42.361369,8.27567,2024-03-06
,c1205,55.37323760986328,42.361369,8.27567,2024-03-07
,c1205,77.72306060791016,42.361369,8.27567,2024-03-08
,c1205,80.36405944824219,42.361369,8.27567,2024-03-09
,c1205,98.44220733642578,42.361369,8.27567,2024-03-10
-0.2556684753474066,c1205,56.46291732788086,42.361369,8.27567,2024-03-11
,c1205,71.12112426757812,42.361369,8.27567,2024-03-12
,c1205,33.12544631958008,42.361369,8.27567,2024-03-13
,c1205,23.8255558013916,42.361369,8.27567,2024-03-14
,c1205,49.50664520263672,42.361369,8.27567,2024-03-15
-0.0444774163503418,c1205,41.279640197753906,42.361369,8.27567,2024-03-16
,c1205,24.210512161254883,42.361369,8.27567,2024-03-17
,c1205,61.37697982788086,42.361369,8.27567,2024-03-18
,c1205,34.0440673828125,42.361369,8.27567,2024-03-19
,c1205,12.160662651062012,42.361369,8.27567,2024-03-20
-0.0718552449389415,c1205,43.34521484375,42.361369,8.27567,2024-03-21
,c1205,67.0406494140625,42.361369,8.27567,2024-03-22
,c1205,36.09234619140625,42.361369,8.27567,2024-03-23
,c1205,46.80432891845703,42.361369,8.27567,2024-03-24
,c1205,58.03540802001953,42.361369,8.27567,2024-03-25
-0.1564038585597539,c1205,79.27355194091797,42.361369,8.27567,2024-03-26
,c1205,86.84747314453125,42.361369,8.27567,2024-03-27
,c1205,66.2045669555664,42.361369,8.27567,2024-03-28
,c1205,67.19426727294922,42.361369,8.27567,2024-03-29
,c1205,33.88180923461914,42.361369,8.27567,2024-03-30
-0.1172119623159661,c1205,76.72168731689453,42.361369,8.27567,2024-03-31
,c1205,52.37189483642578,42.361369,8.27567,2024-04-01
,c1205,36.15540313720703,42.361369,8.27567,2024-04-02
,c1205,48.502872467041016,42.361369,8.27567,2024-04-03
,c1205,9.904879570007324,42.361369,8.27567,2024-04-04
-0.1235995437292491,c1205,53.79582977294922,42.361369,8.27567,2024-04-05
,c1205,39.95337677001953,42.361369,8.27567,2024-04-06
,c1205,33.79553985595703,42.361369,8.27567,2024-04-07
,c1205,31.410011291503903,42.361369,8.27567,2024-04-08
,c1205,75.23710632324219,42.361369,8.27567,2024-04-09
-0.0911549506818547,c1205,72.16336059570312,42.361369,8.27567,2024-04-10
,c1205,76.01762390136719,42.361369,8.27567,2024-04-11
,c1205,46.576866149902344,42.361369,8.27567,2024-04-12
,c1205,16.954463958740234,42.361369,8.27567,2024-04-13
,c1205,21.712583541870117,42.361369,8.27567,2024-04-14
-0.0073092771036659,c1205,57.45661163330078,42.361369,8.27567,2024-04-15
,c1205,90.43658447265624,42.361369,8.27567,2024-04-16
,c1205,40.12005233764648,42.361369,8.27567,2024-04-17
,c1205,54.39392852783203,42.361369,8.27567,2024-04-18
,c1205,48.81074142456055,42.361369,8.27567,2024-04-19
0.0132262064582284,c1205,30.877952575683594,42.361369,8.27567,2024-04-20
,c1205,54.02876281738281,42.361369,8.27567,2024-04-21
,c1205,62.65262222290039,42.361369,8.27567,2024-04-22
,c1205,68.37835693359375,42.361369,8.27567,2024-04-23
,c1205,83.92222595214844,42.361369,8.27567,2024-04-24
-0.1737391072434975,c1205,34.38117599487305,42.361369,8.27567,2024-04-25
,c1205,67.9181137084961,42.361369,8.27567,2024-04-26
,c1205,52.20566940307617,42.361369,8.27567,2024-04-27
,c1205,34.55235290527344,42.361369,8.27567,2024-04-28
,c1205,17.206666946411133,42.361369,8.27567,2024-04-29
-0.0271826581026235,c1205,64.75236511230469,42.361369,8.27567,2024-04-30
,c1205,68.59451293945312,42.361369,8.27567,2024-05-01
,c1205,60.2281608581543,42.361369,8.27567,2024-05-02
,c1205,42.2907829284668,42.361369,8.27567,2024-05-03
,c1205,40.08975982666016,42.361369,8.27567,2024-05-04
-0.0053513431209413,c1205,28.549819946289062,42.361369,8.27567,2024-05-05
,c1205,62.442039489746094,42.361369,8.27567,2024-05-06
,c1205,77.04191589355469,42.361369,8.27567,2024-05-07
,c1205,72.12764739990234,42.361369,8.27567,2024-05-08
,c1205,77.12519836425781,42.361369,8.27567,2024-05-09
-0.0168388151289785,c1205,14.55931282043457,42.361369,8.27567,2024-05-10
,c1205,15.89925479888916,42.361369,8.27567,2024-05-11
,c1205,8.364952087402344,42.361369,8.27567,2024-05-12
,c1205,45.23155975341797,42.361369,8.27567,2024-05-13
,c1205,45.48686599731445,42.361369,8.27567,2024-05-14
-0.0745926497723249,c1205,69.26771545410156,42.361369,8.27567,2024-05-15
,c1205,49.71357345581055,42.361369,8.27567,2024-05-16
,c1205,37.1864128112793,42.361369,8.27567,2024-05-17
,c1205,54.43228912353515,42.361369,8.27567,2024-05-18
,c1205,80.17467498779297,42.361369,8.27567,2024-05-19
-0.4600481603952016,c1205,71.66901397705078,42.361369,8.27567,2024-05-20
,c1205,55.436092376708984,42.361369,8.27567,2024-05-21
,c1205,40.97737121582031,42.361369,8.27567,2024-05-22
,c1205,39.459930419921875,42.361369,8.27567,2024-05-23
,c1205,40.67219161987305,42.361369,8.27567,2024-05-24
0.0871507602743804,c1205,44.23427200317383,42.361369,8.27567,2024-05-25
,c1205,48.00128173828125,42.361369,8.27567,2024-05-26
,c1205,39.444915771484375,42.361369,8.27567,2024-05-27
,c1205,38.36103057861328,42.361369,8.27567,2024-05-28
,c1205,68.94271850585938,42.361369,8.27567,2024-05-29
-0.0151401283986428,c1205,55.59933090209961,42.361369,8.27567,2024-05-30
,c1205,59.29610824584961,42.361369,8.27567,2024-05-31
,c1205,42.65821075439453,42.361369,8.27567,2024-06-01
,c1205,58.07120132446289,42.361369,8.27567,2024-06-02
,c1205,53.61231231689453,42.361369,8.27567,2024-06-03
-0.0330074762268101,c1205,52.88116836547851,42.361369,8.27567,2024-06-04
,c1205,35.466129302978516,42.361369,8.27567,2024-06-05
,c1205,19.324647903442383,42.361369,8.27567,2024-06-06
,c1205,25.35920524597168,42.361369,8.27567,2024-06-07
,c1205,29.88454246520996,42.361369,8.27567,2024-06-08
0.0791848609771798,c1205,51.52941131591797,42.361369,8.27567,2024-06-09
,c1205,44.18125915527344,42.361369,8.27567,2024-06-10
,c1205,61.46492385864258,42.361369,8.27567,2024-06-11
,c1205,66.8363265991211,42.361369,8.27567,2024-06-12
,c1205,59.68440628051758,42.361369,8.27567,2024-06-13
-0.019604130998692,c1205,34.99235153198242,42.361369,8.27567,2024-06-14
,c1205,17.776254653930664,42.361369,8.27567,2024-06-15
,c1205,61.77275848388672,42.361369,8.27567,2024-06-16
,c1205,23.04641914367676,42.361369,8.27567,2024-06-17
,c1205,38.50987243652344,42.361369,8.27567,2024-06-18
-0.5419851982418227,c1205,53.89506530761719,42.361369,8.27567,2024-06-19
,c1205,44.53807830810547,42.361369,8.27567,2024-06-20
,c1205,54.29710388183594,42.361369,8.27567,2024-06-21
,c1205,25.85489273071289,42.361369,8.27567,2024-06-22
,c1205,59.146942138671875,42.361369,8.27567,2024-06-23
-0.2231753849040936,c1205,51.647579193115234,42.361369,8.27567,2024-06-24
,c1205,55.55731964111328,42.361369,8.27567,2024-06-25
,c1205,33.81399154663086,42.361369,8.27567,2024-06-26
,c1205,41.844505310058594,42.361369,8.27567,2024-06-27
,c1205,12.7339448928833,42.361369,8.27567,2024-06-28
-0.1935945472296546,c1205,57.437522888183594,42.361369,8.27567,2024-06-29
,c1205,9.921710014343262,42.361369,8.27567,2024-06-30
,c1205,64.40477752685547,42.361369,8.27567,2024-07-01
,c1205,61.906402587890625,42.361369,8.27567,2024-07-02
,c1205,56.29753875732422,42.361369,8.27567,2024-07-03
0.0339072150233037,c1205,19.36181640625,42.361369,8.27567,2024-07-04
,c1205,14.361323356628418,42.361369,8.27567,2024-07-05
,c1205,21.581253051757812,42.361369,8.27567,2024-07-06
,c1205,29.282470703125,42.361369,8.27567,2024-07-07
,c1205,24.402748107910156,42.361369,8.27567,2024-07-08
-0.0206378620665739,c1205,10.454303741455078,42.361369,8.27567,2024-07-09
,c1205,10.05298900604248,42.361369,8.27567,2024-07-10
,c1205,6.735034465789795,42.361369,8.27567,2024-07-11
,c1205,24.661333084106445,42.361369,8.27567,2024-07-12
,c1205,13.90007781982422,42.361369,8.27567,2024-07-13
-0.0043642903020715,c1205,8.837677955627441,42.361369,8.27567,2024-07-14
,c1205,14.092887878417969,42.361369,8.27567,2024-07-15
,c1205,9.985817909240724,42.361369,8.27567,2024-07-16
,c1205,17.325105667114258,42.361369,8.27567,2024-07-17
,c1205,7.1216230392456055,42.361369,8.27567,2024-07-18
0.0046229826149475,c1205,20.461196899414062,42.361369,8.27567,2024-07-19
,c1205,31.8917236328125,42.361369,8.27567,2024-07-20
,c1205,16.259366989135742,42.361369,8.27567,2024-07-21
,c1205,28.39199447631836,42.361369,8.27567,2024-07-22
,c1205,13.854337692260742,42.361369,8.27567,2024-07-23
-0.007378836203476,c1205,15.550514221191406,42.361369,8.27567,2024-07-24
,c1205,14.178670883178713,42.361369,8.27567,2024-07-25
,c1205,9.964794158935549,42.361369,8.27567,2024-07-26
,c1205,5.753420829772949,42.361369,8.27567,2024-07-27
,c1205,8.047977447509766,42.361369,8.27567,2024-07-28
-0.0126803562045097,c1205,2.9936258792877197,42.361369,8.27567,2024-07-29
,c1205,1.8853904008865356,42.361369,8.27567,2024-07-30
,c1205,3.864280223846435,42.361369,8.27567,2024-07-31
,c1205,0.0429470017552375,42.361369,8.27567,2024-08-01
,c1205,3.199999991920777e-05,42.361369,8.27567,2024-08-03
,c1205,11.004475593566896,42.361369,8.27567,2024-08-04
,c1205,0.0492830015718936,42.361369,8.27567,2024-08-05
,c1205,3.0401999950408936,42.361369,8.27567,2024-08-06
,c1205,0.9794870018959044,42.361369,8.27567,2024-08-07
,c1205,1.5999999959603883e-05,42.361369,8.27567,2024-08-08
,c1205,2.7134060859680176,42.361369,8.27567,2024-08-09
,c1205,10.066632270812988,42.361369,8.27567,2024-08-10
,c1205,5.212652206420898,42.361369,8.27567,2024-08-11
,c1205,23.29806137084961,42.361369,8.27567,2024-08-12
,c1205,1.5999999959603883e-05,42.361369,8.27567,2024-08-13
,c1205,0.8637580275535583,42.361369,8.27567,2024-08-14
,c1205,11.815869331359863,42.361369,8.27567,2024-08-15
,c1205,1.8213930130004885,42.361369,8.27567,2024-08-16
,c1205,2.575010061264038,42.361369,8.27567,2024-08-17
,c1205,51.28464889526367,42.361369,8.27567,2024-08-18
,c1205,98.20645904541016,42.361369,8.27567,2024-08-19
,c1205,0.9629279971122742,42.361369,8.27567,2024-08-20
,c1205,2.232693910598755,42.361369,8.27567,2024-08-21
,c1205,8.11805534362793,42.361369,8.27567,2024-08-22
,c1205,7.100099086761475,42.361369,8.27567,2024-08-23
,c1205,77.04053497314453,42.361369,8.27567,2024-08-24
,c1205,0.0,42.361369,8.27567,2024-08-25
,c1205,33.53176498413086,42.361369,8.27567,2024-08-26
,c1205,68.92681121826172,42.361369,8.27567,2024-08-27
,c1205,63.51115036010742,42.361369,8.27567,2024-08-28
,c1205,3.0474588871002197,42.361369,8.27567,2024-08-29
,c1205,0.0115320002660155,42.361369,8.27567,2024-08-30
,c1205,4.921261787414551,42.361369,8.27567,2024-08-31
,c1205,2.148124933242798,42.361369,8.27567,2024-09-02
,c1205,66.52261352539062,42.361369,8.27567,2024-09-03
,c1205,35.68122863769531,42.361369,8.27567,2024-09-04
,c1205,42.61156463623047,42.361369,8.27567,2024-09-05
,c1205,0.1475369930267334,42.361369,8.27567,2024-09-06
,c1205,9.709061622619627,42.361369,8.27567,2024-09-07
,c1205,82.852294921875,42.361369,8.27567,2024-09-08
,c1205,15.064523696899414,42.361369,8.27567,2024-09-09
,c1205,89.52749633789062,42.361369,8.27567,2024-09-10
,c1205,8.457006454467773,42.361369,8.27567,2024-09-11
,c1205,2.203629970550537,42.361369,8.27567,2024-09-12
,c1205,1.389518976211548,42.361369,8.27567,2024-09-13
,c1205,21.15987777709961,42.361369,8.27567,2024-09-14
,c1205,6.975241184234619,42.361369,8.27567,2024-09-15
,c1205,18.809450149536133,42.361369,8.27567,2024-09-16
,c1205,79.1529541015625,42.361369,8.27567,2024-09-17
,c1205,91.41603088378906,42.361369,8.27567,2024-09-18
,c1205,99.9930648803711,42.361369,8.27567,2024-09-19
,c1205,67.73198699951172,42.361369,8.27567,2024-09-20
,c1205,44.16054153442383,42.361369,8.27567,2024-09-21
,c1205,94.6955108642578,42.361369,8.27567,2024-09-22
,c1205,99.9641342163086,42.361369,8.27567,2024-09-23
,c1205,45.89764022827149,42.361369,8.27567,2024-09-24
,c1205,20.971221923828125,42.361369,8.27567,2024-09-25
,c1205,99.9992218017578,42.361369,8.27567,2024-09-26
,c1205,0.2713800072669983,42.361369,8.27567,2024-09-27
,c1205,4.371913909912109,42.361369,8.27567,2024-09-28
,c1205,87.64927673339844,42.361369,8.27567,2024-09-29
,c1205,2.781760931015014,42.361369,8.27567,2024-09-30
,c1205,28.435152053833008,42.361369,8.27567,2024-10-01
-0.0301737004562335,c1205,41.06722259521485,42.361369,8.27567,2024-10-02
,c1205,79.5069351196289,42.361369,8.27567,2024-10-03
,c1205,60.1187858581543,42.361369,8.27567,2024-10-04
,c1205,41.3562126159668,42.361369,8.27567,2024-10-05
,c1205,18.788803100585938,42.361369,8.27567,2024-10-06
-0.1297539406072567,c1205,56.390655517578125,42.361369,8.27567,2024-10-07
,c1205,44.246864318847656,42.361369,8.27567,2024-10-08
,c1205,56.21185302734375,42.361369,8.27567,2024-10-09
,c1205,57.26618576049805,42.361369,8.27567,2024-10-10
,c1205,40.926055908203125,42.361369,8.27567,2024-10-11
-0.2075123785173191,c1205,44.07011413574219,42.361369,8.27567,2024-10-12
,c1205,45.266326904296875,42.361369,8.27567,2024-10-13
,c1205,57.498008728027344,42.361369,8.27567,2024-10-14
,c1205,30.471527099609375,42.361369,8.27567,2024-10-15
,c1205,80.41695404052734,42.361369,8.27567,2024-10-16
0.1309649049578344,c1205,59.63551712036133,42.361369,8.27567,2024-10-17
,c1205,87.11678314208984,42.361369,8.27567,2024-10-18
,c1205,84.13642120361328,42.361369,8.27567,2024-10-19
,c1205,60.415977478027344,42.361369,8.27567,2024-10-20
,c1205,34.09987258911133,42.361369,8.27567,2024-10-21
-0.3457714594462338,c1205,55.31215286254883,42.361369,8.27567,2024-10-22
,c1205,65.379638671875,42.361369,8.27567,2024-10-23
,c1205,82.67477416992188,42.361369,8.27567,2024-10-24
,c1205,45.235050201416016,42.361369,8.27567,2024-10-25
,c1205,64.65967559814453,42.361369,8.27567,2024-10-26
-0.4659292303463992,c1205,55.65425109863281,42.361369,8.27567,2024-10-27
,c1205,40.63677215576172,42.361369,8.27567,2024-10-28
,c1205,38.55287170410156,42.361369,8.27567,2024-10-29
,c1205,21.861963272094727,42.361369,8.27567,2024-10-30
,c1205,17.564990997314453,42.361369,8.27567,2024-10-31
-0.0703729509649907,c1205,15.221810340881348,42.361369,8.27567,2024-11-01
,c1205,23.006839752197266,42.361369,8.27567,2024-11-02
,c1205,16.716060638427734,42.361369,8.27567,2024-11-03
,c1205,22.453954696655273,42.361369,8.27567,2024-11-04
,c1205,23.950984954833984,42.361369,8.27567,2024-11-05
0.0043842222212868,c1205,32.28773880004883,42.361369,8.27567,2024-11-06
,c1205,49.22328186035156,42.361369,8.27567,2024-11-07
,c1205,44.34760665893555,42.361369,8.27567,2024-11-08
,c1205,42.7254753112793,42.361369,8.27567,2024-11-09
,c1205,46.026817321777344,42.361369,8.27567,2024-11-10
-0.0746730257921359,c1205,24.42473030090332,42.361369,8.27567,2024-11-11
,c1205,69.61093139648438,42.361369,8.27567,2024-11-12
,c1205,37.70953750610352,42.361369,8.27567,2024-11-13
,c1205,49.31178283691406,42.361369,8.27567,2024-11-14
,c1205,24.2731876373291,42.361369,8.27567,2024-11-15
-0.0105557682321352,c1205,11.046212196350098,42.361369,8.27567,2024-11-16
,c1205,32.916404724121094,42.361369,8.27567,2024-11-17
,c1205,42.53014373779297,42.361369,8.27567,2024-11-18
,c1205,49.51173400878906,42.361369,8.27567,2024-11-19
,c1205,73.10162353515625,42.361369,8.27567,2024-11-20
-0.1506541119778857,c1205,76.4147720336914,42.361369,8.27567,2024-11-21
,c1205,73.81185913085938,42.361369,8.27567,2024-11-22
,c1205,23.99271011352539,42.361369,8.27567,2024-11-23
,c1205,34.49763107299805,42.361369,8.27567,2024-11-24
,c1205,45.380313873291016,42.361369,8.27567,2024-11-25
-0.0232730703428387,c1205,36.75194549560547,42.361369,8.27567,2024-11-26
,c1205,47.0709228515625,42.361369,8.27567,2024-11-27
,c1205,55.776912689208984,42.361369,8.27567,2024-11-28
,c1205,44.68312072753906,42.361369,8.27567,2024-11-29
,c1205,27.463502883911133,42.361369,8.27567,2024-11-30
-0.172701920897645,c1205,28.4342041015625,42.361369,8.27567,2024-12-01
,c1205,90.54200744628906,42.361369,8.27567,2024-12-02
,c1205,64.31190490722656,42.361369,8.27567,2024-12-03
,c1205,52.69152069091797,42.361369,8.27567,2024-12-04
,c1205,45.85888671875,42.361369,8.27567,2024-12-05
-0.1718884587164639,c1205,77.625732421875,42.361369,8.27567,2024-12-06
,c1205,47.04061126708984,42.361369,8.27567,2024-12-07
,c1205,75.44039154052734,42.361369,8.27567,2024-12-08
,c1205,81.45889282226562,42.361369,8.27567,2024-12-09
,c1205,58.798282623291016,42.361369,8.27567,2024-12-10
0.0015967507024898,c1205,28.061166763305664,42.361369,8.27567,2024-12-11
,c1205,37.60451126098633,42.361369,8.27567,2024-12-12
,c1205,45.516056060791016,42.361369,8.27567,2024-12-13
,c1205,59.32770919799805,42.361369,8.27567,2024-12-14
,c1205,51.709320068359375,42.361369,8.27567,2024-12-15
0.0,c1205,19.87109375,42.361369,8.27567,2024-12-16
,c1205,16.47684669494629,42.361369,8.27567,2024-12-17
,c1205,60.52494430541992,42.361369,8.27567,2024-12-18
,c1205,58.975616455078125,42.361369,8.27567,2024-12-19
,c1205,71.63053894042969,42.361369,8.27567,2024-12-20
0.0886629862382131,c1205,31.13658905029297,42.361369,8.27567,2024-12-21
,c1205,47.27366256713867,42.361369,8.27567,2024-12-22
,c1205,51.32135772705078,42.361369,8.27567,2024-12-23
,c1205,60.573020935058594,42.361369,8.27567,2024-12-24
,c1205,57.141353607177734,42.361369,8.27567,2024-12-25
-0.247323704642408,c1205,29.316959381103516,42.361369,8.27567,2024-12-26
,c1205,19.35202980041504,42.361369,8.27567,2024-12-27
,c1205,14.31520938873291,42.361369,8.27567,2024-12-28
,c1205,13.832744598388672,42.361369,8.27567,2024-12-29
,c1205,6.262077331542969,42.361369,8.27567,2024-12-30
-0.0927757583558559,c1205,17.261920928955078,42.361369,8.27567,2024-12-31
,c1205,32.76689529418945,42.361369,8.27567,2025-01-01
,c1205,98.44023895263672,42.361369,8.27567,2025-01-02
,c1205,99.99987030029295,42.361369,8.27567,2025-01-03
,c1205,4.011122226715088,42.361369,8.27567,2025-01-04
,c1205,10.724170684814451,42.361369,8.27567,2025-01-05
,c1205,99.9989776611328,42.361369,8.27567,2025-01-06
,c1205,36.37575912475586,42.361369,8.27567,2025-01-07
,c1205,30.279096603393555,42.361369,8.27567,2025-01-08
,c1205,18.881439208984375,42.361369,8.27567,2025-01-09
,c1205,0.3309719860553741,42.361369,8.27567,2025-01-10
,c1205,79.53449249267578,42.361369,8.27567,2025-01-11
,c1205,79.81915283203125,42.361369,8.27567,2025-01-12
,c1205,93.3242416381836,42.361369,8.27567,2025-01-13
,c1205,99.3827133178711,42.361369,8.27567,2025-01-14
,c1205,30.59558868408203,42.361369,8.27567,2025-01-15
,c1205,33.940040588378906,42.361369,8.27567,2025-01-16
,c1205,99.96190643310548,42.361369,8.27567,2025-01-17
,c1205,58.19844055175781,42.361369,8.27567,2025-01-18
,c1205,82.78585052490234,42.361369,8.27567,2025-01-19
,c1205,100.0,42.361369,8.27567,2025-01-20
,c1205,59.00490951538086,42.361369,8.27567,2025-01-21
,c1205,99.3467025756836,42.361369,8.27567,2025-01-22
,c1205,62.4463005065918,42.361369,8.27567,2025-01-23
,c1205,0.005202000029385,42.361369,8.27567,2025-01-24
,c1205,0.052971001714468,42.361369,8.27567,2025-01-25
,c1205,0.0001140000022132,42.361369,8.27567,2025-01-26
,c1205,99.65079498291016,42.361369,8.27567,2025-01-27
,c1205,11.188779830932615,42.361369,8.27567,2025-01-28
,c1205,0.1813250035047531,42.361369,8.27567,2025-01-30
,c1205,100.0,42.361369,8.27567,2025-01-31
,c1205,92.04920959472656,42.361369,8.27567,2025-02-01
,c1205,66.53450012207031,42.361369,8.27567,2025-02-02
,c1205,39.13116836547851,42.361369,8.27567,2025-02-03
0.1069556253359598,c1205,21.99155044555664,42.361369,8.27567,2025-02-04
,c1205,11.386951446533203,42.361369,8.27567,2025-02-05
,c1205,28.18816566467285,42.361369,8.27567,2025-02-06
,c1205,55.71076583862305,42.361369,8.27567,2025-02-07
,c1205,77.78778076171875,42.361369,8.27567,2025-02-08
0.0326756842954851,c1205,46.208961486816406,42.361369,8.27567,2025-02-09
,c1205,50.952598571777344,42.361369,8.27567,2025-02-10
,c1205,55.830684661865234,42.361369,8.27567,2025-02-11
,c1205,81.60005187988281,42.361369,8.27567,2025-02-12
,c1205,77.1146240234375,42.361369,8.27567,2025-02-13
-0.0029256812296807,c1205,48.76011276245117,42.361369,8.27567,2025-02-14
,c1205,71.44790649414062,42.361369,8.27567,2025-02-15
,c1205,22.44659423828125,42.361369,8.27567,2025-02-16
,c1205,57.967769622802734,42.361369,8.27567,2025-02-17
,c1205,35.87831115722656,42.361369,8.27567,2025-02-18
-0.2612519358449122,c1205,64.47235870361328,42.361369,8.27567,2025-02-19
,c1205,45.3470458984375,42.361369,8.27567,2025-02-20
,c1205,34.31536102294922,42.361369,8.27567,2025-02-21
,c1205,42.90631484985352,42.361369,8.27567,2025-02-22
,c1205,56.31696319580078,42.361369,8.27567,2025-02-23
-0.0240698643467005,c1205,63.42304992675781,42.361369,8.27567,2025-02-24
,c1205,71.66055297851562,42.361369,8.27567,2025-02-25
,c1205,86.16390991210938,42.361369,8.27567,2025-02-26
,c1205,67.2282943725586,42.361369,8.27567,2025-02-27
,c1205,65.22355651855469,42.361369,8.27567,2025-02-28
-0.2064005490611581,c1205,74.83647155761719,42.361369,8.27567,2025-03-01
,c1205,67.35357666015625,42.361369,8.27567,2025-03-02
,c1205,20.1629695892334,42.361369,8.27567,2025-03-03
,c1205,18.805973052978516,42.361369,8.27567,2025-03-04
,c1205,13.925210952758787,42.361369,8.27567,2025-03-05
0.4232081844526177,c1205,33.2108268737793,42.361369,8.27567,2025-03-06
,c1205,59.211029052734375,42.361369,8.27567,2025-03-07
,c1205,35.2609977722168,42.361369,8.27567,2025-03-08
,c1205,42.107669830322266,42.361369,8.27567,2025-03-09
,c1205,66.46562194824219,42.361369,8.27567,2025-03-10
-0.0983732380411204,c1205,70.31745147705078,42.361369,8.27567,2025-03-11
,c1205,92.8787841796875,42.361369,8.27567,2025-03-12
,c1205,59.73873519897461,42.361369,8.27567,2025-03-13
,c1205,72.48196411132812,42.361369,8.27567,2025-03-14
,c1205,66.33223724365234,42.361369,8.27567,2025-03-15
-0.0539516796412713,c1205,32.422054290771484,42.361369,8.27567,2025-03-16
,c1205,44.14568328857422,42.361369,8.27567,2025-03-17
0.5322519132319617,c1205,29.30756187438965,42.361369,8.27567,2025-03-18
,c1205,20.06329345703125,42.361369,8.27567,2025-03-19
,c1205,26.24781036376953,42.361369,8.27567,2025-03-20
0.0498240235535537,c1205,59.39005661010742,42.361369,8.27567,2025-03-21
,c1205,81.80331420898438,42.361369,8.27567,2025-03-22
,c1205,67.3890380859375,42.361369,8.27567,2025-03-23
,c1205,93.0894012451172,42.361369,8.27567,2025-03-24
,c1205,58.017539978027344,42.361369,8.27567,2025-03-25
0.0961369139854522,c1205,66.814208984375,42.361369,8.27567,2025-03-26
,c1205,69.60301208496094,42.361369,8.27567,2025-03-27
-0.0218796132693943,c1205,62.450958251953125,42.361369,8.27567,2025-03-28
,c1205,70.98595428466797,42.361369,8.27567,2025-03-29
,c1205,51.863956451416016,42.361369,8.27567,2025-03-30
-0.0212974652209702,c1205,28.638303756713867,42.361369,8.27567,2025-03-31
,c1205,76.84915924072266,42.361369,8.27567,2025-04-01
,c1205,27.534225463867188,42.361369,8.27567,2025-04-02
,c1205,36.97823715209961,42.361369,8.27567,2025-04-03
,c1205,22.612668991088867,42.361369,8.27567,2025-04-04
0.0579298352055689,c1205,21.69472312927246,42.361369,8.27567,2025-04-05
,c1205,35.15282440185547,42.361369,8.27567,2025-04-06
0.1143586166860426,c1205,31.34549903869629,42.361369,8.27567,2025-04-07
,c1205,37.128387451171875,42.361369,8.27567,2025-04-08
,c1205,60.079341888427734,42.361369,8.27567,2025-04-09
0.0391967136084156,c1205,24.967714309692383,42.361369,8.27567,2025-04-10
,c1205,13.483864784240724,42.361369,8.27567,2025-04-11
,c1205,55.422874450683594,42.361369,8.27567,2025-04-12
,c1205,91.87235260009766,42.361369,8.27567,2025-04-13
,c1205,96.34049224853516,42.361369,8.27567,2025-04-14
-0.0390674379654228,c1205,61.148223876953125,42.361369,8.27567,2025-04-15
,c1205,63.813209533691406,42.361369,8.27567,2025-04-16
-0.4687939443132455,c1205,67.13390350341797,42.361369,8.27567,2025-04-17
,c1205,40.39789581298828,42.361369,8.27567,2025-04-18
,c1205,62.43719100952149,42.361369,8.27567,2025-04-19
-0.5393596733317656,c1205,79.59076690673828,42.361369,8.27567,2025-04-20
,c1205,62.06793975830078,42.361369,8.27567,2025-04-21
,c1205,31.30600929260254,42.361369,8.27567,2025-04-22
,c1205,49.98448181152344,42.361369,8.27567,2025-04-23
,c1205,37.70878982543945,42.361369,8.27567,2025-04-24
-0.0092021555913721,c1205,30.90961647033691,42.361369,8.27567,2025-04-25
,c1205,57.1661491394043,42.361369,8.27567,2025-04-26
-0.0407109378782265,c1205,74.31937408447266,42.361369,8.27567,2025-04-27
,c1205,37.553218841552734,42.361369,8.27567,2025-04-28
,c1205,9.513439178466797,42.361369,8.27567,2025-04-29
0.1010856460999039,c1205,6.6656174659729,42.361369,8.27567,2025-04-30
,c1205,2.9561400413513184,42.361369,8.27567,2025-05-01
,c1205,15.456151962280272,42.361369,8.27567,2025-05-02
,c1205,45.566368103027344,42.361369,8.27567,2025-05-03
,c1205,86.0385971069336,42.361369,8.27567,2025-05-04
-0.0476078882375184,c1205,48.37114715576172,42.361369,8.27567,2025-05-05
,c1205,75.80707550048828,42.361369,8.27567,2025-05-06
-0.0757869300268152,c1205,64.93350219726562,42.361369,8.27567,2025-05-07
,c1205,62.909156799316406,42.361369,8.27567,2025-05-08
,c1205,65.16112518310547,42.361369,8.27567,2025-05-09
-0.0089178249623407,c1205,44.68644714355469,42.361369,8.27567,2025-05-10
,c1205,59.79036331176758,42.361369,8.27567,2025-05-11
,c1205,45.170936584472656,42.361369,8.27567,2025-05-12
,c1205,30.747915267944336,42.361369,8.27567,2025-05-13
,c1205,58.46649932861328,42.361369,8.27567,2025-05-14
0.0553182868834804,c1205,67.42018127441406,42.361369,8.27567,2025-05-15
,c1205,60.45191192626953,42.361369,8.27567,2025-05-16
-0.0041632933322997,c1205,34.68560028076172,42.361369,8.27567,2025-05-17
,c1205,30.85372543334961,42.361369,8.27567,2025-05-18
,c1205,18.21051597595215,42.361369,8.27567,2025-05-19
-0.3023579632863402,c1205,62.3553581237793,42.361369,8.27567,2025-05-20
,c1205,57.52992630004883,42.361369,8.27567,2025-05-21
,c1205,72.08965301513672,42.361369,8.27567,2025-05-22
,c1205,58.313323974609375,42.361369,8.27567,2025-05-23
,c1205,57.18155670166016,42.361369,8.27567,2025-05-24
0.0059758011963875,c1205,36.5793342590332,42.361369,8.27567,2025-05-25
,c1205,21.771636962890625,42.361369,8.27567,2025-05-26
-0.0140581801095429,c1205,45.97809982299805,42.361369,8.27567,2025-05-27
,c1205,32.96192932128906,42.361369,8.27567,2025-05-28
,c1205,33.23713684082031,42.361369,8.27567,2025-05-29
0.0027942541110164,c1205,10.645013809204102,42.361369,8.27567,2025-05-30
,c1205,9.109049797058104,42.361369,8.27567,2025-05-31
,c1205,12.845976829528809,42.361369,8.27567,2025-06-01
,c1205,41.126163482666016,42.361369,8.27567,2025-06-02
,c1205,23.39865493774414,42.361369,8.27567,2025-06-03
-0.2661168891717406,c1205,45.282615661621094,42.361369,8.27567,2025-06-04
,c1205,13.164430618286133,42.361369,8.27567,2025-06-05
-0.051830153945176,c1205,33.5684814453125,42.361369,8.27567,2025-06-06
,c1205,14.766823768615724,42.361369,8.27567,2025-06-07
,c1205,19.442502975463867,42.361369,8.27567,2025-06-08
0.0235418659552712,c1205,3.647363185882568,42.361369,8.27567,2025-06-09
,c1205,6.688796520233154,42.361369,8.27567,2025-06-10
,c1205,6.036306858062744,42.361369,8.27567,2025-06-11
,c1205,8.739583015441895,42.361369,8.27567,2025-06-12
,c1205,6.932076930999756,42.361369,8.27567,2025-06-13
0.026432901959154,c1205,14.040346145629885,42.361369,8.27567,2025-06-14
,c1205,6.6117658615112305,42.361369,8.27567,2025-06-15
-0.0057022649301763,c1205,34.1448860168457,42.361369,8.27567,2025-06-16
,c1205,38.72880172729492,42.361369,8.27567,2025-06-17
,c1205,29.529781341552734,42.361369,8.27567,2025-06-18
0.0232872024794821,c1205,6.1408915519714355,42.361369,8.27567,2025-06-19
,c1205,21.624603271484375,42.361369,8.27567,2025-06-20
,c1205,12.140055656433104,42.361369,8.27567,2025-06-21
,c1205,5.096663951873779,42.361369,8.27567,2025-06-22
,c1205,15.440528869628906,42.361369,8.27567,2025-06-23
,c1205,11.545405387878418,42.361369,8.27567,2025-06-24
,c1205,6.900295734405518,42.361369,8.27567,2025-06-25
-0.0103524446925696,c1205,14.890542984008787,42.361369,8.27567,2025-06-26
,c1205,26.893110275268555,42.361369,8.27567,2025-06-27
,c1205,13.788180351257324,42.361369,8.27567,2025-06-28
,c1205,2.838759183883667,42.361369,8.27567,2025-06-29
,c1205,12.224087715148926,42.361369,8.27567,2025-06-30
,c1205,9.395310401916504,42.361369,8.27567,2025-07-01
,c1205,15.241857528686523,42.361369,8.27567,2025-07-02
,c1205,18.47102928161621,42.361369,8.27567,2025-07-03
0.0396408805185381,c1205,14.696415901184082,42.361369,8.27567,2025-07-04
,c1205,10.079428672790527,42.361369,8.27567,2025-07-05
0.0115199825164916,c1205,35.43053436279297,42.361369,8.27567,2025-07-06
,c1205,40.50118637084961,42.361369,8.27567,2025-07-07
,c1205,29.00777053833008,42.361369,8.27567,2025-07-08
-0.0232659607769592,c1205,11.754623413085938,42.361369,8.27567,2025-07-09
,c1205,25.24647521972656,42.361369,8.27567,2025-07-10
,c1205,16.468908309936523,42.361369,8.27567,2025-07-11
,c1205,23.053983688354492,42.361369,8.27567,2025-07-12
,c1205,51.64943313598633,42.361369,8.27567,2025-07-13
0.0134512301753549,c1205,13.607138633728027,42.361369,8.27567,2025-07-14
,c1205,13.089621543884276,42.361369,8.27567,2025-07-15
-0.0119157394394278,c1205,22.897539138793945,42.361369,8.27567,2025-07-16
,c1205,25.168630599975582,42.361369,8.27567,2025-07-17
,c1205,13.67119598388672,42.361369,8.27567,2025-07-18
-0.0864520427496994,c1205,50.83152389526367,42.361369,8.27567,2025-07-19
,c1205,13.888572692871094,42.361369,8.27567,2025-07-20
,c1205,29.21102523803711,42.361369,8.27567,2025-07-21
,c1205,17.24108123779297,42.361369,8.27567,2025-07-22
,c1205,19.255212783813477,42.361369,8.27567,2025-07-23
-0.3741222078309339,c1205,36.418216705322266,42.361369,8.27567,2025-07-24
,c1205,19.757986068725582,42.361369,8.27567,2025-07-25
0.0025895877439966,c1205,44.32929229736328,42.361369,8.27567,2025-07-26
,c1205,33.14476013183594,42.361369,8.27567,2025-07-27
,c1205,52.71284866333008,42.361369,8.27567,2025-07-28
0.1344149211969445,c1205,17.60609245300293,42.361369,8.27567,2025-07-29
,c1205,15.461688041687012,42.361369,8.27567,2025-07-30
,c1205,13.194345474243164,42.361369,8.27567,2025-07-31
,c1205,15.599926948547363,42.361369,8.27567,2025-08-01
,c1205,36.45883560180664,42.361369,8.27567,2025-08-02
0.016854151415036,c1205,20.62146759033203,42.361369,8.27567,2025-08-03
,c1205,36.679901123046875,42.361369,8.27567,2025-08-04
-0.0102799225571181,c1205,8.17813777923584,42.361369,8.27567,2025-08-05
,c1205,21.069005966186523,42.361369,8.27567,2025-08-06
,c1205,2.033804416656494,42.361369,8.27567,2025-08-07
-0.0329115117516587,c1205,2.512920379638672,42.361369,8.27567,2025-08-08
,c1205,0.3474905788898468,42.361369,8.27567,2025-08-09
,c1205,1.5015925168991089,42.361369,8.27567,2025-08-10
,c1205,1.4669924974441528,42.361369,8.27567,2025-08-11
,c1205,4.822649955749512,42.361369,8.27567,2025-08-12
0.0278108458445571,c1205,6.417729377746582,42.361369,8.27567,2025-08-13
,c1205,15.365906715393066,42.361369,8.27567,2025-08-14
-0.0129225206287468,c1205,9.51640796661377,42.361369,8.27567,2025-08-15
,c1205,30.873640060424805,42.361369,8.27567,2025-08-16
,c1205,30.323163986206055,42.361369,8.27567,2025-08-17
0.1139505178667604,c1205,9.8112154006958,42.361369,8.27567,2025-08-18
,c1205,6.236966133117676,42.361369,8.27567,2025-08-19
,c1205,51.193084716796875,42.361369,8.27567,2025-08-20
,c1205,45.111820220947266,42.361369,8.27567,2025-08-21
,c1205,23.81826400756836,42.361369,8.27567,2025-08-22
0.0516167526407276,c1205,25.572195053100582,42.361369,8.27567,2025-08-23
,c1205,29.96354103088379,42.361369,8.27567,2025-08-24
0.5073443513308815,c1205,28.098285675048828,42.361369,8.27567,2025-08-25
,c1205,18.64384651184082,42.361369,8.27567,2025-08-26
,c1205,11.861736297607422,42.361369,8.27567,2025-08-27
-0.0691000214175266,c1205,46.8472785949707,42.361369,8.27567,2025-08-28
,c1205,56.56649017333984,42.361369,8.27567,2025-08-29
,c1205,39.5815544128418,42.361369,8.27567,2025-08-30
,c1205,26.417171478271484,42.361369,8.27567,2025-08-31
,c1205,15.942930221557615,42.361369,8.27567,2025-09-01
0.0453229231431203,c1205,24.657276153564453,42.361369,8.27567,2025-09-02
,c1205,46.85677719116211,42.361369,8.27567,2025-09-03
0.7674208237844354,c1205,11.13675022125244,42.361369,8.27567,2025-09-04
,c1205,12.46274185180664,42.361369,8.27567,2025-09-05
,c1205,13.720243453979492,42.361369,8.27567,2025-09-06
0.048910741649075,c1205,26.97968482971191,42.361369,8.27567,2025-09-07
,c1205,26.47627067565918,42.361369,8.27567,2025-09-08
,c1205,5.3272705078125,42.361369,8.27567,2025-09-09
,c1205,53.317970275878906,42.361369,8.27567,2025-09-10
,c1205,16.50468635559082,42.361369,8.27567,2025-09-11
0.0162018673686201,c1205,12.277795791625977,42.361369,8.27567,2025-09-12
,c1205,13.519682884216309,42.361369,8.27567,2025-09-13
-0.1124218058279331,c1205,65.69681549072266,42.361369,8.27567,2025-09-14
,c1205,5.976215839385986,42.361369,8.27567,2025-09-15
,c1205,25.26536750793457,42.361369,8.27567,2025-09-16
0.1232309548074708,c1205,50.34730911254883,42.361369,8.27567,2025-09-17
,c1205,10.25236701965332,42.361369,8.27567,2025-09-18
,c1205,7.63970136642456,42.361369,8.27567,2025-09-19
,c1205,3.650722742080689,42.361369,8.27567,2025-09-20
,c1205,11.132354736328123,42.361369,8.27567,2025-09-21
0.0580681771916501,c1205,35.22834777832031,42.361369,8.27567,2025-09-22
,c1205,66.78382873535156,42.361369,8.27567,2025-09-23
0.0414202221504905,c1205,46.41782760620117,42.361369,8.27567,2025-09-24
,c1205,43.51519775390625,42.361369,8.27567,2025-09-25
,c1205,60.21546936035156,42.361369,8.27567,2025-09-26
-0.2103745692354791,c1205,58.88718032836914,42.361369,8.27567,2025-09-27
,c1205,44.01264953613281,42.361369,8.27567,2025-09-28
,c1205,23.62434959411621,42.361369,8.27567,2025-09-29
,c1205,37.401588439941406,42.361369,8.27567,2025-09-30
,c1205,41.17395782470703,42.361369,8.27567,2025-10-01
-0.0399186181616695,c1205,44.21829605102539,42.361369,8.27567,2025-10-02
,c1205,50.11699676513672,42.361369,8.27567,2025-10-03
0.0023505278479527,c1205,39.577842712402344,42.361369,8.27567,2025-10-04
,c1205,63.59416580200195,42.361369,8.27567,2025-10-05
,c1205,21.811763763427734,42.361369,8.27567,2025-10-06
0.9235294117647058,c1205,18.44153213500977,42.361369,8.27567,2025-10-07
,c1205,13.416430473327637,42.361369,8.27567,2025-10-08
,c1205,46.53633499145508,42.361369,8.27567,2025-10-09
,c1205,42.67586517333984,42.361369,8.27567,2025-10-10
,c1205,29.900022506713867,42.361369,8.27567,2025-10-11
0.9529411764705884,c1205,30.66090202331543,42.361369,8.27567,2025-10-12
,c1205,36.70709609985352,42.361369,8.27567,2025-10-13
-0.6899691856959286,c1205,54.5865478515625,42.361369,8.27567,2025-10-14
,c1205,58.73404693603515,42.361369,8.27567,2025-10-15
,c1205,39.014549255371094,42.361369,8.27567,2025-10-16
-0.0140518186833052,c1205,28.336715698242188,42.361369,8.27567,2025-10-17
,c1205,57.4232177734375,42.361369,8.27567,2025-10-18
,c1205,54.92742538452149,42.361369,8.27567,2025-10-19
,c1205,53.74974060058594,42.361369,8.27567,2025-10-20
,c1205,67.23442840576172,42.361369,8.27567,2025-10-21
-0.3829554078333518,c1205,59.41064453125,42.361369,8.27567,2025-10-22
,c1205,89.58171081542969,42.361369,8.27567,2025-10-23
0.1501723536016309,c1205,18.443275451660156,42.361369,8.27567,2025-10-24
,c1205,43.3084716796875,42.361369,8.27567,2025-10-25
,c1205,52.518699645996094,42.361369,8.27567,2025-10-26
-0.1840613826506716,c1205,58.55619812011719,42.361369,8.27567,2025-10-27
,c1205,20.966197967529297,42.361369,8.27567,2025-10-28
,c1205,40.29712677001953,42.361369,8.27567,2025-10-29
,c1205,71.3488998413086,42.361369,8.27567,2025-10-30
,c1205,55.40006637573242,42.361369,8.27567,2025-10-31
-0.3854320807053762,c1205,51.7990608215332,42.361369,8.27567,2025-11-01
,c1205,61.27719497680664,42.361369,8.27567,2025-11-02
0.5999525655718411,c1205,20.193910598754883,42.361369,8.27567,2025-11-03
,c1205,12.435745239257812,42.361369,8.27567,2025-11-04
,c1205,5.072092533111572,42.361369,8.27567,2025-11-05
-0.2158280362101161,c1205,44.84791564941406,42.361369,8.27567,2025-11-06
,c1205,63.84364700317383,42.361369,8.27567,2025-11-07
,c1205,37.936241149902344,42.361369,8.27567,2025-11-08
,c1205,51.35735321044922,42.361369,8.27567,2025-11-09
,c1205,20.319902420043945,42.361369,8.27567,2025-11-10
-0.0171261938507942,c1205,22.259960174560547,42.361369,8.27567,2025-11-11
,c1205,27.93268585205078,42.361369,8.27567,2025-11-12
0.1235294117647058,c1205,24.40689468383789,42.361369,8.27567,2025-11-13
,c1205,34.95893096923828,42.361369,8.27567,2025-11-14
,c1205,42.415042877197266,42.361369,8.27567,2025-11-15
-0.0560221241294022,c1205,93.60620880126952,42.361369,8.27567,2025-11-16
,c1205,82.44193267822266,42.361369,8.27567,2025-11-17
,c1205,63.67207717895508,42.361369,8.27567,2025-11-18
,c1205,77.28726196289062,42.361369,8.27567,2025-11-19
,c1205,81.3189468383789,42.361369,8.27567,2025-11-20
-0.1144945613820763,c1205,67.42950439453125,42.361369,8.27567,2025-11-21
,c1205,34.63035202026367,42.361369,8.27567,2025-11-22
0.0147417929242638,c1205,43.08491516113281,42.361369,8.27567,2025-11-23
,c1205,81.93798828125,42.361369,8.27567,2025-11-24
,c1205,87.2073745727539,42.361369,8.27567,2025-11-25
-0.0097115742686368,c1205,58.753604888916016,42.361369,8.27567,2025-11-26
,c1205,67.45507049560547,42.361369,8.27567,2025-11-27
,c1205,49.323036193847656,42.361369,8.27567,2025-11-28
,c1205,44.866905212402344,42.361369,8.27567,2025-11-29
,c1205,40.295169830322266,42.361369,8.27567,2025-11-30
0.9678018573452444,c1205,54.408447265625,42.361369,8.27567,2025-12-01
,c1205,65.08024597167969,42.361369,8.27567,2025-12-02
-0.2358489376218879,c1205,73.07781219482422,42.361369,8.27567,2025-12-03
,c1205,85.99693298339844,42.361369,8.27567,2025-12-04
,c1205,83.09132385253906,42.361369,8.27567,2025-12-05
-0.1597666130784679,c1205,57.98340606689453,42.361369,8.27567,2025-12-06
,c1205,63.130088806152344,42.361369,8.27567,2025-12-07
,c1205,39.02548599243164,42.361369,8.27567,2025-12-08
,c1205,34.93971252441406,42.361369,8.27567,2025-12-09
,c1205,27.97344207763672,42.361369,8.27567,2025-12-10
-0.02408942147432,c1205,39.56949234008789,42.361369,8.27567,2025-12-11
,c1205,53.62242126464844,42.361369,8.27567,2025-12-12
-0.4927566523061079,c1205,8.912341117858887,42.361369,8.27567,2025-12-13
,c1205,38.91692352294922,42.361369,8.27567,2025-12-14
,c1205,75.90132904052734,42.361369,8.27567,2025-12-15
-0.4561894557055304,c1205,84.13845825195312,42.361369,8.27567,2025-12-16
,c1205,62.3236198425293,42.361369,8.27567,2025-12-17
,c1205,66.96217346191406,42.361369,8.27567,2025-12-18
,c1205,78.55914306640625,42.361369,8.27567,2025-12-19
,c1205,68.82242584228516,42.361369,8.27567,2025-12-20
-0.400315917677739,c1205,69.884765625,42.361369,8.27567,2025-12-21
,c1205,60.98404312133789,42.361369,8.27567,2025-12-22
-0.2449829619596986,c1205,79.70730590820312,42.361369,8.27567,2025-12-23
,c1205,70.55998992919922,42.361369,8.27567,2025-12-24
,c1205,73.09832763671875,42.361369,8.27567,2025-12-25
-0.0265545990098925,c1205,51.95352554321289,42.361369,8.27567,2025-12-26
,c1205,23.197343826293945,42.361369,8.27567,2025-12-27
,c1205,12.11467456817627,42.361369,8.27567,2025-12-28
,c1205,17.4130859375,42.361369,8.27567,2025-12-29
,c1205,32.4428825378418,42.361369,8.27567,2025-12-30
