cell_id,lat_center,lon_center,mean,date
c0013,35.604613,10.673736,-0.368632588765079,2019-01-01
c0013,35.604613,10.673736,-0.8431427881634102,2019-01-02
c0013,35.604613,10.673736,-1.3275853601442542,2019-01-03
c0013,35.604613,10.673736,-1.7362481598612238,2019-01-04
c0013,35.604613,10.673736,-0.8259176823551129,2019-01-05
c0013,35.604613,10.673736,-0.760480657031422,2019-01-06
c0013,35.604613,10.673736,-1.035122552818568,2019-01-07
c0013,35.604613,10.673736,-0.9671635381631616,2019-01-08
c0013,35.604613,10.673736,-0.9884096134747868,2019-01-09
c0013,35.604613,10.673736,-0.6268518495781203,2019-01-10
c0013,35.604613,10.673736,-0.2360734459683671,2019-01-11
c0013,35.604613,10.673736,-0.854862516167723,2019-01-12
c0013,35.604613,10.673736,-1.4549565784700438,2019-01-13
c0013,35.604613,10.673736,-0.8945580785615518,2019-01-14
c0013,35.604613,10.673736,-0.909071106624954,2019-01-15
c0013,35.604613,10.673736,-0.6300829119050629,2019-01-16
c0013,35.604613,10.673736,-0.589780205727974,2019-01-17
c0013,35.604613,10.673736,-0.8278627672768331,2019-01-18
c0013,35.604613,10.673736,-1.1274131690860645,2019-01-19
c0013,35.604613,10.673736,-1.2530843313143682,2019-01-20
c0013,35.604613,10.673736,-0.8219283605202518,2019-01-21
c0013,35.604613,10.673736,-0.5494764342512566,2019-01-22
c0013,35.604613,10.673736,-0.756799327424031,2019-01-23
c0013,35.604613,10.673736,-1.312986507684821,2019-01-24
c0013,35.604613,10.673736,-1.1140200911253653,2019-01-25
c0013,35.604613,10.673736,-0.6746702445281598,2019-01-26
c0013,35.604613,10.673736,-0.7034012750594804,2019-01-27
c0013,35.604613,10.673736,-0.9122342226666376,2019-01-28
c0013,35.604613,10.673736,-1.1994670773668932,2019-01-29
c0013,35.604613,10.673736,-1.6461037413064878,2019-01-30
c0013,35.604613,10.673736,-1.288539203421112,2019-01-31
c0013,35.604613,10.673736,-0.3704594260452544,2019-02-01
c0013,35.604613,10.673736,-0.2883070650646465,2019-02-02
c0013,35.604613,10.673736,-0.723951499712974,2019-02-03
c0013,35.604613,10.673736,-0.8326587057436295,2019-02-04
c0013,35.604613,10.673736,-1.2106631043925975,2019-02-05
c0013,35.604613,10.673736,-0.6863894098721522,2019-02-06
c0013,35.604613,10.673736,-1.1642402041501394,2019-02-07
c0013,35.604613,10.673736,-0.9427816779854044,2019-02-08
c0013,35.604613,10.673736,-1.1936431710952733,2019-02-09
c0013,35.604613,10.673736,-0.6704569252889315,2019-02-10
c0013,35.604613,10.673736,-1.0745450964765997,2019-02-11
c0013,35.604613,10.673736,-0.8527916887125034,2019-02-12
c0013,35.604613,10.673736,-0.9930361395312852,2019-02-13
c0013,35.604613,10.673736,-1.125101875086034,2019-02-14
c0013,35.604613,10.673736,-0.81188559113687,2019-02-15
c0013,35.604613,10.673736,-1.0890931660926193,2019-02-16
c0013,35.604613,10.673736,-1.0109923537461147,2019-02-17
c0013,35.604613,10.673736,-0.7618545088069101,2019-02-18
c0013,35.604613,10.673736,-0.7327778114994034,2019-02-19
c0013,35.604613,10.673736,-0.8335208148725363,2019-02-20
c0013,35.604613,10.673736,-0.8357283051659721,2019-02-21
c0013,35.604613,10.673736,-0.5304974776657293,2019-02-22
c0013,35.604613,10.673736,-0.7332308542712112,2019-02-23
c0013,35.604613,10.673736,-1.3497028229065315,2019-02-24
c0013,35.604613,10.673736,-1.3833438723648426,2019-02-25
c0013,35.604613,10.673736,-1.0621852036720194,2019-02-26
c0013,35.604613,10.673736,-1.264254720599857,2019-02-27
c0013,35.604613,10.673736,-0.7829161975659221,2019-02-28
c0013,35.604613,10.673736,-0.7115422033720453,2019-03-01
c0013,35.604613,10.673736,-0.7525573822370685,2019-03-02
c0013,35.604613,10.673736,-1.2157135520914095,2019-03-03
c0013,35.604613,10.673736,-0.7736058872846132,2019-03-04
c0013,35.604613,10.673736,-0.7665613582228591,2019-03-05
c0013,35.604613,10.673736,-0.6862579693132325,2019-03-06
c0013,35.604613,10.673736,-0.507318735984397,2019-03-07
c0013,35.604613,10.673736,-1.3934849114833254,2019-03-08
c0013,35.604613,10.673736,-1.0674631867469913,2019-03-09
c0013,35.604613,10.673736,0.4069317276759521,2019-03-10
c0013,35.604613,10.673736,0.7285856380882604,2019-03-11
c0013,35.604613,10.673736,-0.5579350933411242,2019-03-12
c0013,35.604613,10.673736,-0.6054846049931291,2019-03-13
c0013,35.604613,10.673736,-1.1829701180149923,2019-03-14
c0013,35.604613,10.673736,-1.2649952024227271,2019-03-15
c0013,35.604613,10.673736,-0.6918074530430971,2019-03-16
c0013,35.604613,10.673736,-0.5307205683241403,2019-03-17
c0013,35.604613,10.673736,-0.6601069835764853,2019-03-18
c0013,35.604613,10.673736,-1.1380480913914244,2019-03-19
c0013,35.604613,10.673736,-0.2150904767440472,2019-03-20
c0013,35.604613,10.673736,-0.8618581368786546,2019-03-21
c0013,35.604613,10.673736,-0.7483943761770693,2019-03-22
c0013,35.604613,10.673736,-0.8042657879107048,2019-03-23
c0013,35.604613,10.673736,-1.2986650739833832,2019-03-24
c0013,35.604613,10.673736,-0.955559901472138,2019-03-25
c0013,35.604613,10.673736,-0.9670632596827224,2019-03-26
c0013,35.604613,10.673736,-1.0537625444387972,2019-03-27
c0013,35.604613,10.673736,-0.9631081447435464,2019-03-28
c0013,35.604613,10.673736,-1.3727130549119846,2019-03-29
c0013,35.604613,10.673736,-1.2104273759195228,2019-03-30
c0013,35.604613,10.673736,-1.805061613377436,2019-03-31
c0013,35.604613,10.673736,-0.9886774433608082,2019-04-01
c0013,35.604613,10.673736,,2019-04-02
c0013,35.604613,10.673736,,2019-04-03
c0013,35.604613,10.673736,-1.4635663795601572,2019-04-04
c0013,35.604613,10.673736,-1.098514037325459,2019-04-05
c0013,35.604613,10.673736,-0.8996018270917575,2019-04-06
c0013,35.604613,10.673736,-0.2515924762436606,2019-04-07
c0013,35.604613,10.673736,-0.9102639142388628,2019-04-08
c0013,35.604613,10.673736,-1.768082634000517,2019-04-09
c0013,35.604613,10.673736,-1.3641419508333017,2019-04-10
c0013,35.604613,10.673736,-0.9059554526104564,2019-04-11
c0013,35.604613,10.673736,-0.9533120882759374,2019-04-12
c0013,35.604613,10.673736,-0.4490639440875823,2019-04-13
c0013,35.604613,10.673736,-0.7461630096049713,2019-04-14
c0013,35.604613,10.673736,-0.523921894927037,2019-04-16
c0013,35.604613,10.673736,-0.543022098197446,2019-04-17
c0013,35.604613,10.673736,-0.0964521882438953,2019-04-18
c0013,35.604613,10.673736,-0.4995339176004598,2019-04-19
c0013,35.604613,10.673736,-0.6601028297947903,2019-04-20
c0013,35.604613,10.673736,-0.3203587341735607,2019-04-21
c0013,35.604613,10.673736,1.4487669717141425,2019-04-22
c0013,35.604613,10.673736,-0.1775000816885866,2019-04-23
c0013,35.604613,10.673736,0.1024567556912822,2019-04-24
c0013,35.604613,10.673736,-0.0696597471492842,2019-04-25
c0013,35.604613,10.673736,-0.0891021227582375,2019-04-26
c0013,35.604613,10.673736,-0.7621077427694353,2019-04-27
c0013,35.604613,10.673736,-0.8573407905402235,2019-04-28
c0013,35.604613,10.673736,-0.5049196317610052,2019-04-29
c0013,35.604613,10.673736,-1.312022875878826,2019-04-30
c0013,35.604613,10.673736,-0.7795537157171669,2019-05-01
c0013,35.604613,10.673736,-1.09976069348306,2019-05-02
c0013,35.604613,10.673736,-0.9987319615376922,2019-05-03
c0013,35.604613,10.673736,-0.7250223185388814,2019-05-04
c0013,35.604613,10.673736,-0.5520570164315772,2019-05-05
c0013,35.604613,10.673736,-0.7787907828935643,2019-05-06
c0013,35.604613,10.673736,-1.1687037875698567,2019-05-07
c0013,35.604613,10.673736,-1.2153213288787432,2019-05-08
c0013,35.604613,10.673736,-0.5645503369836431,2019-05-09
c0013,35.604613,10.673736,-0.4664136440347844,2019-05-10
c0013,35.604613,10.673736,-0.7125575890318085,2019-05-11
c0013,35.604613,10.673736,-1.6103178103815372,2019-05-12
c0013,35.604613,10.673736,-1.0286798401856427,2019-05-13
c0013,35.604613,10.673736,-0.1329359100535304,2019-05-14
c0013,35.604613,10.673736,-0.6999191283654052,2019-05-15
c0013,35.604613,10.673736,-0.4572257658836474,2019-05-16
c0013,35.604613,10.673736,-0.712755493443574,2019-05-17
c0013,35.604613,10.673736,-0.8978881994882474,2019-05-18
c0013,35.604613,10.673736,-1.2098049806933968,2019-05-19
c0013,35.604613,10.673736,-0.7680404576602141,2019-05-20
c0013,35.604613,10.673736,-1.345691897356086,2019-05-21
c0013,35.604613,10.673736,-0.9546776291791214,2019-05-22
c0013,35.604613,10.673736,-1.294180752387704,2019-05-23
c0013,35.604613,10.673736,-1.0122148446124442,2019-05-24
c0013,35.604613,10.673736,-0.320612895305979,2019-05-25
c0013,35.604613,10.673736,-0.2389289476373823,2019-05-26
c0013,35.604613,10.673736,-1.6896828756897797,2019-05-27
c0013,35.604613,10.673736,-0.7037684677797459,2019-05-28
c0013,35.604613,10.673736,-0.8906630251283473,2019-05-29
c0013,35.604613,10.673736,-0.8776227068826179,2019-05-30
c0013,35.604613,10.673736,-0.590705196961063,2019-05-31
c0013,35.604613,10.673736,-0.5619327307163974,2019-06-01
c0013,35.604613,10.673736,-0.7985834919750846,2019-06-02
c0013,35.604613,10.673736,-1.0083750810963663,2019-06-03
c0013,35.604613,10.673736,0.3677169977610724,2019-06-04
c0013,35.604613,10.673736,0.1025236269955036,2019-06-05
c0013,35.604613,10.673736,-0.6368626529942379,2019-06-06
c0013,35.604613,10.673736,-0.0303136690369573,2019-06-07
c0013,35.604613,10.673736,-0.3050160585111995,2019-06-08
c0013,35.604613,10.673736,-0.2504817839940134,2019-06-09
c0013,35.604613,10.673736,0.3829837915114366,2019-06-10
c0013,35.604613,10.673736,0.0573359590287947,2019-06-11
c0013,35.604613,10.673736,-0.1975866544820144,2019-06-12
c0013,35.604613,10.673736,0.3634166680709305,2019-06-13
c0013,35.604613,10.673736,0.385562999467534,2019-06-14
c0013,35.604613,10.673736,0.8100279185385386,2019-06-15
c0013,35.604613,10.673736,0.3980549848182603,2019-06-16
c0013,35.604613,10.673736,-0.2958247447083049,2019-06-17
c0013,35.604613,10.673736,-0.5267473701424612,2019-06-18
c0013,35.604613,10.673736,-0.7035752658019171,2019-06-19
c0013,35.604613,10.673736,-0.6671369051018865,2019-06-20
c0013,35.604613,10.673736,-0.0046762857660734,2019-06-21
c0013,35.604613,10.673736,0.1262329151657378,2019-06-22
c0013,35.604613,10.673736,0.1737432578685736,2019-06-23
c0013,35.604613,10.673736,0.4594518960565961,2019-06-24
c0013,35.604613,10.673736,-0.0414011604673389,2019-06-25
c0013,35.604613,10.673736,-0.0330963757770533,2019-06-26
c0013,35.604613,10.673736,-0.4610361156100669,2019-06-27
c0013,35.604613,10.673736,-0.774424672080143,2019-06-28
c0013,35.604613,10.673736,-0.5798759332895392,2019-06-29
c0013,35.604613,10.673736,-0.9032502237600044,2019-06-30
c0013,35.604613,10.673736,-0.65167899040592,2019-07-01
c0013,35.604613,10.673736,-0.5103408447933769,2019-07-02
c0013,35.604613,10.673736,-0.3162085675012744,2019-07-03
c0013,35.604613,10.673736,0.4979090373032153,2019-07-04
c0013,35.604613,10.673736,0.1689005242180091,2019-07-05
c0013,35.604613,10.673736,0.1624801752215095,2019-07-06
c0013,35.604613,10.673736,0.1054360252668545,2019-07-07
c0013,35.604613,10.673736,0.3551431657232878,2019-07-08
c0013,35.604613,10.673736,0.2913569162784446,2019-07-09
c0013,35.604613,10.673736,0.5448510516398398,2019-07-10
c0013,35.604613,10.673736,-0.1740240037827307,2019-07-11
c0013,35.604613,10.673736,-0.6330101344587148,2019-07-12
c0013,35.604613,10.673736,0.9560787067709248,2019-07-13
c0013,35.604613,10.673736,0.7007126111245112,2019-07-14
c0013,35.604613,10.673736,,2019-07-15
c0013,35.604613,10.673736,-0.7281144710494959,2019-07-16
c0013,35.604613,10.673736,-0.7551215225201945,2019-07-17
c0013,35.604613,10.673736,-0.8427579742254984,2019-07-18
c0013,35.604613,10.673736,-0.7340831257198057,2019-07-19
c0013,35.604613,10.673736,-0.904865960007043,2019-07-20
c0013,35.604613,10.673736,-1.0134420748611743,2019-07-21
c0013,35.604613,10.673736,-1.276421690862949,2019-07-22
c0013,35.604613,10.673736,-0.645634552495296,2019-07-23
c0013,35.604613,10.673736,-0.4883667469261289,2019-07-24
c0013,35.604613,10.673736,-0.7171884912332172,2019-07-25
c0013,35.604613,10.673736,-0.6425129393012291,2019-07-26
c0013,35.604613,10.673736,-0.1933203933236533,2019-07-27
c0013,35.604613,10.673736,-0.1516195688811144,2019-07-28
c0013,35.604613,10.673736,-0.0732051033299519,2019-07-29
c0013,35.604613,10.673736,-0.6104586056089147,2019-07-30
c0013,35.604613,10.673736,-0.2657221076303919,2019-07-31
c0013,35.604613,10.673736,-0.1678805594258491,2019-08-01
c0013,35.604613,10.673736,0.2164133785711541,2019-08-02
c0013,35.604613,10.673736,0.7453831940855961,2019-08-03
c0013,35.604613,10.673736,0.8005358566614242,2019-08-04
c0013,35.604613,10.673736,0.5529516908048037,2019-08-05
c0013,35.604613,10.673736,-0.3345797314955741,2019-08-06
c0013,35.604613,10.673736,0.3492574531824503,2019-08-07
c0013,35.604613,10.673736,1.2591574953731317,2019-08-08
c0013,35.604613,10.673736,0.3672988676362559,2019-08-09
c0013,35.604613,10.673736,-0.344176575249061,2019-08-10
c0013,35.604613,10.673736,-0.6111388314965078,2019-08-11
c0013,35.604613,10.673736,-0.8925228553827532,2019-08-12
c0013,35.604613,10.673736,-0.2670925561332199,2019-08-13
c0013,35.604613,10.673736,-0.3784305034269981,2019-08-14
c0013,35.604613,10.673736,-0.3117581933673103,2019-08-15
c0013,35.604613,10.673736,-0.7567823921272006,2019-08-16
c0013,35.604613,10.673736,-0.7272201915296054,2019-08-17
c0013,35.604613,10.673736,-0.5738482237483139,2019-08-18
c0013,35.604613,10.673736,-0.2213121815878299,2019-08-19
c0013,35.604613,10.673736,-0.5129147115454927,2019-08-20
c0013,35.604613,10.673736,-1.1667026853327045,2019-08-21
c0013,35.604613,10.673736,,2019-08-22
c0013,35.604613,10.673736,-0.7662656811557849,2019-08-23
c0013,35.604613,10.673736,-0.9812078817974976,2019-08-24
c0013,35.604613,10.673736,-1.1390068544358751,2019-08-25
c0013,35.604613,10.673736,-1.737532731895008,2019-08-26
c0013,35.604613,10.673736,-1.1155135435089,2019-08-27
c0013,35.604613,10.673736,-1.2830756469690696,2019-08-28
c0013,35.604613,10.673736,-1.1836499922338053,2019-08-29
c0013,35.604613,10.673736,-1.3070700630227634,2019-08-30
c0013,35.604613,10.673736,-1.175899815119942,2019-08-31
c0013,35.604613,10.673736,-1.8153507219127951,2019-09-01
c0013,35.604613,10.673736,-0.9787543430305412,2019-09-02
c0013,35.604613,10.673736,-0.7957004278586695,2019-09-03
c0013,35.604613,10.673736,-0.9179082459959372,2019-09-04
c0013,35.604613,10.673736,-0.9745708221716944,2019-09-05
c0013,35.604613,10.673736,-0.8854696923046013,2019-09-06
c0013,35.604613,10.673736,-0.9687769941496304,2019-09-07
c0013,35.604613,10.673736,-0.7180502634886976,2019-09-08
c0013,35.604613,10.673736,-0.9144656187832964,2019-09-09
c0013,35.604613,10.673736,-0.9886274267440132,2019-09-10
c0013,35.604613,10.673736,-1.062705867143264,2019-09-11
c0013,35.604613,10.673736,-0.7649169571286032,2019-09-12
c0013,35.604613,10.673736,-0.3407136269195441,2019-09-13
c0013,35.604613,10.673736,-0.5700184923508965,2019-09-14
c0013,35.604613,10.673736,-1.1403154895134269,2019-09-15
c0013,35.604613,10.673736,-0.3336029950907056,2019-09-16
c0013,35.604613,10.673736,-0.3033730102366782,2019-09-17
c0013,35.604613,10.673736,-0.7273839445478202,2019-09-18
c0013,35.604613,10.673736,-0.2661852081632144,2019-09-19
c0013,35.604613,10.673736,-0.8199685738027475,2019-09-20
c0013,35.604613,10.673736,-0.4261869082505036,2019-09-21
c0013,35.604613,10.673736,-1.1419793398361546,2019-09-22
c0013,35.604613,10.673736,-0.6233088875500147,2019-09-23
c0013,35.604613,10.673736,-0.9594642339031528,2019-09-24
c0013,35.604613,10.673736,-0.6271776322698184,2019-09-25
c0013,35.604613,10.673736,-1.1155825815138336,2019-09-26
c0013,35.604613,10.673736,-0.9602528727281489,2019-09-27
c0013,35.604613,10.673736,-1.1907535602178352,2019-09-28
c0013,35.604613,10.673736,-0.9917728529043572,2019-09-29
c0013,35.604613,10.673736,-0.5437315579559395,2019-09-30
c0013,35.604613,10.673736,-0.819008462008396,2019-10-01
c0013,35.604613,10.673736,-0.6651318091714064,2019-10-02
c0013,35.604613,10.673736,-1.3341044918750715,2019-10-03
c0013,35.604613,10.673736,-0.9597717382692064,2019-10-04
c0013,35.604613,10.673736,-0.79526025412468,2019-10-05
c0013,35.604613,10.673736,-0.9134969255506736,2019-10-06
c0013,35.604613,10.673736,-0.822243174241798,2019-10-07
c0013,35.604613,10.673736,-1.6880638426680536,2019-10-08
c0013,35.604613,10.673736,-1.0472706922266466,2019-10-09
c0013,35.604613,10.673736,-1.1156066572815722,2019-10-10
c0013,35.604613,10.673736,-0.9402350542778068,2019-10-11
c0013,35.604613,10.673736,-1.079672636731331,2019-10-12
c0013,35.604613,10.673736,-1.999856332662173,2019-10-13
c0013,35.604613,10.673736,-1.296383946915801,2019-10-14
c0013,35.604613,10.673736,-0.4664598204029462,2019-10-15
c0013,35.604613,10.673736,-1.3120940928867983,2019-10-16
c0013,35.604613,10.673736,-0.9481111120514494,2019-10-17
c0013,35.604613,10.673736,-1.3243806231388422,2019-10-18
c0013,35.604613,10.673736,-1.1995034441487813,2019-10-19
c0013,35.604613,10.673736,-0.5959509652587172,2019-10-20
c0013,35.604613,10.673736,-0.880473997473996,2019-10-21
c0013,35.604613,10.673736,-0.7394383891050299,2019-10-22
c0013,35.604613,10.673736,-0.4430955722405978,2019-10-23
c0013,35.604613,10.673736,-0.7803944332166769,2019-10-24
c0013,35.604613,10.673736,-0.9865952145983578,2019-10-25
c0013,35.604613,10.673736,-0.4642742446391246,2019-10-26
c0013,35.604613,10.673736,-0.718748252398481,2019-10-27
c0013,35.604613,10.673736,-1.2630759685758366,2019-10-28
c0013,35.604613,10.673736,-1.7247548649228086,2019-10-29
c0013,35.604613,10.673736,-1.8193192529653917,2019-10-30
c0013,35.604613,10.673736,-0.9686664826334436,2019-10-31
c0013,35.604613,10.673736,-0.9861550379091047,2019-11-01
c0013,35.604613,10.673736,-1.0374145913504726,2019-11-02
c0013,35.604613,10.673736,-0.8863996878470577,2019-11-03
c0013,35.604613,10.673736,-1.044812449753319,2019-11-04
c0013,35.604613,10.673736,-0.8499853957552824,2019-11-05
c0013,35.604613,10.673736,-0.5422166999303403,2019-11-06
c0013,35.604613,10.673736,-1.0578399193365124,2019-11-07
c0013,35.604613,10.673736,-0.9318231631301686,2019-11-08
c0013,35.604613,10.673736,-1.326189107151581,2019-11-09
c0013,35.604613,10.673736,-1.356142915559347,2019-11-10
c0013,35.604613,10.673736,-0.6390048792105744,2019-11-11
c0013,35.604613,10.673736,-1.1163943051957748,2019-11-13
c0013,35.604613,10.673736,-1.194760941784512,2019-11-14
c0013,35.604613,10.673736,-1.067107108941621,2019-11-15
c0013,35.604613,10.673736,-0.2368834672951249,2019-11-16
c0013,35.604613,10.673736,-0.926216441560772,2019-11-17
c0013,35.604613,10.673736,-1.33623270021117,2019-11-18
c0013,35.604613,10.673736,-1.2836885220547911,2019-11-19
c0013,35.604613,10.673736,-1.1406150485295343,2019-11-20
c0013,35.604613,10.673736,-0.8219087762805486,2019-11-21
c0013,35.604613,10.673736,-0.4199469376715242,2019-11-22
c0013,35.604613,10.673736,-1.4444433364246168,2019-11-25
c0013,35.604613,10.673736,-1.0445995626076647,2019-11-26
c0013,35.604613,10.673736,-1.0288321490093204,2019-11-27
c0013,35.604613,10.673736,-0.9711751657097364,2019-11-28
c0013,35.604613,10.673736,-1.223516441739018,2019-11-29
c0013,35.604613,10.673736,-1.1951183767426274,2019-11-30
c0013,35.604613,10.673736,-1.191723030811068,2019-12-01
c0013,35.604613,10.673736,-0.8548147609630853,2019-12-02
c0013,35.604613,10.673736,-0.970410971061318,2019-12-03
c0013,35.604613,10.673736,-1.0766526364615283,2019-12-04
c0013,35.604613,10.673736,-1.1883701043782064,2019-12-05
c0013,35.604613,10.673736,-1.2216795753253868,2019-12-06
c0013,35.604613,10.673736,-0.6711420776629367,2019-12-07
c0013,35.604613,10.673736,-0.3416609584054121,2019-12-08
c0013,35.604613,10.673736,-1.5410957468472943,2019-12-09
c0013,35.604613,10.673736,-1.363868138395426,2019-12-10
c0013,35.604613,10.673736,-1.3766462987294414,2019-12-11
c0013,35.604613,10.673736,-1.279402467575598,2019-12-12
c0013,35.604613,10.673736,-0.2257485751863982,2019-12-13
c0013,35.604613,10.673736,-0.989338311758621,2019-12-14
c0013,35.604613,10.673736,-1.5933778939562468,2019-12-15
c0013,35.604613,10.673736,-0.988266947797734,2019-12-16
c0013,35.604613,10.673736,-1.210555536630319,2019-12-17
c0013,35.604613,10.673736,0.0783034135065069,2019-12-18
c0013,35.604613,10.673736,-1.0272991558682556,2019-12-19
c0013,35.604613,10.673736,-0.9995140322823206,2019-12-20
c0013,35.604613,10.673736,-1.48391335530876,2019-12-21
c0013,35.604613,10.673736,-1.4386996882067495,2019-12-22
c0013,35.604613,10.673736,-0.9546556332409728,2019-12-23
c0013,35.604613,10.673736,-1.1577790335722358,2019-12-24
c0013,35.604613,10.673736,-1.097630874982774,2019-12-25
c0013,35.604613,10.673736,-1.0736466845202264,2019-12-26
c0013,35.604613,10.673736,-1.162005839124672,2019-12-27
c0013,35.604613,10.673736,-0.9601954120924258,2019-12-28
c0013,35.604613,10.673736,-0.6135320176699157,2019-12-29
c0013,35.604613,10.673736,-1.007381012984737,2019-12-30
c0013,35.604613,10.673736,-1.7444143718019771,2019-12-31
c0013,35.604613,10.673736,-2.0462917281521853,2020-01-01
c0013,35.604613,10.673736,-1.3796278833609612,2020-01-02
c0013,35.604613,10.673736,-1.1833127558388072,2020-01-03
c0013,35.604613,10.673736,-0.967232218338408,2020-01-04
c0013,35.604613,10.673736,-1.8130789899327628,2020-01-05
c0013,35.604613,10.673736,-1.675542601385828,2020-01-06
c0013,35.604613,10.673736,-1.383490500420227,2020-01-07
c0013,35.604613,10.673736,-0.2203712049404001,2020-01-08
c0013,35.604613,10.673736,-1.3149265956359402,2020-01-09
c0013,35.604613,10.673736,-1.2038206294323932,2020-01-10
c0013,35.604613,10.673736,-1.1593328324215812,2020-01-11
c0013,35.604613,10.673736,-2.0901827789210503,2020-01-12
c0013,35.604613,10.673736,-0.8681921320618379,2020-01-13
c0013,35.604613,10.673736,-1.0795847490913246,2020-01-14
c0013,35.604613,10.673736,-1.3675986307844166,2020-01-15
c0013,35.604613,10.673736,-1.6347061185763718,2020-01-16
c0013,35.604613,10.673736,-1.6167144640567488,2020-01-17
c0013,35.604613,10.673736,-1.4760853094522497,2020-01-18
c0013,35.604613,10.673736,-1.1609519923121798,2020-01-19
c0013,35.604613,10.673736,-0.9018425908939786,2020-01-20
c0013,35.604613,10.673736,-1.556619568267685,2020-01-21
c0013,35.604613,10.673736,-1.606026680001256,2020-01-22
c0013,35.604613,10.673736,-1.3462168377175951,2020-01-23
c0013,35.604613,10.673736,-0.0630330682919172,2020-01-24
c0013,35.604613,10.673736,0.0587193566865158,2020-01-25
c0013,35.604613,10.673736,-0.9310805126077484,2020-01-26
c0013,35.604613,10.673736,-1.2529181941375505,2020-01-27
c0013,35.604613,10.673736,-1.841839106729251,2020-01-28
c0013,35.604613,10.673736,-1.2241647698506912,2020-01-29
c0013,35.604613,10.673736,-1.1611432029634767,2020-01-30
c0013,35.604613,10.673736,-1.131624224790276,2020-01-31
c0013,35.604613,10.673736,-1.420815032939021,2020-02-01
c0013,35.604613,10.673736,-1.3647230934057202,2020-02-02
c0013,35.604613,10.673736,-1.2305430091777807,2020-02-03
c0013,35.604613,10.673736,-0.9648623934558304,2020-02-04
c0013,35.604613,10.673736,-1.1118183752540511,2020-02-05
c0013,35.604613,10.673736,-1.4300012306252428,2020-02-06
c0013,35.604613,10.673736,-1.2702991797526255,2020-02-07
c0013,35.604613,10.673736,-1.317027470111647,2020-02-08
c0013,35.604613,10.673736,-0.7994128676523615,2020-02-09
c0013,35.604613,10.673736,-1.2490842841718135,2020-02-10
c0013,35.604613,10.673736,-1.1963110121518077,2020-02-11
c0013,35.604613,10.673736,-1.4284914853606048,2020-02-12
c0013,35.604613,10.673736,-1.743396394035555,2020-02-13
c0013,35.604613,10.673736,-1.5363745550177874,2020-02-14
c0013,35.604613,10.673736,-0.6488117940910908,2020-02-15
c0013,35.604613,10.673736,-1.3334529884366872,2020-02-16
c0013,35.604613,10.673736,-1.3241184554013894,2020-02-17
c0013,35.604613,10.673736,-1.3774421710102167,2020-02-18
c0013,35.604613,10.673736,-1.9130144389372203,2020-02-19
c0013,35.604613,10.673736,-1.22303487739541,2020-02-20
c0013,35.604613,10.673736,-1.2228038619753718,2020-02-21
c0013,35.604613,10.673736,-1.62814090724167,2020-02-22
c0013,35.604613,10.673736,-1.466220664820195,2020-02-23
c0013,35.604613,10.673736,-1.507650662238085,2020-02-24
c0013,35.604613,10.673736,-1.1902809968916546,2020-02-25
c0013,35.604613,10.673736,-1.0793743780552452,2020-02-26
c0013,35.604613,10.673736,-0.9143005992970328,2020-02-27
c0013,35.604613,10.673736,-1.0811401224465855,2020-02-28
c0013,35.604613,10.673736,-1.2496291256442351,2020-02-29
c0013,35.604613,10.673736,-0.8860506972417848,2020-03-01
c0013,35.604613,10.673736,-0.7631580400741012,2020-03-02
c0013,35.604613,10.673736,-0.5720983717786702,2020-03-03
c0013,35.604613,10.673736,-1.4276465306073316,2020-03-04
c0013,35.604613,10.673736,-1.0996791245179691,2020-03-05
c0013,35.604613,10.673736,-1.473559119441778,2020-03-06
c0013,35.604613,10.673736,-0.8916787302481202,2020-03-07
c0013,35.604613,10.673736,-0.6843126602431896,2020-03-08
c0013,35.604613,10.673736,-1.5865429404894138,2020-03-09
c0013,35.604613,10.673736,-1.1388203885310884,2020-03-10
c0013,35.604613,10.673736,-1.366119142550468,2020-03-11
c0013,35.604613,10.673736,-1.1566819418822287,2020-03-12
c0013,35.604613,10.673736,-1.2192894737478337,2020-03-13
c0013,35.604613,10.673736,-1.156903961295219,2020-03-14
c0013,35.604613,10.673736,-1.214872856393352,2020-03-15
c0013,35.604613,10.673736,-1.7545155832547965,2020-03-16
c0013,35.604613,10.673736,1.9646924591026989,2020-03-17
c0013,35.604613,10.673736,1.1390939649596068,2020-03-18
c0013,35.604613,10.673736,1.0147753990202193,2020-03-19
c0013,35.604613,10.673736,-0.5544120571336282,2020-03-20
c0013,35.604613,10.673736,0.7015604132700194,2020-03-21
c0013,35.604613,10.673736,-0.6916746574543811,2020-03-22
c0013,35.604613,10.673736,-1.055639650914852,2020-03-23
c0013,35.604613,10.673736,-0.7936378042142775,2020-03-24
c0013,35.604613,10.673736,-0.7081747980495853,2020-03-25
c0013,35.604613,10.673736,-1.596568393748582,2020-03-26
c0013,35.604613,10.673736,-1.7603053120751202,2020-03-27
c0013,35.604613,10.673736,-1.0918290792843166,2020-03-28
c0013,35.604613,10.673736,-0.8775433480381472,2020-03-29
c0013,35.604613,10.673736,-0.8212001627899728,2020-03-30
c0013,35.604613,10.673736,-1.131886432258916,2020-03-31
c0013,35.604613,10.673736,-0.7497336951117837,2020-04-01
c0013,35.604613,10.673736,-0.9396483216010628,2020-04-02
c0013,35.604613,10.673736,-1.0439189875364232,2020-04-03
c0013,35.604613,10.673736,-1.2525169731729444,2020-04-04
c0013,35.604613,10.673736,-1.14636477748029,2020-04-05
c0013,35.604613,10.673736,-1.4351184741969174,2020-04-06
c0013,35.604613,10.673736,-1.2977866696388105,2020-04-07
c0013,35.604613,10.673736,-0.9509619113305232,2020-04-08
c0013,35.604613,10.673736,-0.9597227147806292,2020-04-09
c0013,35.604613,10.673736,-1.4197496509705956,2020-04-10
c0013,35.604613,10.673736,-1.5509278823616564,2020-04-11
c0013,35.604613,10.673736,-1.818553441135239,2020-04-12
c0013,35.604613,10.673736,-0.87467081982012,2020-04-13
c0013,35.604613,10.673736,-0.4817623863005228,2020-04-14
c0013,35.604613,10.673736,-1.052396043577893,2020-04-15
c0013,35.604613,10.673736,-0.9581762545244052,2020-04-16
c0013,35.604613,10.673736,-0.6077245777556776,2020-04-17
c0013,35.604613,10.673736,-1.6067386671390564,2020-04-18
c0013,35.604613,10.673736,-0.7823951207014237,2020-04-19
c0013,35.604613,10.673736,-1.003376089883666,2020-04-20
c0013,35.604613,10.673736,-0.8238263302000786,2020-04-21
c0013,35.604613,10.673736,-1.6529158982347505,2020-04-22
c0013,35.604613,10.673736,-1.3974868332547277,2020-04-23
c0013,35.604613,10.673736,-0.97076258406252,2020-04-24
c0013,35.604613,10.673736,-0.778667274172682,2020-04-25
c0013,35.604613,10.673736,-0.3315316039687611,2020-04-26
c0013,35.604613,10.673736,-1.1873411828711016,2020-04-27
c0013,35.604613,10.673736,-1.1127578103858184,2020-04-28
c0013,35.604613,10.673736,-1.428672272247819,2020-04-29
c0013,35.604613,10.673736,-1.2484984490347004,2020-04-30
c0013,35.604613,10.673736,-0.695550383769975,2020-05-01
c0013,35.604613,10.673736,-0.676655637963554,2020-05-02
c0013,35.604613,10.673736,-1.284379455734021,2020-05-03
c0013,35.604613,10.673736,-1.264494518244485,2020-05-04
c0013,35.604613,10.673736,-0.935524808457102,2020-05-05
c0013,35.604613,10.673736,-0.145119312535835,2020-05-06
c0013,35.604613,10.673736,-0.3282994371855986,2020-05-07
c0013,35.604613,10.673736,-0.4256300515881156,2020-05-08
c0013,35.604613,10.673736,-1.0747821143898435,2020-05-09
c0013,35.604613,10.673736,-0.6282052850954513,2020-05-10
c0013,35.604613,10.673736,-0.7442829963604055,2020-05-11
c0013,35.604613,10.673736,0.1189926158331621,2020-05-12
c0013,35.604613,10.673736,-1.0295900634869448,2020-05-13
c0013,35.604613,10.673736,-0.3232141136890665,2020-05-14
c0013,35.604613,10.673736,-0.2894538204542057,2020-05-15
c0013,35.604613,10.673736,-0.1490248241818102,2020-05-16
c0013,35.604613,10.673736,,2020-05-17
c0013,35.604613,10.673736,-0.7355189168849168,2020-05-18
c0013,35.604613,10.673736,-1.84807729033204,2020-05-19
c0013,35.604613,10.673736,-1.398668476372543,2020-05-20
c0013,35.604613,10.673736,-1.2745741283816343,2020-05-21
c0013,35.604613,10.673736,-0.8392683882389285,2020-05-22
c0013,35.604613,10.673736,-0.8408840414419599,2020-05-23
c0013,35.604613,10.673736,-0.8395300710213341,2020-05-24
c0013,35.604613,10.673736,-1.4471202203163718,2020-05-25
c0013,35.604613,10.673736,-1.1870798086842418,2020-05-26
c0013,35.604613,10.673736,-0.9733017442550536,2020-05-27
c0013,35.604613,10.673736,-0.6615344068258555,2020-05-28
c0013,35.604613,10.673736,-1.0459111819431617,2020-05-29
c0013,35.604613,10.673736,-1.448319172452719,2020-05-30
c0013,35.604613,10.673736,-1.0865976361808944,2020-05-31
c0013,35.604613,10.673736,0.0476949166209852,2020-06-01
c0013,35.604613,10.673736,-0.880674513653394,2020-06-02
c0013,35.604613,10.673736,-0.9472594139988392,2020-06-03
c0013,35.604613,10.673736,-0.5729672715109665,2020-06-04
c0013,35.604613,10.673736,-1.161727009502211,2020-06-05
c0013,35.604613,10.673736,-1.941662243984421,2020-06-06
c0013,35.604613,10.673736,-0.2185516817693955,2020-06-07
c0013,35.604613,10.673736,-0.3517721266840423,2020-06-08
c0013,35.604613,10.673736,-1.1634893076000925,2020-06-09
c0013,35.604613,10.673736,-1.720977212263125,2020-06-10
c0013,35.604613,10.673736,-1.102496035095844,2020-06-11
c0013,35.604613,10.673736,,2020-06-13
c0013,35.604613,10.673736,-0.3211884612767091,2020-06-14
c0013,35.604613,10.673736,-1.0652552096831345,2020-06-15
c0013,35.604613,10.673736,-0.9298279136460866,2020-06-16
c0013,35.604613,10.673736,-0.8497578901512338,2020-06-17
c0013,35.604613,10.673736,0.2142999109145203,2020-06-18
c0013,35.604613,10.673736,0.8819229911164093,2020-06-19
c0013,35.604613,10.673736,-0.6487993640122212,2020-06-20
c0013,35.604613,10.673736,-1.0761424447341912,2020-06-21
c0013,35.604613,10.673736,-1.1825244473327163,2020-06-22
c0013,35.604613,10.673736,-0.8031858258174969,2020-06-23
c0013,35.604613,10.673736,-0.489920479916049,2020-06-24
c0013,35.604613,10.673736,-0.138592444637387,2020-06-25
c0013,35.604613,10.673736,0.7732856399346967,2020-06-26
c0013,35.604613,10.673736,1.3285940978227606,2020-06-27
c0013,35.604613,10.673736,-0.0495737722327043,2020-06-28
c0013,35.604613,10.673736,-0.5687796100934194,2020-06-29
c0013,35.604613,10.673736,-0.6382999699165972,2020-06-30
c0013,35.604613,10.673736,0.3175644958685439,2020-07-01
c0013,35.604613,10.673736,-0.6436800173729764,2020-07-02
c0013,35.604613,10.673736,0.3610548782710499,2020-07-03
c0013,35.604613,10.673736,,2020-07-04
c0013,35.604613,10.673736,-0.7504913227977427,2020-07-05
c0013,35.604613,10.673736,-1.050640108869324,2020-07-06
c0013,35.604613,10.673736,-0.826965926138913,2020-07-07
c0013,35.604613,10.673736,-1.047267639394706,2020-07-08
c0013,35.604613,10.673736,-0.9268639081107546,2020-07-09
c0013,35.604613,10.673736,-0.8693481852823597,2020-07-10
c0013,35.604613,10.673736,-0.5958747370133524,2020-07-11
c0013,35.604613,10.673736,-1.075154255123755,2020-07-12
c0013,35.604613,10.673736,0.0105480271918917,2020-07-13
c0013,35.604613,10.673736,-0.9539075604626956,2020-07-14
c0013,35.604613,10.673736,,2020-07-15
c0013,35.604613,10.673736,-0.6323842686979545,2020-07-16
c0013,35.604613,10.673736,-1.21654640030218,2020-07-17
c0013,35.604613,10.673736,-1.2292043593440007,2020-07-18
c0013,35.604613,10.673736,-1.160709711733126,2020-07-19
c0013,35.604613,10.673736,-0.6736271474323591,2020-07-20
c0013,35.604613,10.673736,-0.5700109617162812,2020-07-21
c0013,35.604613,10.673736,-1.0664160699198426,2020-07-22
c0013,35.604613,10.673736,-1.1373825602393357,2020-07-23
c0013,35.604613,10.673736,-0.7751113202535022,2020-07-24
c0013,35.604613,10.673736,-0.8316605850857169,2020-07-25
c0013,35.604613,10.673736,,2020-07-26
c0013,35.604613,10.673736,-0.900937600771,2020-07-27
c0013,35.604613,10.673736,-1.168054472296463,2020-07-28
c0013,35.604613,10.673736,-1.1460813686497062,2020-07-29
c0013,35.604613,10.673736,-1.123077186495552,2020-07-30
c0013,35.604613,10.673736,-0.5928698805760192,2020-07-31
c0013,35.604613,10.673736,-1.0494186126489575,2020-08-02
c0013,35.604613,10.673736,-0.0690785193871118,2020-08-03
c0013,35.604613,10.673736,-0.6214989112949317,2020-08-04
c0013,35.604613,10.673736,-0.6331885363634642,2020-08-05
c0013,35.604613,10.673736,-0.9284674445062236,2020-08-06
c0013,35.604613,10.673736,-0.8367613350124544,2020-08-07
c0013,35.604613,10.673736,-1.204378726883569,2020-08-08
c0013,35.604613,10.673736,-1.480162304975465,2020-08-09
c0013,35.604613,10.673736,-1.245041329533393,2020-08-10
c0013,35.604613,10.673736,-1.104604155502337,2020-08-11
c0013,35.604613,10.673736,-0.9839447242421184,2020-08-12
c0013,35.604613,10.673736,-0.3746403520035485,2020-08-13
c0013,35.604613,10.673736,-0.2644529073376358,2020-08-14
c0013,35.604613,10.673736,-0.2893119411195468,2020-08-15
c0013,35.604613,10.673736,-0.208046699262289,2020-08-16
c0013,35.604613,10.673736,-0.5250198611432095,2020-08-17
c0013,35.604613,10.673736,-0.5583171863542375,2020-08-18
c0013,35.604613,10.673736,-0.4640769284742542,2020-08-19
c0013,35.604613,10.673736,-0.3039376879243703,2020-08-20
c0013,35.604613,10.673736,0.0261706590867825,2020-08-21
c0013,35.604613,10.673736,0.1427954261893186,2020-08-22
c0013,35.604613,10.673736,-1.0086975234189557,2020-08-23
c0013,35.604613,10.673736,-1.1722366095823995,2020-08-24
c0013,35.604613,10.673736,-1.0864204645866582,2020-08-25
c0013,35.604613,10.673736,-0.9364842217401812,2020-08-26
c0013,35.604613,10.673736,-1.0068182350755506,2020-08-27
c0013,35.604613,10.673736,-0.715984599673638,2020-08-28
c0013,35.604613,10.673736,-0.7449444897973011,2020-08-29
c0013,35.604613,10.673736,-0.2767900598113814,2020-08-30
c0013,35.604613,10.673736,0.0646358550989435,2020-08-31
c0013,35.604613,10.673736,-0.557778523319649,2020-09-01
c0013,35.604613,10.673736,-0.8533424078230102,2020-09-02
c0013,35.604613,10.673736,-1.1211740518155504,2020-09-03
c0013,35.604613,10.673736,-0.5781094061727927,2020-09-04
c0013,35.604613,10.673736,-0.6358763546856004,2020-09-05
c0013,35.604613,10.673736,-0.4328877678095162,2020-09-06
c0013,35.604613,10.673736,-1.1632611775931556,2020-09-07
c0013,35.604613,10.673736,-1.287347384747182,2020-09-08
c0013,35.604613,10.673736,-1.0746428040104368,2020-09-09
c0013,35.604613,10.673736,-0.7346657677624584,2020-09-10
c0013,35.604613,10.673736,-1.3244535589375666,2020-09-11
c0013,35.604613,10.673736,-1.4288531030793163,2020-09-12
c0013,35.604613,10.673736,-1.8541760576561268,2020-09-13
c0013,35.604613,10.673736,-1.243483389153752,2020-09-15
c0013,35.604613,10.673736,-1.356082575161882,2020-09-16
c0013,35.604613,10.673736,-0.6569904061908277,2020-09-17
c0013,35.604613,10.673736,-1.162778230301544,2020-09-18
c0013,35.604613,10.673736,-1.0969128436871445,2020-09-19
c0013,35.604613,10.673736,-0.2693593545540405,2020-09-20
c0013,35.604613,10.673736,-0.4420425266927655,2020-09-21
c0013,35.604613,10.673736,-0.8916759427883381,2020-09-22
c0013,35.604613,10.673736,-1.4063125112430293,2020-09-23
c0013,35.604613,10.673736,-1.1591415045079074,2020-09-24
c0013,35.604613,10.673736,-0.5150889648382329,2020-09-25
c0013,35.604613,10.673736,-1.5189853254101742,2020-09-26
c0013,35.604613,10.673736,-0.9754601594908296,2020-09-27
c0013,35.604613,10.673736,-1.2239498237157305,2020-09-28
c0013,35.604613,10.673736,-1.7233319950589283,2020-09-29
c0013,35.604613,10.673736,-0.4796065190984225,2020-09-30
c0013,35.604613,10.673736,-0.604684668739718,2020-10-01
c0013,35.604613,10.673736,-0.6945533083014538,2020-10-02
c0013,35.604613,10.673736,-1.002685736200034,2020-10-03
c0013,35.604613,10.673736,-0.4547121309700866,2020-10-04
c0013,35.604613,10.673736,-1.6960449588221218,2020-10-05
c0013,35.604613,10.673736,-1.109791267327157,2020-10-06
c0013,35.604613,10.673736,-0.8928087129606123,2020-10-07
c0013,35.604613,10.673736,-1.3165570948694985,2020-10-08
c0013,35.604613,10.673736,-1.3633425201302656,2020-10-09
c0013,35.604613,10.673736,-1.4833334758205523,2020-10-10
c0013,35.604613,10.673736,-1.6255599185776497,2020-10-11
c0013,35.604613,10.673736,-1.010223238838709,2020-10-12
c0013,35.604613,10.673736,-1.440302069557921,2020-10-13
c0013,35.604613,10.673736,-0.9724382392349834,2020-10-14
c0013,35.604613,10.673736,-1.0041353188829,2020-10-15
c0013,35.604613,10.673736,-1.6035950625285122,2020-10-16
c0013,35.604613,10.673736,-1.3550244033197572,2020-10-17
c0013,35.604613,10.673736,-0.6821240948528705,2020-10-18
c0013,35.604613,10.673736,-1.5855327868434146,2020-10-19
c0013,35.604613,10.673736,-1.7106266006765138,2020-10-20
c0013,35.604613,10.673736,-1.6075095659249137,2020-10-21
c0013,35.604613,10.673736,-1.2323040382459207,2020-10-22
c0013,35.604613,10.673736,-1.1797969093442509,2020-10-23
c0013,35.604613,10.673736,-1.1591181896021383,2020-10-24
c0013,35.604613,10.673736,-1.3712449877388504,2020-10-25
c0013,35.604613,10.673736,0.7293637479252667,2020-10-26
c0013,35.604613,10.673736,-1.5023645515630508,2020-10-27
c0013,35.604613,10.673736,-1.3139030835898722,2020-10-28
c0013,35.604613,10.673736,-1.247128312085048,2020-10-29
c0013,35.604613,10.673736,-1.5904133643395322,2020-10-30
c0013,35.604613,10.673736,-1.8532804654444188,2020-10-31
c0013,35.604613,10.673736,-1.771255846014178,2020-11-01
c0013,35.604613,10.673736,-1.486989926496561,2020-11-02
c0013,35.604613,10.673736,-1.4731088128911982,2020-11-03
c0013,35.604613,10.673736,-1.4144539864579115,2020-11-04
c0013,35.604613,10.673736,-1.5374353288674032,2020-11-05
c0013,35.604613,10.673736,-1.750237149751417,2020-11-06
c0013,35.604613,10.673736,-1.1295543862084398,2020-11-07
c0013,35.604613,10.673736,-0.8644291151169629,2020-11-08
c0013,35.604613,10.673736,-1.1281650618948866,2020-11-09
c0013,35.604613,10.673736,-1.3400054879368477,2020-11-10
c0013,35.604613,10.673736,-1.4317267778027618,2020-11-11
c0013,35.604613,10.673736,-1.337641449719868,2020-11-12
c0013,35.604613,10.673736,-1.1112514825612403,2020-11-13
c0013,35.604613,10.673736,-1.3226513779626237,2020-11-14
c0013,35.604613,10.673736,-1.8373765082782765,2020-11-15
c0013,35.604613,10.673736,-1.483330463742098,2020-11-16
c0013,35.604613,10.673736,-1.4412370663347085,2020-11-17
c0013,35.604613,10.673736,-0.7661241374044908,2020-11-18
c0013,35.604613,10.673736,-1.3474520744434362,2020-11-19
c0013,35.604613,10.673736,-1.6830476452069172,2020-11-20
c0013,35.604613,10.673736,-1.7167176617053646,2020-11-21
c0013,35.604613,10.673736,-1.942701924128276,2020-11-22
c0013,35.604613,10.673736,-1.039335157729138,2020-11-23
c0013,35.604613,10.673736,-0.9600045568030804,2020-11-24
c0013,35.604613,10.673736,-1.698150972640296,2020-11-25
c0013,35.604613,10.673736,-1.678394896158539,2020-11-26
c0013,35.604613,10.673736,-1.9789547676816437,2020-11-27
c0013,35.604613,10.673736,-0.7750664777030388,2020-11-28
c0013,35.604613,10.673736,-1.1537779991181518,2020-11-29
c0013,35.604613,10.673736,-1.1629983583348604,2020-11-30
c0013,35.604613,10.673736,-1.4760663158318006,2020-12-01
c0013,35.604613,10.673736,-1.33314162178962,2020-12-02
c0013,35.604613,10.673736,-1.3628197300006848,2020-12-03
c0013,35.604613,10.673736,-1.2705248896982644,2020-12-04
c0013,35.604613,10.673736,-1.0205683150064269,2020-12-05
c0013,35.604613,10.673736,-1.2440223147965714,2020-12-06
c0013,35.604613,10.673736,-1.321862344871367,2020-12-07
c0013,35.604613,10.673736,-1.280625389587294,2020-12-08
c0013,35.604613,10.673736,-1.1086448563873768,2020-12-09
c0013,35.604613,10.673736,-0.7089225075391402,2020-12-10
c0013,35.604613,10.673736,-1.2422075062787643,2020-12-11
c0013,35.604613,10.673736,-2.3465673831223457,2020-12-12
c0013,35.604613,10.673736,-1.62619321422362,2020-12-13
c0013,35.604613,10.673736,-1.4735484173278282,2020-12-14
c0013,35.604613,10.673736,-1.2252147809807434,2020-12-15
c0013,35.604613,10.673736,-1.3816428454855296,2020-12-16
c0013,35.604613,10.673736,-1.6632189110297542,2020-12-17
c0013,35.604613,10.673736,-2.055132479983369,2020-12-18
c0013,35.604613,10.673736,-1.2588665372266084,2020-12-19
c0013,35.604613,10.673736,-1.0242387555694925,2020-12-20
c0013,35.604613,10.673736,-1.3874510611834006,2020-12-21
c0013,35.604613,10.673736,-1.685079526090128,2020-12-22
c0013,35.604613,10.673736,-1.8073947946743545,2020-12-23
c0013,35.604613,10.673736,-1.6766757062059492,2020-12-24
c0013,35.604613,10.673736,-1.440432509939923,2020-12-25
c0013,35.604613,10.673736,-1.0131612608254956,2020-12-26
c0013,35.604613,10.673736,-1.4606437796405571,2020-12-27
c0013,35.604613,10.673736,-1.286492546990729,2020-12-28
c0013,35.604613,10.673736,-1.2568596253081366,2020-12-29
c0013,35.604613,10.673736,-1.3759730494444955,2020-12-30
c0013,35.604613,10.673736,-1.4068611295836373,2020-12-31
c0013,35.604613,10.673736,-1.4081193259875666,2021-01-02
c0013,35.604613,10.673736,-1.746356150848714,2021-01-03
c0013,35.604613,10.673736,-1.532550191366491,2021-01-04
c0013,35.604613,10.673736,-0.9876737067174752,2021-01-05
c0013,35.604613,10.673736,-1.212135357810221,2021-01-06
c0013,35.604613,10.673736,-1.703531765187886,2021-01-07
c0013,35.604613,10.673736,-0.8589312957131724,2021-01-08
c0013,35.604613,10.673736,-1.308138803353518,2021-01-09
c0013,35.604613,10.673736,-0.6307927419227097,2021-01-10
c0013,35.604613,10.673736,-1.2789960964035656,2021-01-11
c0013,35.604613,10.673736,-1.5073646246525012,2021-01-12
c0013,35.604613,10.673736,-2.0093376083518724,2021-01-13
c0013,35.604613,10.673736,-1.4474421321888669,2021-01-14
c0013,35.604613,10.673736,-1.450029051434921,2021-01-15
c0013,35.604613,10.673736,-0.4300397610791374,2021-01-16
c0013,35.604613,10.673736,-1.1681050798008197,2021-01-17
c0013,35.604613,10.673736,-1.6363938678131102,2021-01-18
c0013,35.604613,10.673736,-1.7044552479723345,2021-01-19
c0013,35.604613,10.673736,-1.6942966432470723,2021-01-20
c0013,35.604613,10.673736,-0.819616578044151,2021-01-21
c0013,35.604613,10.673736,-1.0316895670302917,2021-01-22
c0013,35.604613,10.673736,-1.4699609528547943,2021-01-23
c0013,35.604613,10.673736,-1.909330850724844,2021-01-24
c0013,35.604613,10.673736,-2.045751021666205,2021-01-25
c0013,35.604613,10.673736,-1.4498836239609167,2021-01-26
c0013,35.604613,10.673736,-1.4391493872354757,2021-01-27
c0013,35.604613,10.673736,-1.5375603992264255,2021-01-28
c0013,35.604613,10.673736,-2.361876478261171,2021-01-29
c0013,35.604613,10.673736,-1.3778443162236935,2021-01-30
c0013,35.604613,10.673736,-1.4198104254378332,2021-01-31
c0013,35.604613,10.673736,-0.8435906903407372,2021-02-01
c0013,35.604613,10.673736,-1.6809042801345135,2021-02-02
c0013,35.604613,10.673736,-1.495144365400478,2021-02-03
c0013,35.604613,10.673736,-2.3036163506941785,2021-02-04
c0013,35.604613,10.673736,-1.4599700496659676,2021-02-05
c0013,35.604613,10.673736,-0.6408865839993133,2021-02-06
c0013,35.604613,10.673736,0.0247832896469229,2021-02-07
c0013,35.604613,10.673736,-1.388118167762027,2021-02-08
c0013,35.604613,10.673736,-1.2711846775800415,2021-02-09
c0013,35.604613,10.673736,-2.0319390068921144,2021-02-10
c0013,35.604613,10.673736,-1.58105250099155,2021-02-11
c0013,35.604613,10.673736,-1.5039333308033995,2021-02-12
c0013,35.604613,10.673736,-1.2382745576366083,2021-02-13
c0013,35.604613,10.673736,-1.979770975763985,2021-02-14
c0013,35.604613,10.673736,-1.415119297827313,2021-02-15
c0013,35.604613,10.673736,-1.7591496205243462,2021-02-16
c0013,35.604613,10.673736,-1.467076837147632,2021-02-17
c0013,35.604613,10.673736,-1.464744822125266,2021-02-18
c0013,35.604613,10.673736,-1.519060163997346,2021-02-19
c0013,35.604613,10.673736,-1.5063834353941374,2021-02-20
c0013,35.604613,10.673736,-0.5453307401669057,2021-02-21
c0013,35.604613,10.673736,0.2989988995567246,2021-02-22
c0013,35.604613,10.673736,-1.268641821390344,2021-02-23
c0013,35.604613,10.673736,-1.4129859391135469,2021-02-24
c0013,35.604613,10.673736,-2.066257631019893,2021-02-25
c0013,35.604613,10.673736,-1.9556112491042577,2021-02-26
c0013,35.604613,10.673736,-1.5598210860215094,2021-02-27
c0013,35.604613,10.673736,-1.4049270594804852,2021-02-28
c0013,35.604613,10.673736,-1.4512534364622356,2021-03-01
c0013,35.604613,10.673736,-1.9849190667614065,2021-03-02
c0013,35.604613,10.673736,-1.9330728211555113,2021-03-03
c0013,35.604613,10.673736,-0.0072575081019349,2021-03-04
c0013,35.604613,10.673736,-0.5395245801028351,2021-03-05
c0013,35.604613,10.673736,-1.0132483369182572,2021-03-06
c0013,35.604613,10.673736,-1.1158885686659792,2021-03-07
c0013,35.604613,10.673736,-1.4474628613819085,2021-03-08
c0013,35.604613,10.673736,-1.0799303963492977,2021-03-09
c0013,35.604613,10.673736,-1.3311282265814317,2021-03-10
c0013,35.604613,10.673736,-1.5885594807326378,2021-03-11
c0013,35.604613,10.673736,-1.3435776788149068,2021-03-12
c0013,35.604613,10.673736,-1.8587674285803997,2021-03-13
c0013,35.604613,10.673736,-1.6581136065630964,2021-03-14
c0013,35.604613,10.673736,-1.3602896194871723,2021-03-15
c0013,35.604613,10.673736,-1.4782173271881367,2021-03-16
c0013,35.604613,10.673736,-0.8088271779228675,2021-03-17
c0013,35.604613,10.673736,-1.137151568099457,2021-03-18
c0013,35.604613,10.673736,-1.3739686279916543,2021-03-19
c0013,35.604613,10.673736,-0.1920229831361852,2021-03-20
c0013,35.604613,10.673736,-0.6577602784639035,2021-03-21
c0013,35.604613,10.673736,-0.8888743170061302,2021-03-22
c0013,35.604613,10.673736,-1.8522086478307775,2021-03-23
c0013,35.604613,10.673736,-1.7326706033988706,2021-03-24
c0013,35.604613,10.673736,-2.0212843291814204,2021-03-25
c0013,35.604613,10.673736,-1.470732414781459,2021-03-26
c0013,35.604613,10.673736,-1.167893319251889,2021-03-27
c0013,35.604613,10.673736,-1.083843794126074,2021-03-28
c0013,35.604613,10.673736,-1.3263465511237638,2021-03-29
c0013,35.604613,10.673736,-1.5681824658296348,2021-03-30
c0013,35.604613,10.673736,-1.5105945547354294,2021-03-31
c0013,35.604613,10.673736,-1.339347029119512,2021-04-01
c0013,35.604613,10.673736,0.3028271380685801,2021-04-02
c0013,35.604613,10.673736,-0.7336929573734426,2021-04-03
c0013,35.604613,10.673736,-1.9140693399790736,2021-04-04
c0013,35.604613,10.673736,-1.8877657202954707,2021-04-05
c0013,35.604613,10.673736,-1.291551924894944,2021-04-06
c0013,35.604613,10.673736,-1.2091581790531432,2021-04-07
c0013,35.604613,10.673736,-1.010841174258739,2021-04-08
c0013,35.604613,10.673736,-1.5454098311408022,2021-04-09
c0013,35.604613,10.673736,-0.2592743975291215,2021-04-10
c0013,35.604613,10.673736,0.2017487180753425,2021-04-11
c0013,35.604613,10.673736,0.7139320862109797,2021-04-12
c0013,35.604613,10.673736,-1.087991213075395,2021-04-13
c0013,35.604613,10.673736,-1.1729749748818823,2021-04-14
c0013,35.604613,10.673736,-1.89883177116675,2021-04-15
c0013,35.604613,10.673736,1.2450116413718546,2021-04-16
c0013,35.604613,10.673736,-0.9503560197634076,2021-04-17
c0013,35.604613,10.673736,-1.7335667966172204,2021-04-18
c0013,35.604613,10.673736,-1.2408347862231173,2021-04-19
c0013,35.604613,10.673736,-2.2303335231929875,2021-04-20
c0013,35.604613,10.673736,-2.118792022561426,2021-04-21
c0013,35.604613,10.673736,-1.0013193391751356,2021-04-22
c0013,35.604613,10.673736,-1.6225422742443711,2021-04-23
c0013,35.604613,10.673736,-1.3549549826011469,2021-04-24
c0013,35.604613,10.673736,-1.3143896192430444,2021-04-25
c0013,35.604613,10.673736,-1.5457718787018029,2021-04-26
c0013,35.604613,10.673736,-0.7649254673927156,2021-04-27
c0013,35.604613,10.673736,-1.039206565490594,2021-04-28
c0013,35.604613,10.673736,-0.7605920231944663,2021-04-29
c0013,35.604613,10.673736,-1.466067295287938,2021-04-30
c0013,35.604613,10.673736,-1.6165426620184755,2021-05-01
c0013,35.604613,10.673736,-1.251342161778856,2021-05-02
c0013,35.604613,10.673736,-0.9460899725802302,2021-05-03
c0013,35.604613,10.673736,-1.203039145341486,2021-05-04
c0013,35.604613,10.673736,-1.5807968095412783,2021-05-05
c0013,35.604613,10.673736,-1.6504712145782308,2021-05-06
c0013,35.604613,10.673736,-2.0185405977638293,2021-05-07
c0013,35.604613,10.673736,-1.483259712597738,2021-05-08
c0013,35.604613,10.673736,-1.1605497132902478,2021-05-09
c0013,35.604613,10.673736,-0.1027087703817198,2021-05-10
c0013,35.604613,10.673736,-0.4209192985022786,2021-05-11
c0013,35.604613,10.673736,-1.429718003203682,2021-05-12
c0013,35.604613,10.673736,-1.311785820465728,2021-05-13
c0013,35.604613,10.673736,-0.9853055874754112,2021-05-14
c0013,35.604613,10.673736,-0.9358488204521808,2021-05-15
c0013,35.604613,10.673736,-0.9961927586128624,2021-05-16
c0013,35.604613,10.673736,-0.2616771385245336,2021-05-17
c0013,35.604613,10.673736,-0.3936755383093421,2021-05-18
c0013,35.604613,10.673736,-0.9433777980100952,2021-05-19
c0013,35.604613,10.673736,-1.023995616953917,2021-05-20
c0013,35.604613,10.673736,-1.0136748671005542,2021-05-21
c0013,35.604613,10.673736,-0.7677595508171403,2021-05-22
c0013,35.604613,10.673736,-0.7517045322118527,2021-05-23
c0013,35.604613,10.673736,-0.4848703321269709,2021-05-24
c0013,35.604613,10.673736,-0.175369266574135,2021-05-25
c0013,35.604613,10.673736,-0.4523419883737247,2021-05-26
c0013,35.604613,10.673736,-1.4199698038376534,2021-05-27
c0013,35.604613,10.673736,-0.6975502937479134,2021-05-28
c0013,35.604613,10.673736,-0.6374593083495033,2021-05-29
c0013,35.604613,10.673736,-1.058434277857503,2021-05-30
c0013,35.604613,10.673736,-0.800531270274635,2021-05-31
c0013,35.604613,10.673736,-1.49046569276145,2021-06-01
c0013,35.604613,10.673736,-2.3559227777742664,2021-06-02
c0013,35.604613,10.673736,-1.0503643768193731,2021-06-03
c0013,35.604613,10.673736,-1.0090191366227563,2021-06-04
c0013,35.604613,10.673736,-0.4200412772992276,2021-06-05
c0013,35.604613,10.673736,-0.1264087354985153,2021-06-06
c0013,35.604613,10.673736,-1.357416838311835,2021-06-07
c0013,35.604613,10.673736,-1.711423823054198,2021-06-08
c0013,35.604613,10.673736,-1.5939515732972045,2021-06-09
c0013,35.604613,10.673736,-1.4997494886230385,2021-06-10
c0013,35.604613,10.673736,-1.530642883514605,2021-06-11
c0013,35.604613,10.673736,-2.117021687397134,2021-06-12
c0013,35.604613,10.673736,-1.6055144874215062,2021-06-13
c0013,35.604613,10.673736,-1.4369053873917834,2021-06-14
c0013,35.604613,10.673736,-1.3399630440701416,2021-06-15
c0013,35.604613,10.673736,-0.8817778375084117,2021-06-16
c0013,35.604613,10.673736,-0.0621884101979913,2021-06-17
c0013,35.604613,10.673736,-1.0439118540119192,2021-06-18
c0013,35.604613,10.673736,0.4981305808532626,2021-06-19
c0013,35.604613,10.673736,-0.3407700423100582,2021-06-20
c0013,35.604613,10.673736,0.2836895328561949,2021-06-21
c0013,35.604613,10.673736,0.3073670026456909,2021-06-22
c0013,35.604613,10.673736,-1.0991706209018128,2021-06-23
c0013,35.604613,10.673736,-0.6608751671607594,2021-06-24
c0013,35.604613,10.673736,-0.4335593350355109,2021-06-25
c0013,35.604613,10.673736,-0.7293731576608912,2021-06-26
c0013,35.604613,10.673736,-0.5659053054268138,2021-06-27
c0013,35.604613,10.673736,-1.1522662119846017,2021-06-28
c0013,35.604613,10.673736,0.2783672849927254,2021-06-29
c0013,35.604613,10.673736,-0.2115476258191378,2021-06-30
c0013,35.604613,10.673736,0.059474796863454,2021-07-01
c0013,35.604613,10.673736,0.22306707435387,2021-07-02
c0013,35.604613,10.673736,-0.2697387262775519,2021-07-03
c0013,35.604613,10.673736,-0.0845234696293391,2021-07-04
c0013,35.604613,10.673736,-1.2316636385773676,2021-07-05
c0013,35.604613,10.673736,1.8988196356119045,2021-07-06
c0013,35.604613,10.673736,1.7683820018502892,2021-07-07
c0013,35.604613,10.673736,0.6396330033695083,2021-07-08
c0013,35.604613,10.673736,0.8092439395347535,2021-07-09
c0013,35.604613,10.673736,1.1059779138541843,2021-07-10
c0013,35.604613,10.673736,0.4420715768129394,2021-07-11
c0013,35.604613,10.673736,2.4191373180812765,2021-07-12
c0013,35.604613,10.673736,2.2728161510630547,2021-07-13
c0013,35.604613,10.673736,1.2683877400059154,2021-07-14
c0013,35.604613,10.673736,1.1570251581902768,2021-07-15
c0013,35.604613,10.673736,1.093960431986024,2021-07-16
c0013,35.604613,10.673736,0.2614714021257311,2021-07-17
c0013,35.604613,10.673736,0.4856566103620212,2021-07-18
c0013,35.604613,10.673736,0.2654033224422999,2021-07-19
c0013,35.604613,10.673736,-0.1929821507474725,2021-07-20
c0013,35.604613,10.673736,0.5078997092414104,2021-07-21
c0013,35.604613,10.673736,0.5891175976990686,2021-07-22
c0013,35.604613,10.673736,0.6768805901134064,2021-07-23
c0013,35.604613,10.673736,0.318861770910076,2021-07-24
c0013,35.604613,10.673736,1.1080832785315362,2021-07-25
c0013,35.604613,10.673736,0.9927101521129388,2021-07-26
c0013,35.604613,10.673736,1.202848683955159,2021-07-27
c0013,35.604613,10.673736,0.931540203835295,2021-07-28
c0013,35.604613,10.673736,0.7372979951106413,2021-07-29
c0013,35.604613,10.673736,0.9321840244406524,2021-07-30
c0013,35.604613,10.673736,1.298448776054345,2021-07-31
c0013,35.604613,10.673736,1.4125233954591023,2021-08-01
c0013,35.604613,10.673736,1.1726337113096512,2021-08-02
c0013,35.604613,10.673736,1.000740622170976,2021-08-03
c0013,35.604613,10.673736,0.5524200344932169,2021-08-04
c0013,35.604613,10.673736,0.9673315569867416,2021-08-05
c0013,35.604613,10.673736,0.9362583153922412,2021-08-06
c0013,35.604613,10.673736,1.5705912865494545,2021-08-07
c0013,35.604613,10.673736,1.47982589786507,2021-08-08
c0013,35.604613,10.673736,0.8544960917099169,2021-08-09
c0013,35.604613,10.673736,0.6016395729155868,2021-08-10
c0013,35.604613,10.673736,2.58624320801462,2021-08-11
c0013,35.604613,10.673736,4.092258579989885,2021-08-12
c0013,35.604613,10.673736,2.083081780073786,2021-08-13
c0013,35.604613,10.673736,0.8527330092513853,2021-08-14
c0013,35.604613,10.673736,0.1623440407721734,2021-08-15
c0013,35.604613,10.673736,0.0554633860335891,2021-08-16
c0013,35.604613,10.673736,1.3650967157910017,2021-08-17
c0013,35.604613,10.673736,1.643960675854492,2021-08-18
c0013,35.604613,10.673736,1.1804265909764575,2021-08-19
c0013,35.604613,10.673736,1.557813977767562,2021-08-20
c0013,35.604613,10.673736,0.0816831519387168,2021-08-21
c0013,35.604613,10.673736,0.4668587296202072,2021-08-22
c0013,35.604613,10.673736,0.527976387388144,2021-08-23
c0013,35.604613,10.673736,1.1106023268968457,2021-08-24
c0013,35.604613,10.673736,1.573231387632584,2021-08-25
c0013,35.604613,10.673736,0.1806939193094609,2021-08-26
c0013,35.604613,10.673736,1.3552973279082248,2021-08-27
c0013,35.604613,10.673736,0.8086159292532703,2021-08-28
c0013,35.604613,10.673736,1.3231567417766443,2021-08-29
c0013,35.604613,10.673736,0.0264983094997769,2021-08-30
c0013,35.604613,10.673736,1.205635243572758,2021-08-31
c0013,35.604613,10.673736,-0.2553656536242285,2021-09-01
c0013,35.604613,10.673736,2.2392096325365163,2021-09-02
c0013,35.604613,10.673736,1.5564740539213275,2021-09-03
c0013,35.604613,10.673736,1.2875560843123663,2021-09-04
c0013,35.604613,10.673736,0.2837787455896683,2021-09-05
c0013,35.604613,10.673736,-0.5262390099827052,2021-09-06
c0013,35.604613,10.673736,-0.0142286624353667,2021-09-07
c0013,35.604613,10.673736,0.1193233575610528,2021-09-08
c0013,35.604613,10.673736,1.2096820174221414,2021-09-09
c0013,35.604613,10.673736,0.4770465505981089,2021-09-10
c0013,35.604613,10.673736,-0.5988207393291861,2021-09-11
c0013,35.604613,10.673736,-0.3334701108069371,2021-09-12
c0013,35.604613,10.673736,0.3483926707016954,2021-09-13
c0013,35.604613,10.673736,0.4791395957425103,2021-09-14
c0013,35.604613,10.673736,0.6136003458821132,2021-09-15
c0013,35.604613,10.673736,0.8876094596807195,2021-09-16
c0013,35.604613,10.673736,1.1339267049118955,2021-09-17
c0013,35.604613,10.673736,1.0630223630221942,2021-09-18
c0013,35.604613,10.673736,0.8844739329074321,2021-09-19
c0013,35.604613,10.673736,-0.4346377404882542,2021-09-20
c0013,35.604613,10.673736,-1.0740875797169238,2021-09-21
c0013,35.604613,10.673736,0.7692768321511237,2021-09-22
c0013,35.604613,10.673736,0.7049793425045201,2021-09-23
c0013,35.604613,10.673736,2.7825301201827983,2021-09-24
c0013,35.604613,10.673736,2.442451368930123,2021-09-25
c0013,35.604613,10.673736,-0.0598991783667828,2021-09-26
c0013,35.604613,10.673736,-0.5584712179557204,2021-09-27
c0013,35.604613,10.673736,-0.0738199634251422,2021-09-28
c0013,35.604613,10.673736,0.0711241155445927,2021-09-30
c0013,35.604613,10.673736,-0.3916452124003257,2021-10-01
c0013,35.604613,10.673736,-1.5437792803525772,2021-10-02
c0013,35.604613,10.673736,-0.60655019361968,2021-10-03
c0013,35.604613,10.673736,0.5541468324862586,2021-10-04
c0013,35.604613,10.673736,0.2022523430366704,2021-10-05
c0013,35.604613,10.673736,-0.3883872429321661,2021-10-06
c0013,35.604613,10.673736,-0.4815281469207296,2021-10-07
c0013,35.604613,10.673736,-0.5583859303589541,2021-10-08
c0013,35.604613,10.673736,0.539076910326438,2021-10-09
c0013,35.604613,10.673736,0.0841993402251661,2021-10-10
c0013,35.604613,10.673736,-0.5085404515932886,2021-10-11
c0013,35.604613,10.673736,-0.1585521620788497,2021-10-12
c0013,35.604613,10.673736,-0.4469536315347094,2021-10-13
c0013,35.604613,10.673736,,2021-10-14
c0013,35.604613,10.673736,0.350298454624338,2021-10-15
c0013,35.604613,10.673736,0.5518875298361434,2021-10-16
c0013,35.604613,10.673736,-0.2998361885410896,2021-10-17
c0013,35.604613,10.673736,-1.4615397684824962,2021-10-18
c0013,35.604613,10.673736,-0.5571795760831539,2021-10-19
c0013,35.604613,10.673736,0.4829946355076911,2021-10-20
c0013,35.604613,10.673736,0.6634897975162403,2021-10-21
c0013,35.604613,10.673736,-0.2032257872945121,2021-10-22
c0013,35.604613,10.673736,-0.0410175988528211,2021-10-23
c0013,35.604613,10.673736,-0.6619083551985773,2021-10-24
c0013,35.604613,10.673736,0.3073869418725175,2021-10-25
c0013,35.604613,10.673736,0.3228043865068308,2021-10-26
c0013,35.604613,10.673736,-0.1165470255972704,2021-10-27
c0013,35.604613,10.673736,-0.8692856367748606,2021-10-28
c0013,35.604613,10.673736,-0.1530906304414559,2021-10-29
c0013,35.604613,10.673736,-0.5807927375414593,2021-10-30
c0013,35.604613,10.673736,0.2845786162735607,2021-10-31
c0013,35.604613,10.673736,-0.2843015269286211,2021-11-01
c0013,35.604613,10.673736,-0.5717484728205501,2021-11-02
c0013,35.604613,10.673736,0.3496772092026072,2021-11-03
c0013,35.604613,10.673736,-0.3672164173979704,2021-11-04
c0013,35.604613,10.673736,1.2408527744282674,2021-11-05
c0013,35.604613,10.673736,0.7522431435554384,2021-11-06
c0013,35.604613,10.673736,0.3923063085580089,2021-11-07
c0013,35.604613,10.673736,-0.4856733890772463,2021-11-08
c0013,35.604613,10.673736,-1.2506132030205306,2021-11-09
c0013,35.604613,10.673736,0.6271283248507595,2021-11-10
c0013,35.604613,10.673736,0.5139952115558609,2021-11-11
c0013,35.604613,10.673736,0.2655760143144122,2021-11-12
c0013,35.604613,10.673736,-0.6701644788461139,2021-11-13
c0013,35.604613,10.673736,0.0278776583430486,2021-11-14
c0013,35.604613,10.673736,0.0767568496680289,2021-11-15
c0013,35.604613,10.673736,0.6721494927545889,2021-11-16
c0013,35.604613,10.673736,0.3074348072192584,2021-11-17
c0013,35.604613,10.673736,-0.2299096608730609,2021-11-18
c0013,35.604613,10.673736,-0.5110811042921014,2021-11-19
c0013,35.604613,10.673736,-0.2886996927485804,2021-11-20
c0013,35.604613,10.673736,0.0451857566099687,2021-11-21
c0013,35.604613,10.673736,0.5401187886465428,2021-11-22
c0013,35.604613,10.673736,0.0605636455033799,2021-11-23
c0013,35.604613,10.673736,-0.8898378782300679,2021-11-24
c0013,35.604613,10.673736,-1.0361162435944933,2021-11-25
c0013,35.604613,10.673736,0.384762041590462,2021-11-26
c0013,35.604613,10.673736,0.6686085011409314,2021-11-27
c0013,35.604613,10.673736,-0.3201654181095441,2021-11-28
c0013,35.604613,10.673736,-1.1965998766127244,2021-11-29
c0013,35.604613,10.673736,-0.2997415768670756,2021-11-30
c0013,35.604613,10.673736,0.1229282206126123,2021-12-01
c0013,35.604613,10.673736,0.7921095227419972,2021-12-02
c0013,35.604613,10.673736,-0.3461706991517321,2021-12-03
c0013,35.604613,10.673736,-0.3341676760102761,2021-12-04
c0013,35.604613,10.673736,-0.0357461884938796,2021-12-05
c0013,35.604613,10.673736,-0.4714986910796139,2021-12-06
c0013,35.604613,10.673736,0.6466047894054218,2021-12-07
c0013,35.604613,10.673736,0.968688882916853,2021-12-08
c0013,35.604613,10.673736,-0.0772582647153678,2021-12-09
c0013,35.604613,10.673736,-1.6605277174310398,2021-12-10
c0013,35.604613,10.673736,,2021-12-11
c0013,35.604613,10.673736,0.4434370369823738,2021-12-12
c0013,35.604613,10.673736,0.2673128330171411,2021-12-13
c0013,35.604613,10.673736,0.2080293432581076,2021-12-14
c0013,35.604613,10.673736,-0.5842145576346028,2021-12-15
c0013,35.604613,10.673736,-1.019172756206015,2021-12-16
c0013,35.604613,10.673736,0.3837909129189646,2021-12-17
c0013,35.604613,10.673736,0.4721499415369973,2021-12-18
c0013,35.604613,10.673736,0.0527740495243262,2021-12-19
c0013,35.604613,10.673736,-0.0710065634708957,2021-12-20
c0013,35.604613,10.673736,-0.4564317452803964,2021-12-21
c0013,35.604613,10.673736,0.2193192835230674,2021-12-22
c0013,35.604613,10.673736,0.5718328042574298,2021-12-23
c0013,35.604613,10.673736,0.4401688841978817,2021-12-24
c0013,35.604613,10.673736,-0.5811354739183828,2021-12-25
c0013,35.604613,10.673736,-0.1519933081406998,2021-12-26
c0013,35.604613,10.673736,-1.107134491201344,2021-12-27
c0013,35.604613,10.673736,0.6796487295494839,2021-12-28
c0013,35.604613,10.673736,0.7820622101161847,2021-12-29
c0013,35.604613,10.673736,0.1377328771161078,2021-12-30
c0013,35.604613,10.673736,-0.1025856200601978,2021-12-31
c0013,35.604613,10.673736,-0.302710804945715,2022-01-01
c0013,35.604613,10.673736,-0.5770133345404443,2022-01-02
c0013,35.604613,10.673736,0.5074229994323715,2022-01-03
c0013,35.604613,10.673736,0.402418253180282,2022-01-04
c0013,35.604613,10.673736,0.1011688241690587,2022-01-05
c0013,35.604613,10.673736,-0.4890715482764196,2022-01-06
c0013,35.604613,10.673736,0.0016702782157516,2022-01-07
c0013,35.604613,10.673736,0.1437355790542289,2022-01-08
c0013,35.604613,10.673736,0.0865681288010003,2022-01-09
c0013,35.604613,10.673736,-1.3321880767843717,2022-01-10
c0013,35.604613,10.673736,-1.042467814096601,2022-01-11
c0013,35.604613,10.673736,-0.5276554844358619,2022-01-12
c0013,35.604613,10.673736,-0.3749364460085835,2022-01-13
c0013,35.604613,10.673736,0.0644288416528008,2022-01-14
c0013,35.604613,10.673736,-0.0972898488550396,2022-01-15
c0013,35.604613,10.673736,-1.2636648534612678,2022-01-16
c0013,35.604613,10.673736,-0.6838385686524902,2022-01-17
c0013,35.604613,10.673736,-0.2735999002826567,2022-01-18
c0013,35.604613,10.673736,0.4022123279202551,2022-01-19
c0013,35.604613,10.673736,0.2454426244376026,2022-01-20
c0013,35.604613,10.673736,-0.3917500404931556,2022-01-21
c0013,35.604613,10.673736,-0.9766715839415754,2022-01-22
c0013,35.604613,10.673736,-0.3508432334827951,2022-01-23
c0013,35.604613,10.673736,0.5701099655794359,2022-01-24
c0013,35.604613,10.673736,-0.6504836494455937,2022-01-25
c0013,35.604613,10.673736,-0.317722327684483,2022-01-26
c0013,35.604613,10.673736,-0.3588143417264736,2022-01-27
c0013,35.604613,10.673736,-0.1816153894660487,2022-01-28
c0013,35.604613,10.673736,0.0195133759297501,2022-01-29
c0013,35.604613,10.673736,0.4833196221050138,2022-01-30
c0013,35.604613,10.673736,0.3174800319490721,2022-01-31
c0013,35.604613,10.673736,-1.1203865818528005,2022-02-01
c0013,35.604613,10.673736,-1.163351116147985,2022-02-02
c0013,35.604613,10.673736,0.1158342368309036,2022-02-03
c0013,35.604613,10.673736,0.701650275337828,2022-02-04
c0013,35.604613,10.673736,0.2420041728606339,2022-02-05
c0013,35.604613,10.673736,-1.0650196449194171,2022-02-06
c0013,35.604613,10.673736,0.0467558473447649,2022-02-07
c0013,35.604613,10.673736,-0.1579079758834078,2022-02-08
c0013,35.604613,10.673736,0.5413010228765648,2022-02-09
c0013,35.604613,10.673736,0.3548836903269489,2022-02-10
c0013,35.604613,10.673736,0.1130373990261634,2022-02-11
c0013,35.604613,10.673736,-1.3973483610654889,2022-02-12
c0013,35.604613,10.673736,-0.5629731246916638,2022-02-13
c0013,35.604613,10.673736,0.8471155897321598,2022-02-14
c0013,35.604613,10.673736,1.460629043058866,2022-02-15
c0013,35.604613,10.673736,-0.3214654478538305,2022-02-16
c0013,35.604613,10.673736,-1.3402039709015252,2022-02-17
c0013,35.604613,10.673736,-0.0312022388873749,2022-02-18
c0013,35.604613,10.673736,-1.142991014884623,2022-02-19
c0013,35.604613,10.673736,1.6588718727276717,2022-02-20
c0013,35.604613,10.673736,,2022-02-22
c0013,35.604613,10.673736,-0.0523804093333697,2022-02-23
c0013,35.604613,10.673736,-0.5984937851347869,2022-02-24
c0013,35.604613,10.673736,0.6601343135526937,2022-02-25
c0013,35.604613,10.673736,0.8744504627010198,2022-02-26
c0013,35.604613,10.673736,-0.5443189082070832,2022-02-27
c0013,35.604613,10.673736,-0.9525975845857432,2022-02-28
c0013,35.604613,10.673736,-0.8478215742380638,2022-03-01
c0013,35.604613,10.673736,0.3881937060570323,2022-03-02
c0013,35.604613,10.673736,0.2458041785539139,2022-03-03
c0013,35.604613,10.673736,-0.198149535314889,2022-03-04
c0013,35.604613,10.673736,-1.3162023619678953,2022-03-05
c0013,35.604613,10.673736,-0.9688612309587956,2022-03-06
c0013,35.604613,10.673736,-0.7503869525789992,2022-03-07
c0013,35.604613,10.673736,0.3904950953889643,2022-03-08
c0013,35.604613,10.673736,-0.4643954827684684,2022-03-09
c0013,35.604613,10.673736,-0.2408881477566441,2022-03-10
c0013,35.604613,10.673736,-0.2682362119708331,2022-03-11
c0013,35.604613,10.673736,-0.9046359414325684,2022-03-12
c0013,35.604613,10.673736,0.4958964872911526,2022-03-13
c0013,35.604613,10.673736,0.2040007644358702,2022-03-14
c0013,35.604613,10.673736,-0.4260328975451092,2022-03-15
c0013,35.604613,10.673736,-1.4960586915608491,2022-03-16
c0013,35.604613,10.673736,2.6166898989765803,2022-03-17
c0013,35.604613,10.673736,2.0932082552499693,2022-03-18
c0013,35.604613,10.673736,0.0443810208906146,2022-03-19
c0013,35.604613,10.673736,0.4622649365105268,2022-03-20
c0013,35.604613,10.673736,0.2541535905140824,2022-03-21
c0013,35.604613,10.673736,-0.8665306559723506,2022-03-22
c0013,35.604613,10.673736,-0.3967808170895462,2022-03-23
c0013,35.604613,10.673736,0.4142776690389254,2022-03-24
c0013,35.604613,10.673736,0.2699594484580383,2022-03-25
c0013,35.604613,10.673736,1.0707203696475396,2022-03-26
c0013,35.604613,10.673736,1.1114221044055437,2022-03-27
c0013,35.604613,10.673736,0.9314517133729152,2022-03-28
c0013,35.604613,10.673736,2.2877166990109847,2022-03-29
c0013,35.604613,10.673736,-0.1872954949867737,2022-03-30
c0013,35.604613,10.673736,0.1604119538760171,2022-03-31
c0013,35.604613,10.673736,-0.1368472488432029,2022-04-01
c0013,35.604613,10.673736,-0.4941792148532067,2022-04-02
c0013,35.604613,10.673736,1.188206311717111,2022-04-03
c0013,35.604613,10.673736,0.0865995596685196,2022-04-04
c0013,35.604613,10.673736,1.1913293447769682,2022-04-05
c0013,35.604613,10.673736,0.6154090425683437,2022-04-06
c0013,35.604613,10.673736,-0.4997616097375253,2022-04-07
c0013,35.604613,10.673736,0.2942597572796113,2022-04-08
c0013,35.604613,10.673736,0.6740332391022142,2022-04-09
c0013,35.604613,10.673736,0.6671191748290766,2022-04-10
c0013,35.604613,10.673736,0.2901547556636194,2022-04-11
c0013,35.604613,10.673736,-1.0520583989282113,2022-04-12
c0013,35.604613,10.673736,1.6581494767766165,2022-04-13
c0013,35.604613,10.673736,1.0242492484879246,2022-04-14
c0013,35.604613,10.673736,0.1489575843470584,2022-04-15
c0013,35.604613,10.673736,3.5250047944986065,2022-04-16
c0013,35.604613,10.673736,-0.9851493301752308,2022-04-17
c0013,35.604613,10.673736,0.0567452625457328,2022-04-18
c0013,35.604613,10.673736,0.745661014352069,2022-04-19
c0013,35.604613,10.673736,0.848840596454828,2022-04-20
c0013,35.604613,10.673736,2.053458635859577,2022-04-21
c0013,35.604613,10.673736,-0.1576366965828938,2022-04-22
c0013,35.604613,10.673736,0.4716249799376803,2022-04-23
c0013,35.604613,10.673736,1.9196104338856017,2022-04-24
c0013,35.604613,10.673736,2.0256474792515715,2022-04-25
c0013,35.604613,10.673736,1.4477881179922123,2022-04-26
c0013,35.604613,10.673736,0.0203700426626357,2022-04-27
c0013,35.604613,10.673736,-0.8444351419416667,2022-04-28
c0013,35.604613,10.673736,-0.493558700618906,2022-04-29
c0013,35.604613,10.673736,-0.4796316951916542,2022-04-30
c0013,35.604613,10.673736,0.5103911438057013,2022-05-01
c0013,35.604613,10.673736,-0.303635848899853,2022-05-02
c0013,35.604613,10.673736,-1.0814098335642943,2022-05-03
c0013,35.604613,10.673736,0.9356459710699598,2022-05-04
c0013,35.604613,10.673736,1.7723327687492332,2022-05-05
c0013,35.604613,10.673736,0.3583125036262523,2022-05-06
c0013,35.604613,10.673736,-0.1498367507127714,2022-05-07
c0013,35.604613,10.673736,-0.7423620544119034,2022-05-08
c0013,35.604613,10.673736,-0.8539599867440133,2022-05-09
c0013,35.604613,10.673736,-0.3544723842083031,2022-05-10
c0013,35.604613,10.673736,0.6479639679160549,2022-05-11
c0013,35.604613,10.673736,0.795949804792687,2022-05-12
c0013,35.604613,10.673736,0.3964318864718171,2022-05-13
c0013,35.604613,10.673736,0.290667285162911,2022-05-14
c0013,35.604613,10.673736,0.6043871315147865,2022-05-15
c0013,35.604613,10.673736,1.003747756942451,2022-05-16
c0013,35.604613,10.673736,0.9486698048701174,2022-05-17
c0013,35.604613,10.673736,0.9014499235489248,2022-05-18
c0013,35.604613,10.673736,0.2349883322530855,2022-05-19
c0013,35.604613,10.673736,-0.136890181379097,2022-05-20
c0013,35.604613,10.673736,0.7347737528382547,2022-05-21
c0013,35.604613,10.673736,0.8940997437816426,2022-05-22
c0013,35.604613,10.673736,0.9985430043993156,2022-05-23
c0013,35.604613,10.673736,0.9471247869893642,2022-05-24
c0013,35.604613,10.673736,-0.8499877254960007,2022-05-25
c0013,35.604613,10.673736,0.4805020098978441,2022-05-26
c0013,35.604613,10.673736,0.5683708670822779,2022-05-27
c0013,35.604613,10.673736,-0.1654441838859085,2022-05-28
c0013,35.604613,10.673736,0.6849692887596373,2022-05-29
c0013,35.604613,10.673736,0.0299830212393852,2022-05-30
c0013,35.604613,10.673736,1.0135577167291536,2022-05-31
c0013,35.604613,10.673736,2.1602578345372687,2022-06-01
c0013,35.604613,10.673736,1.7769311591219583,2022-06-02
c0013,35.604613,10.673736,1.4192254975643552,2022-06-03
c0013,35.604613,10.673736,1.0370893923769569,2022-06-04
c0013,35.604613,10.673736,1.131048021354524,2022-06-05
c0013,35.604613,10.673736,1.4478284072212315,2022-06-06
c0013,35.604613,10.673736,1.2254364318104864,2022-06-07
c0013,35.604613,10.673736,0.9160799984000402,2022-06-08
c0013,35.604613,10.673736,-0.9067873546571092,2022-06-09
c0013,35.604613,10.673736,0.310561205165044,2022-06-10
c0013,35.604613,10.673736,0.4017216235368408,2022-06-11
c0013,35.604613,10.673736,0.7202029489817094,2022-06-12
c0013,35.604613,10.673736,0.8997279004581152,2022-06-13
c0013,35.604613,10.673736,0.706164725486875,2022-06-14
c0013,35.604613,10.673736,0.5318052552876893,2022-06-15
c0013,35.604613,10.673736,0.8302750587267756,2022-06-16
c0013,35.604613,10.673736,0.7241221327093257,2022-06-17
c0013,35.604613,10.673736,0.6407295583761393,2022-06-18
c0013,35.604613,10.673736,0.5777506020613741,2022-06-19
c0013,35.604613,10.673736,0.3259334643751311,2022-06-20
c0013,35.604613,10.673736,1.1620166255865614,2022-06-21
c0013,35.604613,10.673736,1.910767624040986,2022-06-22
c0013,35.604613,10.673736,1.280508022644926,2022-06-23
c0013,35.604613,10.673736,1.2341828251387073,2022-06-24
c0013,35.604613,10.673736,0.8503655511645377,2022-06-25
c0013,35.604613,10.673736,0.9056945860758387,2022-06-26
c0013,35.604613,10.673736,1.4473356134208997,2022-06-27
c0013,35.604613,10.673736,1.8067497403228476,2022-06-28
c0013,35.604613,10.673736,1.8995582425132136,2022-06-29
c0013,35.604613,10.673736,2.899861193504961,2022-06-30
c0013,35.604613,10.673736,1.069878517760802,2022-07-01
c0013,35.604613,10.673736,1.4389207046130263,2022-07-02
c0013,35.604613,10.673736,2.7943256565888444,2022-07-03
c0013,35.604613,10.673736,1.8692923852535488,2022-07-04
c0013,35.604613,10.673736,1.5662753015187845,2022-07-05
c0013,35.604613,10.673736,1.5269008937809116,2022-07-06
c0013,35.604613,10.673736,1.647390633954517,2022-07-07
c0013,35.604613,10.673736,1.214582441532597,2022-07-08
c0013,35.604613,10.673736,0.530975681488913,2022-07-09
c0013,35.604613,10.673736,0.7174055346331552,2022-07-10
c0013,35.604613,10.673736,0.4649570968269426,2022-07-11
c0013,35.604613,10.673736,0.2862154134697626,2022-07-12
c0013,35.604613,10.673736,0.4809547487419155,2022-07-13
c0013,35.604613,10.673736,0.2483324570212751,2022-07-14
c0013,35.604613,10.673736,0.7198881960824353,2022-07-15
c0013,35.604613,10.673736,0.5194865401332094,2022-07-16
c0013,35.604613,10.673736,0.3941335376538085,2022-07-17
c0013,35.604613,10.673736,0.2634637231931087,2022-07-18
c0013,35.604613,10.673736,0.6773105948775643,2022-07-19
c0013,35.604613,10.673736,0.2324512564971994,2022-07-20
c0013,35.604613,10.673736,0.0448590880594288,2022-07-21
c0013,35.604613,10.673736,-0.0104638800057568,2022-07-22
c0013,35.604613,10.673736,-0.3278063723839918,2022-07-23
c0013,35.604613,10.673736,0.1641091109497168,2022-07-24
c0013,35.604613,10.673736,0.3254414060745402,2022-07-25
c0013,35.604613,10.673736,0.7018726140753626,2022-07-26
c0013,35.604613,10.673736,0.969347905300423,2022-07-27
c0013,35.604613,10.673736,0.5818949944060366,2022-07-28
c0013,35.604613,10.673736,0.1879560804256076,2022-07-29
c0013,35.604613,10.673736,0.4707414224610784,2022-07-30
c0013,35.604613,10.673736,0.6292767581284745,2022-07-31
c0013,35.604613,10.673736,0.9208982643214552,2022-08-01
c0013,35.604613,10.673736,0.3589830595493956,2022-08-02
c0013,35.604613,10.673736,-0.2325894876845421,2022-08-03
c0013,35.604613,10.673736,0.0368330330268381,2022-08-04
c0013,35.604613,10.673736,0.3136538526396591,2022-08-05
c0013,35.604613,10.673736,0.3405291017099769,2022-08-06
c0013,35.604613,10.673736,0.2278162512852697,2022-08-07
c0013,35.604613,10.673736,-0.4215359102892291,2022-08-08
c0013,35.604613,10.673736,0.2030931379342658,2022-08-09
c0013,35.604613,10.673736,0.0827834719322005,2022-08-10
c0013,35.604613,10.673736,0.241880514852199,2022-08-11
c0013,35.604613,10.673736,0.2898524193439061,2022-08-12
c0013,35.604613,10.673736,0.1302416266322184,2022-08-13
c0013,35.604613,10.673736,1.5531879261593171,2022-08-14
c0013,35.604613,10.673736,0.4393150891139338,2022-08-15
c0013,35.604613,10.673736,1.6592977639943312,2022-08-16
c0013,35.604613,10.673736,1.0971446718918312,2022-08-17
c0013,35.604613,10.673736,1.5924378697631394,2022-08-18
c0013,35.604613,10.673736,1.5117209831852,2022-08-19
c0013,35.604613,10.673736,0.3845080547649042,2022-08-20
c0013,35.604613,10.673736,0.450383284523088,2022-08-21
c0013,35.604613,10.673736,0.1404924287446564,2022-08-22
c0013,35.604613,10.673736,-0.0785566887898902,2022-08-23
c0013,35.604613,10.673736,0.1856545612474576,2022-08-24
c0013,35.604613,10.673736,0.2453622919794249,2022-08-25
c0013,35.604613,10.673736,0.6698972858450416,2022-08-26
c0013,35.604613,10.673736,-0.1784805899064504,2022-08-27
c0013,35.604613,10.673736,0.7649418155107388,2022-08-28
c0013,35.604613,10.673736,0.5517723235312879,2022-08-29
c0013,35.604613,10.673736,0.1931761966916054,2022-08-31
c0013,35.604613,10.673736,0.6195550719923449,2022-09-01
c0013,35.604613,10.673736,1.022541041548206,2022-09-02
c0013,35.604613,10.673736,1.358925093301092,2022-09-03
c0013,35.604613,10.673736,1.4939921486793235,2022-09-04
c0013,35.604613,10.673736,2.032515863928951,2022-09-05
c0013,35.604613,10.673736,1.469157248298136,2022-09-06
c0013,35.604613,10.673736,0.937333923718173,2022-09-07
c0013,35.604613,10.673736,1.2147807518566174,2022-09-08
c0013,35.604613,10.673736,0.9457106667598192,2022-09-09
c0013,35.604613,10.673736,1.24714377042352,2022-09-10
c0013,35.604613,10.673736,0.6637799864408853,2022-09-11
c0013,35.604613,10.673736,0.4951577717162935,2022-09-12
c0013,35.604613,10.673736,0.8148159537737071,2022-09-13
c0013,35.604613,10.673736,0.7189218748109829,2022-09-14
c0013,35.604613,10.673736,0.6474902587935855,2022-09-15
c0013,35.604613,10.673736,1.5239362827960632,2022-09-16
c0013,35.604613,10.673736,0.6183241736702255,2022-09-17
c0013,35.604613,10.673736,1.2865747235283695,2022-09-18
c0013,35.604613,10.673736,1.1129717301301076,2022-09-19
c0013,35.604613,10.673736,-0.7215309682603114,2022-09-20
c0013,35.604613,10.673736,0.4042985167530596,2022-09-21
c0013,35.604613,10.673736,-0.3032489762783576,2022-09-22
c0013,35.604613,10.673736,-0.4278450049308341,2022-09-23
c0013,35.604613,10.673736,,2022-09-24
c0013,35.604613,10.673736,-1.2681679054122406,2022-09-25
c0013,35.604613,10.673736,0.1488033385749842,2022-09-26
c0013,35.604613,10.673736,-0.1360227840299325,2022-09-27
c0013,35.604613,10.673736,0.2771214142568959,2022-09-28
c0013,35.604613,10.673736,0.4983015318451839,2022-09-29
c0013,35.604613,10.673736,0.2839252226600325,2022-09-30
c0013,35.604613,10.673736,0.2202668912025655,2022-10-01
c0013,35.604613,10.673736,0.3200201844094574,2022-10-02
c0013,35.604613,10.673736,0.431626024505842,2022-10-03
c0013,35.604613,10.673736,0.4106262699722617,2022-10-04
c0013,35.604613,10.673736,-0.417320832305397,2022-10-05
c0013,35.604613,10.673736,-0.3471493904421716,2022-10-06
c0013,35.604613,10.673736,0.4104361177801203,2022-10-07
c0013,35.604613,10.673736,0.4396085317557803,2022-10-08
c0013,35.604613,10.673736,-0.2978599429567263,2022-10-09
c0013,35.604613,10.673736,-1.2118541598479116,2022-10-10
c0013,35.604613,10.673736,0.0713489085811944,2022-10-11
c0013,35.604613,10.673736,0.3374907078927607,2022-10-12
c0013,35.604613,10.673736,0.4477782426818188,2022-10-13
c0013,35.604613,10.673736,0.0371595431934128,2022-10-14
c0013,35.604613,10.673736,0.2413717729230899,2022-10-15
c0013,35.604613,10.673736,-0.9466628752500766,2022-10-16
c0013,35.604613,10.673736,0.2449252433098546,2022-10-17
c0013,35.604613,10.673736,0.3348589207554842,2022-10-18
c0013,35.604613,10.673736,0.2453010906050163,2022-10-19
c0013,35.604613,10.673736,0.2138422067864663,2022-10-20
c0013,35.604613,10.673736,0.252341825952338,2022-10-21
c0013,35.604613,10.673736,0.1295707226752228,2022-10-22
c0013,35.604613,10.673736,0.4860307947377922,2022-10-23
c0013,35.604613,10.673736,0.4183979409907097,2022-10-24
c0013,35.604613,10.673736,0.1872252674014161,2022-10-25
c0013,35.604613,10.673736,0.0597189280718909,2022-10-26
c0013,35.604613,10.673736,0.0706412592568638,2022-10-27
c0013,35.604613,10.673736,0.2835807325797055,2022-10-28
c0013,35.604613,10.673736,0.3780952586295923,2022-10-29
c0013,35.604613,10.673736,-0.0632642789609917,2022-10-30
c0013,35.604613,10.673736,-0.2830037942755616,2022-10-31
c0013,35.604613,10.673736,-0.0665588319655313,2022-11-01
c0013,35.604613,10.673736,-0.0972117489108199,2022-11-02
c0013,35.604613,10.673736,0.6076913631653095,2022-11-03
c0013,35.604613,10.673736,-0.0135340559551801,2022-11-04
c0013,35.604613,10.673736,-0.4261284090552051,2022-11-05
c0013,35.604613,10.673736,-0.6551672878436395,2022-11-06
c0013,35.604613,10.673736,0.174093421607893,2022-11-07
c0013,35.604613,10.673736,0.4795047795531457,2022-11-08
c0013,35.604613,10.673736,0.3213964308785205,2022-11-09
c0013,35.604613,10.673736,0.1416593924582043,2022-11-10
c0013,35.604613,10.673736,-0.966477191292646,2022-11-11
c0013,35.604613,10.673736,-0.1962798795458961,2022-11-12
c0013,35.604613,10.673736,0.0313489256302763,2022-11-13
c0013,35.604613,10.673736,0.1935863262031952,2022-11-14
c0013,35.604613,10.673736,0.2968403207966292,2022-11-15
c0013,35.604613,10.673736,,2022-11-16
c0013,35.604613,10.673736,-0.4685100316633698,2022-11-17
c0013,35.604613,10.673736,0.2433643948552853,2022-11-18
c0013,35.604613,10.673736,0.7322654135350664,2022-11-19
c0013,35.604613,10.673736,-0.0439342420219367,2022-11-20
c0013,35.604613,10.673736,0.2771338834841371,2022-11-21
c0013,35.604613,10.673736,-1.2775068340382978,2022-11-22
c0013,35.604613,10.673736,0.1235897999125419,2022-11-23
c0013,35.604613,10.673736,0.3435859361336377,2022-11-24
c0013,35.604613,10.673736,0.2141813154242833,2022-11-25
c0013,35.604613,10.673736,-0.4046757911815046,2022-11-26
c0013,35.604613,10.673736,-1.0147245463052823,2022-11-27
c0013,35.604613,10.673736,-0.5772468426002454,2022-11-28
c0013,35.604613,10.673736,0.0982722995097769,2022-11-29
c0013,35.604613,10.673736,-0.4483364933122635,2022-11-30
c0013,35.604613,10.673736,0.1801430608230009,2022-12-01
c0013,35.604613,10.673736,-0.0920076570974183,2022-12-02
c0013,35.604613,10.673736,0.5126727138095913,2022-12-03
c0013,35.604613,10.673736,0.3102036764304177,2022-12-04
c0013,35.604613,10.673736,0.5250439013466883,2022-12-05
c0013,35.604613,10.673736,0.4506510317540065,2022-12-06
c0013,35.604613,10.673736,0.646467077276289,2022-12-07
c0013,35.604613,10.673736,-0.3794615081176908,2022-12-08
c0013,35.604613,10.673736,-0.858427408876087,2022-12-09
c0013,35.604613,10.673736,0.1381901733189794,2022-12-10
c0013,35.604613,10.673736,0.3935034980965992,2022-12-11
c0013,35.604613,10.673736,0.0005502776672797,2022-12-12
c0013,35.604613,10.673736,-0.1320652571915572,2022-12-13
c0013,35.604613,10.673736,0.1741269435189572,2022-12-14
c0013,35.604613,10.673736,0.715801177799588,2022-12-15
c0013,35.604613,10.673736,0.8218310493866675,2022-12-16
c0013,35.604613,10.673736,0.1155316248573364,2022-12-17
c0013,35.604613,10.673736,-0.186182585398184,2022-12-18
c0013,35.604613,10.673736,-0.3575130350005808,2022-12-19
c0013,35.604613,10.673736,-0.1174713059744324,2022-12-20
c0013,35.604613,10.673736,0.3381835250394179,2022-12-21
c0013,35.604613,10.673736,-0.2534289613536427,2022-12-22
c0013,35.604613,10.673736,0.1956193377431231,2022-12-23
c0013,35.604613,10.673736,-0.4805861773659305,2022-12-24
c0013,35.604613,10.673736,-0.0318507599139665,2022-12-25
c0013,35.604613,10.673736,0.3052855680884184,2022-12-26
c0013,35.604613,10.673736,0.1552706699959919,2022-12-27
c0013,35.604613,10.673736,0.0902931569554009,2022-12-28
c0013,35.604613,10.673736,-1.0927452740295065,2022-12-29
c0013,35.604613,10.673736,-0.4450816423035083,2022-12-30
c0013,35.604613,10.673736,0.2338965853467083,2022-12-31
c0013,35.604613,10.673736,0.237420655301243,2023-01-01
c0013,35.604613,10.673736,0.0279838538383817,2023-01-02
c0013,35.604613,10.673736,-0.0046974309563648,2023-01-03
c0013,35.604613,10.673736,-0.1000297088461938,2023-01-04
c0013,35.604613,10.673736,-0.008513345673159,2023-01-05
c0013,35.604613,10.673736,0.2848204644001773,2023-01-06
c0013,35.604613,10.673736,-0.3170859822635212,2023-01-07
c0013,35.604613,10.673736,0.1227124157896661,2023-01-08
c0013,35.604613,10.673736,0.1210332225662055,2023-01-09
c0013,35.604613,10.673736,-0.5656175536299087,2023-01-10
c0013,35.604613,10.673736,0.4526548746806689,2023-01-11
c0013,35.604613,10.673736,0.3174114397966515,2023-01-12
c0013,35.604613,10.673736,-0.3969630722798165,2023-01-13
c0013,35.604613,10.673736,-0.1300101853105305,2023-01-14
c0013,35.604613,10.673736,-0.5352489879309682,2023-01-15
c0013,35.604613,10.673736,0.4497644742790416,2023-01-16
c0013,35.604613,10.673736,0.7220783395527706,2023-01-18
c0013,35.604613,10.673736,-0.2364520109778084,2023-01-19
c0013,35.604613,10.673736,-0.2292601475354516,2023-01-20
c0013,35.604613,10.673736,0.2524004191352247,2023-01-21
c0013,35.604613,10.673736,0.3896663840438659,2023-01-22
c0013,35.604613,10.673736,0.3462544525765522,2023-01-23
c0013,35.604613,10.673736,-0.0984544930888304,2023-01-24
c0013,35.604613,10.673736,-1.1370359502738647,2023-01-25
c0013,35.604613,10.673736,-0.051455539169839,2023-01-26
c0013,35.604613,10.673736,0.5367236742593126,2023-01-27
c0013,35.604613,10.673736,0.1822417757911294,2023-01-28
c0013,35.604613,10.673736,-0.2587274199184159,2023-01-29
c0013,35.604613,10.673736,-0.9161583972358912,2023-01-30
c0013,35.604613,10.673736,-0.3302832884186861,2023-01-31
c0013,35.604613,10.673736,0.1170215912600291,2023-02-01
c0013,35.604613,10.673736,-0.1244927045918102,2023-02-02
c0013,35.604613,10.673736,-0.3068948407816469,2023-02-03
c0013,35.604613,10.673736,0.2033119171645336,2023-02-04
c0013,35.604613,10.673736,-0.5987793243081718,2023-02-05
c0013,35.604613,10.673736,-0.4680560337570407,2023-02-06
c0013,35.604613,10.673736,-0.0387606023245769,2023-02-07
c0013,35.604613,10.673736,-0.5445236283917569,2023-02-08
c0013,35.604613,10.673736,-0.8078445895172051,2023-02-09
c0013,35.604613,10.673736,-0.9709446744607932,2023-02-10
c0013,35.604613,10.673736,-0.4490583584870732,2023-02-11
c0013,35.604613,10.673736,-0.2962875084933803,2023-02-12
c0013,35.604613,10.673736,-0.6236963137938353,2023-02-13
c0013,35.604613,10.673736,-0.3045687169629264,2023-02-14
c0013,35.604613,10.673736,-0.1384914901361409,2023-02-15
c0013,35.604613,10.673736,-0.516549107221011,2023-02-16
c0013,35.604613,10.673736,0.2203949547309364,2023-02-17
c0013,35.604613,10.673736,-0.110436673865618,2023-02-18
c0013,35.604613,10.673736,0.2498063945840871,2023-02-19
c0013,35.604613,10.673736,0.0972531261912538,2023-02-20
c0013,35.604613,10.673736,0.3098321580488316,2023-02-21
c0013,35.604613,10.673736,0.5120284298924087,2023-02-22
c0013,35.604613,10.673736,1.1371334853168389,2023-02-23
c0013,35.604613,10.673736,0.5134135398467737,2023-02-24
c0013,35.604613,10.673736,1.7740803619658734,2023-02-25
c0013,35.604613,10.673736,-0.6491616728068019,2023-02-26
c0013,35.604613,10.673736,0.3392817278501461,2023-02-27
c0013,35.604613,10.673736,0.2761205472020474,2023-02-28
c0013,35.604613,10.673736,0.4059627330577856,2023-03-01
c0013,35.604613,10.673736,-0.2731627231479189,2023-03-02
c0013,35.604613,10.673736,-0.0160838807052891,2023-03-03
c0013,35.604613,10.673736,-0.3990153082320134,2023-03-04
c0013,35.604613,10.673736,0.3280006940128231,2023-03-05
c0013,35.604613,10.673736,-0.0782310684539373,2023-03-06
c0013,35.604613,10.673736,0.3850634366604736,2023-03-07
c0013,35.604613,10.673736,0.4147790878390009,2023-03-08
c0013,35.604613,10.673736,-0.0941668904533012,2023-03-09
c0013,35.604613,10.673736,-0.098517198320548,2023-03-10
c0013,35.604613,10.673736,0.4597933039073092,2023-03-11
c0013,35.604613,10.673736,0.6917264899740495,2023-03-12
c0013,35.604613,10.673736,0.4503463970290961,2023-03-13
c0013,35.604613,10.673736,-1.2449430535589856,2023-03-14
c0013,35.604613,10.673736,-0.0200263449334785,2023-03-15
c0013,35.604613,10.673736,0.4169726216950325,2023-03-16
c0013,35.604613,10.673736,0.3325108760183329,2023-03-17
c0013,35.604613,10.673736,0.6527429526428643,2023-03-18
c0013,35.604613,10.673736,-0.9129844503226456,2023-03-19
c0013,35.604613,10.673736,-0.5363642889809447,2023-03-20
c0013,35.604613,10.673736,0.1331571929837304,2023-03-21
c0013,35.604613,10.673736,-0.0434233705799234,2023-03-22
c0013,35.604613,10.673736,0.1068916621300275,2023-03-23
c0013,35.604613,10.673736,0.4109656255089034,2023-03-24
c0013,35.604613,10.673736,0.2630402934180913,2023-03-25
c0013,35.604613,10.673736,0.3582672173507785,2023-03-26
c0013,35.604613,10.673736,0.4810779245948385,2023-03-27
c0013,35.604613,10.673736,0.4273250969578168,2023-03-28
c0013,35.604613,10.673736,0.3346752575541739,2023-03-29
c0013,35.604613,10.673736,0.2619497444388391,2023-03-30
c0013,35.604613,10.673736,0.3399973005287647,2023-03-31
c0013,35.604613,10.673736,0.4057344100412896,2023-04-01
c0013,35.604613,10.673736,-0.5854031163980528,2023-04-02
c0013,35.604613,10.673736,-0.186472732494359,2023-04-03
c0013,35.604613,10.673736,-0.4285909417910847,2023-04-04
c0013,35.604613,10.673736,-1.0396227984776212,2023-04-05
c0013,35.604613,10.673736,0.3288474989256685,2023-04-06
c0013,35.604613,10.673736,0.4055415260969694,2023-04-07
c0013,35.604613,10.673736,0.4166049376799032,2023-04-08
c0013,35.604613,10.673736,0.1670293555601609,2023-04-09
c0013,35.604613,10.673736,0.1911501962116435,2023-04-10
c0013,35.604613,10.673736,0.0708059842470665,2023-04-11
c0013,35.604613,10.673736,0.6859198321842627,2023-04-12
c0013,35.604613,10.673736,0.5274239651073805,2023-04-13
c0013,35.604613,10.673736,-0.2116965051195867,2023-04-14
c0013,35.604613,10.673736,0.2704337006031876,2023-04-15
c0013,35.604613,10.673736,-0.5955372754568155,2023-04-16
c0013,35.604613,10.673736,0.3155464852230027,2023-04-17
c0013,35.604613,10.673736,0.1955636993198417,2023-04-18
c0013,35.604613,10.673736,0.8303878909600398,2023-04-19
c0013,35.604613,10.673736,0.7453245704584882,2023-04-20
c0013,35.604613,10.673736,-0.8434274154386309,2023-04-21
c0013,35.604613,10.673736,0.4438969667799544,2023-04-22
c0013,35.604613,10.673736,0.391222590151302,2023-04-23
c0013,35.604613,10.673736,0.677107707642316,2023-04-24
c0013,35.604613,10.673736,-0.0729855402427665,2023-04-25
c0013,35.604613,10.673736,0.4924270061918,2023-04-26
c0013,35.604613,10.673736,0.0246065542594214,2023-04-27
c0013,35.604613,10.673736,0.3616305860403482,2023-04-28
c0013,35.604613,10.673736,0.7010483875740297,2023-04-29
c0013,35.604613,10.673736,-0.4831324812005649,2023-04-30
c0013,35.604613,10.673736,-0.1326049196318676,2023-05-01
c0013,35.604613,10.673736,-1.437125704166486,2023-05-02
c0013,35.604613,10.673736,0.0749056898439406,2023-05-03
c0013,35.604613,10.673736,0.3909902500971692,2023-05-04
c0013,35.604613,10.673736,0.4429110600231523,2023-05-05
c0013,35.604613,10.673736,0.6283110330050823,2023-05-06
c0013,35.604613,10.673736,-0.8658557134210041,2023-05-07
c0013,35.604613,10.673736,-0.2217466811809386,2023-05-08
c0013,35.604613,10.673736,-0.480566453567667,2023-05-09
c0013,35.604613,10.673736,0.0114426288979968,2023-05-10
c0013,35.604613,10.673736,-0.6996949072594216,2023-05-11
c0013,35.604613,10.673736,-1.1138750829419064,2023-05-12
c0013,35.604613,10.673736,1.0295313259363466,2023-05-13
c0013,35.604613,10.673736,1.4542816465505397,2023-05-14
c0013,35.604613,10.673736,-0.4305578440709878,2023-05-15
c0013,35.604613,10.673736,-0.5422100524117702,2023-05-16
c0013,35.604613,10.673736,0.2314406446584021,2023-05-17
c0013,35.604613,10.673736,1.068955387432008,2023-05-18
c0013,35.604613,10.673736,1.4713443790579712,2023-05-19
c0013,35.604613,10.673736,-0.1525717040716493,2023-05-20
c0013,35.604613,10.673736,0.0993399773107028,2023-05-21
c0013,35.604613,10.673736,0.4787054703093883,2023-05-22
c0013,35.604613,10.673736,0.8969278053323689,2023-05-23
c0013,35.604613,10.673736,1.6542036776143088,2023-05-24
c0013,35.604613,10.673736,-0.5997288243071008,2023-05-25
c0013,35.604613,10.673736,-0.0251220479995151,2023-05-26
c0013,35.604613,10.673736,0.5102210247858214,2023-05-27
c0013,35.604613,10.673736,0.3297745969066052,2023-05-28
c0013,35.604613,10.673736,-1.6230643188450182,2023-05-29
c0013,35.604613,10.673736,-0.5332504386606615,2023-05-30
c0013,35.604613,10.673736,-0.2284007558235691,2023-05-31
c0013,35.604613,10.673736,-0.5527877815627633,2023-06-01
c0013,35.604613,10.673736,-0.9273825510826558,2023-06-02
c0013,35.604613,10.673736,-0.3493994596703518,2023-06-03
c0013,35.604613,10.673736,0.0529494392950294,2023-06-04
c0013,35.604613,10.673736,2.9542764850953183,2023-06-05
c0013,35.604613,10.673736,0.7858758480031868,2023-06-06
c0013,35.604613,10.673736,-0.4275381465288396,2023-06-07
c0013,35.604613,10.673736,-0.1187329894845446,2023-06-08
c0013,35.604613,10.673736,0.6940902070476321,2023-06-09
c0013,35.604613,10.673736,-0.150309742152694,2023-06-10
c0013,35.604613,10.673736,0.4780814075169926,2023-06-11
c0013,35.604613,10.673736,0.5776417045091028,2023-06-12
c0013,35.604613,10.673736,-0.9586483443143412,2023-06-13
c0013,35.604613,10.673736,-1.0909663168855548,2023-06-14
c0013,35.604613,10.673736,0.2447156719654484,2023-06-15
c0013,35.604613,10.673736,0.4030815280494659,2023-06-16
c0013,35.604613,10.673736,0.4169753229296539,2023-06-17
c0013,35.604613,10.673736,0.1888434341147494,2023-06-18
c0013,35.604613,10.673736,0.5817238966245616,2023-06-19
c0013,35.604613,10.673736,1.5736492117913885,2023-06-20
c0013,35.604613,10.673736,1.913173150570029,2023-06-21
c0013,35.604613,10.673736,1.2421588091862357,2023-06-22
c0013,35.604613,10.673736,0.9582698046834512,2023-06-23
c0013,35.604613,10.673736,0.5938887315941535,2023-06-24
c0013,35.604613,10.673736,0.369327010089197,2023-06-25
c0013,35.604613,10.673736,0.2049725837359549,2023-06-26
c0013,35.604613,10.673736,0.3542038479825271,2023-06-27
c0013,35.604613,10.673736,0.3151289856425492,2023-06-28
c0013,35.604613,10.673736,0.3633050935003856,2023-06-29
c0013,35.604613,10.673736,0.7624647470517719,2023-06-30
c0013,35.604613,10.673736,0.603521922389467,2023-07-01
c0013,35.604613,10.673736,0.4737162593089151,2023-07-02
c0013,35.604613,10.673736,1.1080822362422025,2023-07-03
c0013,35.604613,10.673736,0.3119082494526066,2023-07-04
c0013,35.604613,10.673736,0.0230552917294457,2023-07-05
c0013,35.604613,10.673736,0.9250576316144604,2023-07-06
c0013,35.604613,10.673736,1.572967428813571,2023-07-07
c0013,35.604613,10.673736,2.1120205990054477,2023-07-08
c0013,35.604613,10.673736,1.331814539013513,2023-07-09
c0013,35.604613,10.673736,1.0037655202422266,2023-07-10
c0013,35.604613,10.673736,1.4134805810797173,2023-07-11
c0013,35.604613,10.673736,0.8412469433295686,2023-07-12
c0013,35.604613,10.673736,0.6089330981959692,2023-07-13
c0013,35.604613,10.673736,1.1353127504977147,2023-07-14
c0013,35.604613,10.673736,0.9708848191628164,2023-07-15
c0013,35.604613,10.673736,1.215018694228193,2023-07-16
c0013,35.604613,10.673736,1.2071086669772522,2023-07-17
c0013,35.604613,10.673736,1.0948611376411983,2023-07-18
c0013,35.604613,10.673736,,2023-07-19
c0013,35.604613,10.673736,0.936592373777982,2023-07-20
c0013,35.604613,10.673736,0.8817452480457124,2023-07-21
c0013,35.604613,10.673736,0.9736864310332292,2023-07-22
c0013,35.604613,10.673736,0.7930409206276556,2023-07-23
c0013,35.604613,10.673736,1.1638768730772404,2023-07-24
c0013,35.604613,10.673736,2.2233454013526988,2023-07-25
c0013,35.604613,10.673736,1.073368908308054,2023-07-26
c0013,35.604613,10.673736,0.6408129015685909,2023-07-27
c0013,35.604613,10.673736,1.7513004456173853,2023-07-28
c0013,35.604613,10.673736,1.8249515635235565,2023-07-29
c0013,35.604613,10.673736,1.392532007532766,2023-07-30
c0013,35.604613,10.673736,0.4168739404908317,2023-07-31
c0013,35.604613,10.673736,0.0957713758042335,2023-08-01
c0013,35.604613,10.673736,0.312028788504635,2023-08-02
c0013,35.604613,10.673736,0.6205806434176956,2023-08-03
c0013,35.604613,10.673736,0.8693421136045646,2023-08-04
c0013,35.604613,10.673736,0.1830934383679456,2023-08-05
c0013,35.604613,10.673736,0.5597764648198805,2023-08-06
c0013,35.604613,10.673736,0.5068401948815111,2023-08-07
c0013,35.604613,10.673736,0.656727426003537,2023-08-10
c0013,35.604613,10.673736,1.0166230097328088,2023-08-11
c0013,35.604613,10.673736,0.6154575007643457,2023-08-12
c0013,35.604613,10.673736,,2023-08-13
c0013,35.604613,10.673736,0.5172818574027417,2023-08-14
c0013,35.604613,10.673736,,2023-08-15
c0013,35.604613,10.673736,0.123249067792884,2023-08-16
c0013,35.604613,10.673736,0.2251635963261956,2023-08-17
c0013,35.604613,10.673736,1.0152672464597547,2023-08-18
c0013,35.604613,10.673736,1.15859774101334,2023-08-19
c0013,35.604613,10.673736,0.6074434481583444,2023-08-20
c0013,35.604613,10.673736,0.2299864918853003,2023-08-21
c0013,35.604613,10.673736,-0.4561767802317238,2023-08-22
c0013,35.604613,10.673736,0.1005052636259304,2023-08-23
c0013,35.604613,10.673736,0.0880419573726899,2023-08-24
c0013,35.604613,10.673736,0.411646908644646,2023-08-25
c0013,35.604613,10.673736,0.3812587425232437,2023-08-26
c0013,35.604613,10.673736,0.3963485702707869,2023-08-27
c0013,35.604613,10.673736,0.2983447396726615,2023-08-28
c0013,35.604613,10.673736,0.4603321580175394,2023-08-29
c0013,35.604613,10.673736,0.8090214704600203,2023-08-30
c0013,35.604613,10.673736,0.1165001809537691,2023-08-31
c0013,35.604613,10.673736,0.2237451936115989,2023-09-01
c0013,35.604613,10.673736,-0.0164354824533365,2023-09-02
c0013,35.604613,10.673736,0.6078762944325968,2023-09-03
c0013,35.604613,10.673736,0.8902522969578491,2023-09-04
c0013,35.604613,10.673736,0.425196328149235,2023-09-05
c0013,35.604613,10.673736,-0.2269379621482509,2023-09-06
c0013,35.604613,10.673736,-0.0028339583967203,2023-09-07
c0013,35.604613,10.673736,-0.0393786399127816,2023-09-08
c0013,35.604613,10.673736,0.2449527133182967,2023-09-09
c0013,35.604613,10.673736,0.1670795043606776,2023-09-10
c0013,35.604613,10.673736,0.202179650408208,2023-09-11
c0013,35.604613,10.673736,0.2130448045475096,2023-09-12
c0013,35.604613,10.673736,0.3342323680096141,2023-09-13
c0013,35.604613,10.673736,0.5698058393506527,2023-09-14
c0013,35.604613,10.673736,0.7154463853599987,2023-09-15
c0013,35.604613,10.673736,0.3370825635602257,2023-09-16
c0013,35.604613,10.673736,1.4166445873100162,2023-09-17
c0013,35.604613,10.673736,1.7828806191904163,2023-09-18
c0013,35.604613,10.673736,2.198769740316957,2023-09-19
c0013,35.604613,10.673736,0.9467903981325848,2023-09-20
c0013,35.604613,10.673736,0.8659529085938217,2023-09-21
c0013,35.604613,10.673736,1.1210998381889226,2023-09-22
c0013,35.604613,10.673736,-1.5026490693476855,2023-09-23
c0013,35.604613,10.673736,0.4601010453001196,2023-09-24
c0013,35.604613,10.673736,0.4138671320746113,2023-09-25
c0013,35.604613,10.673736,-0.2453527042150719,2023-09-26
c0013,35.604613,10.673736,0.0657325369953595,2023-09-27
c0013,35.604613,10.673736,0.3966918118695035,2023-09-28
c0013,35.604613,10.673736,0.2296740788634194,2023-09-29
c0013,35.604613,10.673736,0.05547754489048,2023-09-30
c0013,35.604613,10.673736,0.0888757959458244,2023-10-01
c0013,35.604613,10.673736,0.0613449761369596,2023-10-02
c0013,35.604613,10.673736,-0.4097099359703806,2023-10-03
c0013,35.604613,10.673736,0.1431988283037121,2023-10-04
c0013,35.604613,10.673736,0.3539921445782985,2023-10-05
c0013,35.604613,10.673736,0.3106247210126719,2023-10-06
c0013,35.604613,10.673736,-0.0300792070669459,2023-10-07
c0013,35.604613,10.673736,-0.5158870099177295,2023-10-08
c0013,35.604613,10.673736,-0.3571125519009753,2023-10-09
c0013,35.604613,10.673736,0.7008340790128254,2023-10-10
c0013,35.604613,10.673736,0.5179898020052943,2023-10-11
c0013,35.604613,10.673736,0.519334559629821,2023-10-12
c0013,35.604613,10.673736,0.4011931685260105,2023-10-13
c0013,35.604613,10.673736,0.2713148054173248,2023-10-14
c0013,35.604613,10.673736,0.7501311710051713,2023-10-15
c0013,35.604613,10.673736,0.4996270361087805,2023-10-16
c0013,35.604613,10.673736,0.8136960948242149,2023-10-17
c0013,35.604613,10.673736,0.7342115620204417,2023-10-18
c0013,35.604613,10.673736,0.8256677713764875,2023-10-19
c0013,35.604613,10.673736,-0.1558321043000021,2023-10-20
c0013,35.604613,10.673736,0.7925541790577695,2023-10-21
c0013,35.604613,10.673736,1.26132954547182,2023-10-22
c0013,35.604613,10.673736,0.4422040208908244,2023-10-23
c0013,35.604613,10.673736,-0.3808606129219473,2023-10-24
c0013,35.604613,10.673736,0.4310196294127791,2023-10-25
c0013,35.604613,10.673736,0.5375206750810843,2023-10-26
c0013,35.604613,10.673736,0.5083703102170101,2023-10-27
c0013,35.604613,10.673736,-0.0750878163708387,2023-10-28
c0013,35.604613,10.673736,-0.7985695343351531,2023-10-29
c0013,35.604613,10.673736,0.1296220053319844,2023-10-30
c0013,35.604613,10.673736,0.8994400436659884,2023-10-31
c0013,35.604613,10.673736,-0.0012590133784546,2023-11-01
c0013,35.604613,10.673736,-0.0111541250311083,2023-11-02
c0013,35.604613,10.673736,0.0789240244800584,2023-11-03
c0013,35.604613,10.673736,0.3691459429563574,2023-11-04
c0013,35.604613,10.673736,0.3933237974189841,2023-11-05
c0013,35.604613,10.673736,1.0341349733764105,2023-11-06
c0013,35.604613,10.673736,0.961572591090037,2023-11-07
c0013,35.604613,10.673736,0.6169162293096286,2023-11-08
c0013,35.604613,10.673736,-1.0111166431201664,2023-11-09
c0013,35.604613,10.673736,-0.9265050699129882,2023-11-10
c0013,35.604613,10.673736,0.3788314163015124,2023-11-11
c0013,35.604613,10.673736,0.3232619312795608,2023-11-12
c0013,35.604613,10.673736,0.1511608942194682,2023-11-13
c0013,35.604613,10.673736,0.1673785055083971,2023-11-14
c0013,35.604613,10.673736,0.223110467711168,2023-11-15
c0013,35.604613,10.673736,0.3714692272263352,2023-11-16
c0013,35.604613,10.673736,0.3347784943009212,2023-11-17
c0013,35.604613,10.673736,0.3018325258690839,2023-11-18
c0013,35.604613,10.673736,0.2837170758160962,2023-11-19
c0013,35.604613,10.673736,0.1820549618320516,2023-11-20
c0013,35.604613,10.673736,0.2382798901014024,2023-11-21
c0013,35.604613,10.673736,-0.830046159520924,2023-11-23
c0013,35.604613,10.673736,-0.44109981168798,2023-11-24
c0013,35.604613,10.673736,0.1225127603893352,2023-11-25
c0013,35.604613,10.673736,-0.0211660492742754,2023-11-26
c0013,35.604613,10.673736,0.7483663533061808,2023-11-27
c0013,35.604613,10.673736,0.3548691965730707,2023-11-28
c0013,35.604613,10.673736,-0.3004826206372079,2023-11-29
c0013,35.604613,10.673736,0.3053613905386787,2023-11-30
c0013,35.604613,10.673736,-1.0109824623186712,2023-12-01
c0013,35.604613,10.673736,0.6894194681583385,2023-12-02
c0013,35.604613,10.673736,0.0772205424609085,2023-12-03
c0013,35.604613,10.673736,0.1785568125673212,2023-12-04
c0013,35.604613,10.673736,0.2593856852710884,2023-12-05
c0013,35.604613,10.673736,-1.0433155133739582,2023-12-06
c0013,35.604613,10.673736,0.3793209456491828,2023-12-07
c0013,35.604613,10.673736,0.1130693158082171,2023-12-08
c0013,35.604613,10.673736,-0.1814644328251148,2023-12-09
c0013,35.604613,10.673736,0.0748326939807197,2023-12-10
c0013,35.604613,10.673736,0.0693509587198872,2023-12-11
c0013,35.604613,10.673736,0.1408128277949014,2023-12-12
c0013,35.604613,10.673736,0.5024990857332337,2023-12-13
c0013,35.604613,10.673736,-0.3637745344460398,2023-12-14
c0013,35.604613,10.673736,-0.5068850753917227,2023-12-15
c0013,35.604613,10.673736,-0.9072359552007044,2023-12-16
c0013,35.604613,10.673736,-0.8556709324902001,2023-12-17
c0013,35.604613,10.673736,0.4975225655056497,2023-12-18
c0013,35.604613,10.673736,-0.38564815928831,2023-12-19
c0013,35.604613,10.673736,-0.1664385128344112,2023-12-20
c0013,35.604613,10.673736,-1.18966365794746,2023-12-21
c0013,35.604613,10.673736,-0.3325721065736807,2023-12-22
c0013,35.604613,10.673736,-0.0701479514940614,2023-12-23
c0013,35.604613,10.673736,0.327054249929189,2023-12-24
c0013,35.604613,10.673736,0.0958762672611705,2023-12-25
c0013,35.604613,10.673736,-0.090857619097031,2023-12-26
c0013,35.604613,10.673736,-0.4199281985913731,2023-12-27
c0013,35.604613,10.673736,-0.447708257681616,2023-12-28
c0013,35.604613,10.673736,0.4145215732780665,2023-12-29
c0013,35.604613,10.673736,0.1183231409636568,2023-12-30
c0013,35.604613,10.673736,-0.2676285537130332,2023-12-31
c0013,35.604613,10.673736,-1.0554766701399616,2024-01-01
c0013,35.604613,10.673736,0.0335500285253261,2024-01-02
c0013,35.604613,10.673736,0.3335990785535631,2024-01-03
c0013,35.604613,10.673736,0.3004566098130032,2024-01-04
c0013,35.604613,10.673736,0.3756668924166175,2024-01-05
c0013,35.604613,10.673736,-0.9176763002161225,2024-01-06
c0013,35.604613,10.673736,-0.057533601768556,2024-01-07
c0013,35.604613,10.673736,0.061608997401463,2024-01-08
c0013,35.604613,10.673736,0.2943660650281623,2024-01-09
c0013,35.604613,10.673736,-0.323034537855459,2024-01-10
c0013,35.604613,10.673736,-0.9866040694003956,2024-01-11
c0013,35.604613,10.673736,-0.957769422736482,2024-01-12
c0013,35.604613,10.673736,-0.0682359681596605,2024-01-13
c0013,35.604613,10.673736,0.3859415331597436,2024-01-14
c0013,35.604613,10.673736,0.4346516193620049,2024-01-15
c0013,35.604613,10.673736,0.2894836839323743,2024-01-16
c0013,35.604613,10.673736,0.2193054355812569,2024-01-17
c0013,35.604613,10.673736,0.3893368868819593,2024-01-18
c0013,35.604613,10.673736,0.1049382058870529,2024-01-19
c0013,35.604613,10.673736,0.5156230163870071,2024-01-20
c0013,35.604613,10.673736,-0.5952182296293126,2024-01-21
c0013,35.604613,10.673736,-1.3202718303591408,2024-01-22
c0013,35.604613,10.673736,-0.322571376416582,2024-01-23
c0013,35.604613,10.673736,-0.1687930265944629,2024-01-24
c0013,35.604613,10.673736,0.2565030188472455,2024-01-25
c0013,35.604613,10.673736,0.1090400165181298,2024-01-26
c0013,35.604613,10.673736,-0.0030436891573978,2024-01-27
c0013,35.604613,10.673736,-0.9197095011762506,2024-01-28
c0013,35.604613,10.673736,-0.3421464536007165,2024-01-29
c0013,35.604613,10.673736,0.2060595765717602,2024-01-30
c0013,35.604613,10.673736,-0.0981447441316454,2024-01-31
c0013,35.604613,10.673736,-0.6306966791696993,2024-02-01
c0013,35.604613,10.673736,-1.4536776237342768,2024-02-02
c0013,35.604613,10.673736,-0.7535484029049119,2024-02-03
c0013,35.604613,10.673736,0.0556018097650369,2024-02-04
c0013,35.604613,10.673736,0.1253467088411547,2024-02-05
c0013,35.604613,10.673736,0.0083958780973419,2024-02-06
c0013,35.604613,10.673736,0.0309546831879643,2024-02-07
c0013,35.604613,10.673736,-0.5389584171584347,2024-02-08
c0013,35.604613,10.673736,-0.6617378067139779,2024-02-09
c0013,35.604613,10.673736,-0.2679460403237006,2024-02-10
c0013,35.604613,10.673736,0.1072944165065722,2024-02-11
c0013,35.604613,10.673736,-1.0961641507618742,2024-02-12
c0013,35.604613,10.673736,-1.072577619951131,2024-02-13
c0013,35.604613,10.673736,-0.1459577182499637,2024-02-14
c0013,35.604613,10.673736,0.1904021469527073,2024-02-15
c0013,35.604613,10.673736,0.282998474699427,2024-02-16
c0013,35.604613,10.673736,-0.6967946060255491,2024-02-17
c0013,35.604613,10.673736,-0.2511524094244669,2024-02-18
c0013,35.604613,10.673736,-0.5628875849416259,2024-02-19
c0013,35.604613,10.673736,-0.0091109006528837,2024-02-20
c0013,35.604613,10.673736,-0.045088588745663,2024-02-21
c0013,35.604613,10.673736,-0.155254857535054,2024-02-22
c0013,35.604613,10.673736,-0.7549474637164573,2024-02-23
c0013,35.604613,10.673736,-0.9728183695006302,2024-02-24
c0013,35.604613,10.673736,-0.6140450703851101,2024-02-25
c0013,35.604613,10.673736,0.0409732266247994,2024-02-26
c0013,35.604613,10.673736,-0.3739582825318157,2024-02-27
c0013,35.604613,10.673736,-0.3548310561438729,2024-02-28
c0013,35.604613,10.673736,-1.079895148945702,2024-02-29
c0013,35.604613,10.673736,-0.8225566782989044,2024-03-01
c0013,35.604613,10.673736,0.4502174354049761,2024-03-02
c0013,35.604613,10.673736,1.1423294666915238,2024-03-03
c0013,35.604613,10.673736,0.1349869796395601,2024-03-04
c0013,35.604613,10.673736,-1.027068620797526,2024-03-05
c0013,35.604613,10.673736,-0.0385178220303645,2024-03-06
c0013,35.604613,10.673736,0.2198651496996795,2024-03-07
c0013,35.604613,10.673736,1.2264532630800078,2024-03-08
c0013,35.604613,10.673736,0.8839031921335337,2024-03-09
c0013,35.604613,10.673736,0.2235210451702556,2024-03-10
c0013,35.604613,10.673736,-0.7032489000737344,2024-03-11
c0013,35.604613,10.673736,-0.4490608000425291,2024-03-12
c0013,35.604613,10.673736,0.2740355439459596,2024-03-13
c0013,35.604613,10.673736,0.0481237378358085,2024-03-14
c0013,35.604613,10.673736,-0.2379706877392428,2024-03-15
c0013,35.604613,10.673736,0.062867918727871,2024-03-16
c0013,35.604613,10.673736,-0.3133283660618667,2024-03-17
c0013,35.604613,10.673736,0.2398635786921072,2024-03-18
c0013,35.604613,10.673736,0.2552189983084793,2024-03-19
c0013,35.604613,10.673736,1.1270852044830195,2024-03-20
c0013,35.604613,10.673736,0.2096154867255946,2024-03-21
c0013,35.604613,10.673736,-0.8488190931270346,2024-03-22
c0013,35.604613,10.673736,0.1163088466502249,2024-03-23
c0013,35.604613,10.673736,0.7840498545863139,2024-03-24
c0013,35.604613,10.673736,0.1976120189710135,2024-03-25
c0013,35.604613,10.673736,1.53865868547159,2024-03-26
c0013,35.604613,10.673736,0.7774256346678882,2024-03-27
c0013,35.604613,10.673736,0.7837923960081075,2024-03-28
c0013,35.604613,10.673736,1.1670797057456364,2024-03-29
c0013,35.604613,10.673736,1.1287955258798383,2024-03-30
c0013,35.604613,10.673736,0.8191778259249501,2024-03-31
c0013,35.604613,10.673736,0.4628337188757266,2024-04-01
c0013,35.604613,10.673736,0.1385501338565867,2024-04-02
c0013,35.604613,10.673736,0.207454720928466,2024-04-03
c0013,35.604613,10.673736,0.302576159351646,2024-04-04
c0013,35.604613,10.673736,0.468373869149,2024-04-05
c0013,35.604613,10.673736,0.3366564884673329,2024-04-06
c0013,35.604613,10.673736,0.1828200544830155,2024-04-07
c0013,35.604613,10.673736,0.4857917174048364,2024-04-08
c0013,35.604613,10.673736,0.3176457821840879,2024-04-09
c0013,35.604613,10.673736,0.4496280700324555,2024-04-10
c0013,35.604613,10.673736,-0.5250345723209223,2024-04-11
c0013,35.604613,10.673736,-0.8952833578879089,2024-04-12
c0013,35.604613,10.673736,-0.0136132452895628,2024-04-13
c0013,35.604613,10.673736,0.7661754714640905,2024-04-14
c0013,35.604613,10.673736,2.385373001493311,2024-04-15
c0013,35.604613,10.673736,0.6239626473400304,2024-04-16
c0013,35.604613,10.673736,-0.3368073460893858,2024-04-17
c0013,35.604613,10.673736,-0.417913239543772,2024-04-18
c0013,35.604613,10.673736,0.3609205781126416,2024-04-19
c0013,35.604613,10.673736,0.070427402683452,2024-04-20
c0013,35.604613,10.673736,0.544117714838825,2024-04-21
c0013,35.604613,10.673736,0.8411473526951886,2024-04-22
c0013,35.604613,10.673736,-0.7263602677904206,2024-04-23
c0013,35.604613,10.673736,-0.5459434255070356,2024-04-24
c0013,35.604613,10.673736,0.3194528160246721,2024-04-25
c0013,35.604613,10.673736,-0.4804252571761855,2024-04-26
c0013,35.604613,10.673736,0.9041970091479596,2024-04-27
c0013,35.604613,10.673736,0.5774200373105615,2024-04-28
c0013,35.604613,10.673736,0.728844121031807,2024-04-29
c0013,35.604613,10.673736,-0.2516411358700721,2024-04-30
c0013,35.604613,10.673736,0.2737208210124746,2024-05-01
c0013,35.604613,10.673736,0.5219452224679737,2024-05-02
c0013,35.604613,10.673736,0.0849288758639317,2024-05-03
c0013,35.604613,10.673736,0.2047973573095303,2024-05-04
c0013,35.604613,10.673736,0.4076697618456397,2024-05-05
c0013,35.604613,10.673736,0.9748584038646946,2024-05-06
c0013,35.604613,10.673736,1.0520065533320635,2024-05-07
c0013,35.604613,10.673736,-0.8931469648342836,2024-05-08
c0013,35.604613,10.673736,-0.6001854769581987,2024-05-09
c0013,35.604613,10.673736,-0.6963742672517674,2024-05-10
c0013,35.604613,10.673736,0.5570761772545841,2024-05-13
c0013,35.604613,10.673736,0.2349258922136062,2024-05-14
c0013,35.604613,10.673736,1.2807351781870435,2024-05-15
c0013,35.604613,10.673736,0.7777792542356405,2024-05-16
c0013,35.604613,10.673736,0.641966483738537,2024-05-17
c0013,35.604613,10.673736,0.7852667797594779,2024-05-18
c0013,35.604613,10.673736,0.9902809897123958,2024-05-19
c0013,35.604613,10.673736,0.5466865388752734,2024-05-20
c0013,35.604613,10.673736,0.2481656816764522,2024-05-21
c0013,35.604613,10.673736,0.8626907318953226,2024-05-22
c0013,35.604613,10.673736,-0.037088189474072,2024-05-23
c0013,35.604613,10.673736,0.6097625354958629,2024-05-24
c0013,35.604613,10.673736,0.5243403963425652,2024-05-25
c0013,35.604613,10.673736,0.3431207599310038,2024-05-26
c0013,35.604613,10.673736,0.4277402809685542,2024-05-27
c0013,35.604613,10.673736,1.218504761693973,2024-05-28
c0013,35.604613,10.673736,0.4552148194123869,2024-05-29
c0013,35.604613,10.673736,0.4494914078709,2024-05-30
c0013,35.604613,10.673736,0.2865269119761687,2024-05-31
c0013,35.604613,10.673736,0.8146000132239386,2024-06-01
c0013,35.604613,10.673736,1.0012754981748924,2024-06-02
c0013,35.604613,10.673736,-0.0334166345292887,2024-06-03
c0013,35.604613,10.673736,1.3639410330131667,2024-06-04
c0013,35.604613,10.673736,0.1126882334380996,2024-06-05
c0013,35.604613,10.673736,0.3519655745601844,2024-06-06
c0013,35.604613,10.673736,0.8531380363324781,2024-06-07
c0013,35.604613,10.673736,1.3819039517708245,2024-06-08
c0013,35.604613,10.673736,-0.6262073735502948,2024-06-09
c0013,35.604613,10.673736,0.9420658213098576,2024-06-10
c0013,35.604613,10.673736,1.1631172898577251,2024-06-11
c0013,35.604613,10.673736,0.449047332664648,2024-06-12
c0013,35.604613,10.673736,1.0802436319862585,2024-06-13
c0013,35.604613,10.673736,0.5742075768257301,2024-06-14
c0013,35.604613,10.673736,2.1062760059885344,2024-06-15
c0013,35.604613,10.673736,-0.3397500458225626,2024-06-16
c0013,35.604613,10.673736,0.7756872192044366,2024-06-17
c0013,35.604613,10.673736,1.5174059967410176,2024-06-18
c0013,35.604613,10.673736,3.442785496265478,2024-06-19
c0013,35.604613,10.673736,2.6520934434284302,2024-06-20
c0013,35.604613,10.673736,1.8919459808478225,2024-06-21
c0013,35.604613,10.673736,1.5306848311653185,2024-06-22
c0013,35.604613,10.673736,0.750062419067404,2024-06-23
c0013,35.604613,10.673736,-0.2084071932468304,2024-06-24
c0013,35.604613,10.673736,0.6425513243200109,2024-06-25
c0013,35.604613,10.673736,0.2588815501718075,2024-06-26
c0013,35.604613,10.673736,2.307034997402713,2024-06-27
c0013,35.604613,10.673736,2.87090567668984,2024-06-28
c0013,35.604613,10.673736,2.6806639529028713,2024-06-29
c0013,35.604613,10.673736,2.113670067967139,2024-06-30
c0013,35.604613,10.673736,1.8799235137402297,2024-07-01
c0013,35.604613,10.673736,0.2114253342662852,2024-07-02
c0013,35.604613,10.673736,0.214552066300702,2024-07-03
c0013,35.604613,10.673736,0.6156453095777813,2024-07-04
c0013,35.604613,10.673736,0.8255908779869354,2024-07-05
c0013,35.604613,10.673736,3.2170503909004493,2024-07-06
c0013,35.604613,10.673736,1.2272583453854973,2024-07-07
c0013,35.604613,10.673736,1.003469664220395,2024-07-08
c0013,35.604613,10.673736,2.13554704970478,2024-07-09
c0013,35.604613,10.673736,1.618894203402114,2024-07-10
c0013,35.604613,10.673736,0.7108063883864367,2024-07-11
c0013,35.604613,10.673736,0.3394232149254145,2024-07-12
c0013,35.604613,10.673736,0.8226129011802584,2024-07-13
c0013,35.604613,10.673736,2.0247323751443145,2024-07-14
c0013,35.604613,10.673736,1.389211773054086,2024-07-15
c0013,35.604613,10.673736,1.4421171228214331,2024-07-16
c0013,35.604613,10.673736,1.3624815599186346,2024-07-17
c0013,35.604613,10.673736,0.4788867951005496,2024-07-18
c0013,35.604613,10.673736,0.665532902993306,2024-07-19
c0013,35.604613,10.673736,1.1807874018417386,2024-07-20
c0013,35.604613,10.673736,1.368479147578869,2024-07-21
c0013,35.604613,10.673736,0.8517882007260963,2024-07-22
c0013,35.604613,10.673736,0.0473551841596187,2024-07-23
c0013,35.604613,10.673736,0.4728489338845343,2024-07-24
c0013,35.604613,10.673736,0.5806287140216327,2024-07-25
c0013,35.604613,10.673736,0.112834579722445,2024-07-28
c0013,35.604613,10.673736,0.3037046098886547,2024-07-29
c0013,35.604613,10.673736,0.5713070924429696,2024-07-31
c0013,35.604613,10.673736,0.7703118022697752,2024-08-01
c0013,35.604613,10.673736,0.4350110023136768,2024-08-03
c0013,35.604613,10.673736,0.4682328707521983,2024-08-04
c0013,35.604613,10.673736,0.4691501858869182,2024-08-05
c0013,35.604613,10.673736,0.5294564758812128,2024-08-06
c0013,35.604613,10.673736,0.3803412829421286,2024-08-07
c0013,35.604613,10.673736,0.0148233693084053,2024-08-08
c0013,35.604613,10.673736,0.172856281208015,2024-08-09
c0013,35.604613,10.673736,0.2431940345237309,2024-08-10
c0013,35.604613,10.673736,0.4182644964657788,2024-08-11
c0013,35.604613,10.673736,0.5144473385347014,2024-08-12
c0013,35.604613,10.673736,0.6730149996458981,2024-08-13
c0013,35.604613,10.673736,0.9519723328128352,2024-08-14
c0013,35.604613,10.673736,0.603918518789483,2024-08-15
c0013,35.604613,10.673736,1.1312169763702282,2024-08-16
c0013,35.604613,10.673736,,2024-08-17
c0013,35.604613,10.673736,-0.2032908014929642,2024-08-18
c0013,35.604613,10.673736,-0.7324913652604264,2024-08-19
c0013,35.604613,10.673736,0.5229904786158437,2024-08-20
c0013,35.604613,10.673736,0.1539137974996406,2024-08-21
c0013,35.604613,10.673736,0.1917457211941992,2024-08-22
c0013,35.604613,10.673736,0.2009635439438017,2024-08-23
c0013,35.604613,10.673736,-0.2872499030507924,2024-08-24
c0013,35.604613,10.673736,0.2742412466323706,2024-08-25
c0013,35.604613,10.673736,0.2275948533513035,2024-08-26
c0013,35.604613,10.673736,0.4592372484352222,2024-08-27
c0013,35.604613,10.673736,-0.1599022861179639,2024-08-28
c0013,35.604613,10.673736,-0.3958049637480995,2024-08-29
c0013,35.604613,10.673736,0.5427221508273697,2024-08-30
c0013,35.604613,10.673736,0.3378947351284635,2024-08-31
c0013,35.604613,10.673736,0.737947513909927,2024-09-01
c0013,35.604613,10.673736,0.9845337455533056,2024-09-02
c0013,35.604613,10.673736,0.7638367034712987,2024-09-03
c0013,35.604613,10.673736,0.5946741150053448,2024-09-04
c0013,35.604613,10.673736,-0.1742349241128812,2024-09-05
c0013,35.604613,10.673736,0.7856424863230566,2024-09-06
c0013,35.604613,10.673736,0.2885720063472314,2024-09-07
c0013,35.604613,10.673736,-0.2444902184711418,2024-09-08
c0013,35.604613,10.673736,-0.2364529005136679,2024-09-09
c0013,35.604613,10.673736,0.3050373346271942,2024-09-10
c0013,35.604613,10.673736,0.2448868241841837,2024-09-11
c0013,35.604613,10.673736,0.3553098925614637,2024-09-12
c0013,35.604613,10.673736,-0.1821924985033972,2024-09-13
c0013,35.604613,10.673736,-1.171171459013989,2024-09-14
c0013,35.604613,10.673736,1.5783646106103832,2024-09-15
c0013,35.604613,10.673736,0.4968224668455583,2024-09-16
c0013,35.604613,10.673736,0.3122976695025857,2024-09-17
c0013,35.604613,10.673736,-1.092988301639694,2024-09-18
c0013,35.604613,10.673736,-1.433437070299279,2024-09-19
c0013,35.604613,10.673736,-0.469043100059295,2024-09-20
c0013,35.604613,10.673736,0.0368303631194804,2024-09-21
c0013,35.604613,10.673736,-0.0451213976019995,2024-09-22
c0013,35.604613,10.673736,-0.9274774221555644,2024-09-23
c0013,35.604613,10.673736,,2024-09-24
c0013,35.604613,10.673736,-1.323129258781165,2024-09-25
c0013,35.604613,10.673736,0.4480255646342869,2024-09-26
c0013,35.604613,10.673736,0.4278191108534496,2024-09-27
c0013,35.604613,10.673736,0.242564090758368,2024-09-28
c0013,35.604613,10.673736,0.2130139476727144,2024-09-29
c0013,35.604613,10.673736,0.1169949444326448,2024-09-30
c0013,35.604613,10.673736,0.6451826375425296,2024-10-01
c0013,35.604613,10.673736,0.979139339721763,2024-10-02
c0013,35.604613,10.673736,-0.2330972200099235,2024-10-03
c0013,35.604613,10.673736,-0.8778441286410097,2024-10-04
c0013,35.604613,10.673736,-0.2472646580209056,2024-10-05
c0013,35.604613,10.673736,-0.5961689902681939,2024-10-06
c0013,35.604613,10.673736,0.024705889324178,2024-10-07
c0013,35.604613,10.673736,1.152675536634317,2024-10-08
c0013,35.604613,10.673736,-0.5241962154180874,2024-10-09
c0013,35.604613,10.673736,-0.8082783196352036,2024-10-10
c0013,35.604613,10.673736,-0.5321712049451094,2024-10-11
c0013,35.604613,10.673736,0.4873632976534972,2024-10-12
c0013,35.604613,10.673736,0.2606979502745226,2024-10-13
c0013,35.604613,10.673736,1.0344990490796877,2024-10-14
c0013,35.604613,10.673736,0.3719077486232751,2024-10-15
c0013,35.604613,10.673736,-0.8600995348643706,2024-10-16
c0013,35.604613,10.673736,0.3545068465167155,2024-10-17
c0013,35.604613,10.673736,-0.031001320493152,2024-10-18
c0013,35.604613,10.673736,0.0927537037566851,2024-10-19
c0013,35.604613,10.673736,-0.5133888428715883,2024-10-20
c0013,35.604613,10.673736,-1.4850238946393306,2024-10-21
c0013,35.604613,10.673736,-1.4467220648179844,2024-10-22
c0013,35.604613,10.673736,-0.0152169010801174,2024-10-23
c0013,35.604613,10.673736,-0.0093475174311306,2024-10-24
c0013,35.604613,10.673736,,2024-10-25
c0013,35.604613,10.673736,-0.7018070445975635,2024-10-26
c0013,35.604613,10.673736,-0.6380750762119374,2024-10-27
c0013,35.604613,10.673736,0.6864710092316584,2024-10-28
c0013,35.604613,10.673736,0.4765064273167901,2024-10-29
c0013,35.604613,10.673736,0.3619301810531104,2024-10-30
c0013,35.604613,10.673736,-0.2043636489035213,2024-10-31
c0013,35.604613,10.673736,0.4757095168896212,2024-11-02
c0013,35.604613,10.673736,0.1643801412980289,2024-11-03
c0013,35.604613,10.673736,0.2529369434836894,2024-11-04
c0013,35.604613,10.673736,0.0234785842497582,2024-11-05
c0013,35.604613,10.673736,-0.5846779812286493,2024-11-06
c0013,35.604613,10.673736,-0.3417129946885817,2024-11-07
c0013,35.604613,10.673736,-0.1586019209456505,2024-11-08
c0013,35.604613,10.673736,0.3023696643729522,2024-11-09
c0013,35.604613,10.673736,-0.6548577451226405,2024-11-10
c0013,35.604613,10.673736,-0.45605504247699,2024-11-11
c0013,35.604613,10.673736,,2024-11-12
c0013,35.604613,10.673736,0.1831787589362978,2024-11-13
c0013,35.604613,10.673736,0.4491607704481909,2024-11-14
c0013,35.604613,10.673736,1.093731409610447,2024-11-15
c0013,35.604613,10.673736,-0.4203718708934906,2024-11-16
c0013,35.604613,10.673736,0.2780931121369791,2024-11-17
c0013,35.604613,10.673736,0.2061178510933901,2024-11-18
c0013,35.604613,10.673736,0.7614760001893126,2024-11-19
c0013,35.604613,10.673736,0.1845986083331287,2024-11-20
c0013,35.604613,10.673736,-0.3076861506799364,2024-11-21
c0013,35.604613,10.673736,,2024-11-22
c0013,35.604613,10.673736,-0.2309347229478542,2024-11-23
c0013,35.604613,10.673736,-0.0101288489740527,2024-11-24
c0013,35.604613,10.673736,-0.1710061187355276,2024-11-25
c0013,35.604613,10.673736,-0.0454790229989572,2024-11-26
c0013,35.604613,10.673736,-0.5605360926120214,2024-11-27
c0013,35.604613,10.673736,0.6111356884348298,2024-11-28
c0013,35.604613,10.673736,0.8396549280779835,2024-11-29
c0013,35.604613,10.673736,-0.3761936864520407,2024-11-30
c0013,35.604613,10.673736,-0.7760214225549874,2024-12-01
c0013,35.604613,10.673736,-0.7466346354708648,2024-12-02
c0013,35.604613,10.673736,,2024-12-03
c0013,35.604613,10.673736,0.5940234069372716,2024-12-04
c0013,35.604613,10.673736,0.3065935960667416,2024-12-05
c0013,35.604613,10.673736,-0.1605927948684062,2024-12-06
c0013,35.604613,10.673736,-1.3451732433715504,2024-12-07
c0013,35.604613,10.673736,-0.7527259530939966,2024-12-08
c0013,35.604613,10.673736,0.01395026288593,2024-12-09
c0013,35.604613,10.673736,0.6441872010735901,2024-12-10
c0013,35.604613,10.673736,0.226481383340571,2024-12-11
c0013,35.604613,10.673736,-0.2515310126421815,2024-12-12
c0013,35.604613,10.673736,-0.6453658712712137,2024-12-13
c0013,35.604613,10.673736,-0.0897338765296417,2024-12-14
c0013,35.604613,10.673736,0.2192699665618494,2024-12-15
c0013,35.604613,10.673736,-0.3111575419546391,2024-12-16
c0013,35.604613,10.673736,-0.4276588291825703,2024-12-17
c0013,35.604613,10.673736,-0.1247162977377612,2024-12-18
c0013,35.604613,10.673736,0.1136843561607383,2024-12-19
c0013,35.604613,10.673736,0.148079998875687,2024-12-20
c0013,35.604613,10.673736,0.1507935018752079,2024-12-21
c0013,35.604613,10.673736,-0.3855385854163255,2024-12-22
c0013,35.604613,10.673736,-0.8510841398384423,2024-12-23
c0013,35.604613,10.673736,-0.04148590878407,2024-12-24
c0013,35.604613,10.673736,-0.3906116374862072,2024-12-25
c0013,35.604613,10.673736,-0.0885257895544045,2024-12-26
c0013,35.604613,10.673736,-0.7091541635880426,2024-12-27
c0013,35.604613,10.673736,-0.4608633624411473,2024-12-28
c0013,35.604613,10.673736,-0.5337222996509118,2024-12-29
c0013,35.604613,10.673736,-0.1828604393073018,2024-12-30
c0013,35.604613,10.673736,0.2004296839025762,2025-01-01
c0013,35.604613,10.673736,-0.8658301471969816,2025-01-02
c0013,35.604613,10.673736,-0.6526888644792777,2025-01-03
c0013,35.604613,10.673736,-0.5890644827239799,2025-01-04
c0013,35.604613,10.673736,0.2357416454078959,2025-01-05
c0013,35.604613,10.673736,0.1922692541572691,2025-01-06
c0013,35.604613,10.673736,0.0532618843668658,2025-01-07
c0013,35.604613,10.673736,-0.0063892593908965,2025-01-08
c0013,35.604613,10.673736,-0.1981955733493177,2025-01-09
c0013,35.604613,10.673736,-0.0819544337842399,2025-01-10
c0013,35.604613,10.673736,0.1207240120350691,2025-01-11
c0013,35.604613,10.673736,-0.2091692483994408,2025-01-12
c0013,35.604613,10.673736,-0.5966365868458609,2025-01-13
c0013,35.604613,10.673736,-0.910483842086947,2025-01-14
c0013,35.604613,10.673736,-0.2847451160374492,2025-01-15
c0013,35.604613,10.673736,0.0193650272325087,2025-01-16
c0013,35.604613,10.673736,-0.4959752123519618,2025-01-17
c0013,35.604613,10.673736,-0.8381680907383868,2025-01-18
c0013,35.604613,10.673736,-0.4096538899049612,2025-01-19
c0013,35.604613,10.673736,-0.1600212417577245,2025-01-20
c0013,35.604613,10.673736,0.0781601601151656,2025-01-21
c0013,35.604613,10.673736,0.1239254122744339,2025-01-22
c0013,35.604613,10.673736,0.1569924038729641,2025-01-23
c0013,35.604613,10.673736,0.1639256010649634,2025-01-24
c0013,35.604613,10.673736,-0.9035922614065864,2025-01-25
c0013,35.604613,10.673736,-0.0902837158195789,2025-01-26
c0013,35.604613,10.673736,0.3562936073356219,2025-01-27
c0013,35.604613,10.673736,0.2852576337272612,2025-01-28
c0013,35.604613,10.673736,-0.5039940694064283,2025-01-29
c0013,35.604613,10.673736,-0.6276028630645935,2025-01-30
c0013,35.604613,10.673736,-0.4745752752337377,2025-01-31
c0013,35.604613,10.673736,1.8498815443758296,2025-02-01
c0013,35.604613,10.673736,0.1629890806501192,2025-02-02
c0013,35.604613,10.673736,-0.5326407897371856,2025-02-03
c0013,35.604613,10.673736,-1.0454261366398774,2025-02-04
c0013,35.604613,10.673736,-1.312000674115087,2025-02-05
c0013,35.604613,10.673736,0.1735800481817885,2025-02-06
c0013,35.604613,10.673736,-0.2185418698057523,2025-02-07
c0013,35.604613,10.673736,-0.4250828472106267,2025-02-08
c0013,35.604613,10.673736,-0.4462781879814019,2025-02-09
c0013,35.604613,10.673736,-0.7835041745644715,2025-02-10
c0013,35.604613,10.673736,-0.7069514153330365,2025-02-11
c0013,35.604613,10.673736,-0.0048693102912359,2025-02-12
c0013,35.604613,10.673736,-0.2183269928081669,2025-02-13
c0013,35.604613,10.673736,-0.4282338899559801,2025-02-14
c0013,35.604613,10.673736,-1.2683995306878504,2025-02-15
c0013,35.604613,10.673736,-0.0469723993342804,2025-02-16
c0013,35.604613,10.673736,0.094735155570781,2025-02-17
c0013,35.604613,10.673736,-0.0844930710159275,2025-02-18
c0013,35.604613,10.673736,-0.2406983284805464,2025-02-19
c0013,35.604613,10.673736,-0.6252473899510173,2025-02-20
c0013,35.604613,10.673736,-0.8928964857798104,2025-02-21
c0013,35.604613,10.673736,0.0323726752453475,2025-02-22
c0013,35.604613,10.673736,-0.0362896067965062,2025-02-23
c0013,35.604613,10.673736,-0.2793922304118045,2025-02-24
c0013,35.604613,10.673736,-0.7133548396020574,2025-02-25
c0013,35.604613,10.673736,-1.3309311159164576,2025-02-26
c0013,35.604613,10.673736,-0.2165121586367286,2025-02-27
c0013,35.604613,10.673736,0.0154166195506364,2025-02-28
c0013,35.604613,10.673736,-0.2472719161462207,2025-03-01
c0013,35.604613,10.673736,1.4476364532242765,2025-03-02
c0013,35.604613,10.673736,-0.4103049243563336,2025-03-03
c0013,35.604613,10.673736,-0.3019632044262962,2025-03-04
c0013,35.604613,10.673736,0.0977429548156877,2025-03-05
c0013,35.604613,10.673736,0.0272261741006437,2025-03-06
c0013,35.604613,10.673736,-0.1417986190012063,2025-03-07
c0013,35.604613,10.673736,-0.4293943368038222,2025-03-08
c0013,35.604613,10.673736,0.1587712693661576,2025-03-09
c0013,35.604613,10.673736,0.8170193840194591,2025-03-10
c0013,35.604613,10.673736,0.4234744513901279,2025-03-11
c0013,35.604613,10.673736,-0.108554338202866,2025-03-12
c0013,35.604613,10.673736,0.2944590653563878,2025-03-13
c0013,35.604613,10.673736,-0.6459976375958296,2025-03-14
c0013,35.604613,10.673736,1.3092286214635371,2025-03-15
c0013,35.604613,10.673736,0.0787658206849838,2025-03-16
c0013,35.604613,10.673736,0.2438676009952177,2025-03-17
c0013,35.604613,10.673736,0.3851979601191952,2025-03-18
c0013,35.604613,10.673736,-0.7943609765747935,2025-03-19
c0013,35.604613,10.673736,-0.2953467298036645,2025-03-20
c0013,35.604613,10.673736,0.8871196692421793,2025-03-21
c0013,35.604613,10.673736,1.2051575420618468,2025-03-22
c0013,35.604613,10.673736,0.1760741930319573,2025-03-24
c0013,35.604613,10.673736,-0.5262442905491829,2025-03-25
c0013,35.604613,10.673736,-0.1361319449722134,2025-03-26
c0013,35.604613,10.673736,-0.6486597852045193,2025-03-27
c0013,35.604613,10.673736,-0.3077503457194322,2025-03-28
c0013,35.604613,10.673736,-0.1741768052840913,2025-03-29
c0013,35.604613,10.673736,-0.873349323752214,2025-03-30
c0013,35.604613,10.673736,-0.7410684333060017,2025-03-31
c0013,35.604613,10.673736,0.2808381645263847,2025-04-01
c0013,35.604613,10.673736,0.108448863690134,2025-04-02
c0013,35.604613,10.673736,0.3720219899519422,2025-04-03
c0013,35.604613,10.673736,0.1006592694916316,2025-04-04
c0013,35.604613,10.673736,0.0163120723599285,2025-04-05
c0013,35.604613,10.673736,-0.4055241615402653,2025-04-06
c0013,35.604613,10.673736,-0.3098196328083392,2025-04-07
c0013,35.604613,10.673736,-0.4685490149366202,2025-04-08
c0013,35.604613,10.673736,-0.3828130929845872,2025-04-09
c0013,35.604613,10.673736,0.1783650952734123,2025-04-10
c0013,35.604613,10.673736,0.4648554444547935,2025-04-11
c0013,35.604613,10.673736,1.1910637498185823,2025-04-12
c0013,35.604613,10.673736,-0.3847217300467861,2025-04-13
c0013,35.604613,10.673736,-0.6279888484415026,2025-04-14
c0013,35.604613,10.673736,-0.4017942408889051,2025-04-15
c0013,35.604613,10.673736,0.0397628711363076,2025-04-16
c0013,35.604613,10.673736,0.129548270990683,2025-04-17
c0013,35.604613,10.673736,0.2521584577407873,2025-04-18
c0013,35.604613,10.673736,0.3738957815641682,2025-04-19
c0013,35.604613,10.673736,0.4880575100050071,2025-04-20
c0013,35.604613,10.673736,-0.802515310988385,2025-04-21
c0013,35.604613,10.673736,0.0623669357662187,2025-04-22
c0013,35.604613,10.673736,0.0309796007591952,2025-04-23
c0013,35.604613,10.673736,0.4105636153303917,2025-04-24
c0013,35.604613,10.673736,0.2170894536847141,2025-04-25
c0013,35.604613,10.673736,-0.6625722421034259,2025-04-26
c0013,35.604613,10.673736,-0.2457175216542347,2025-04-27
c0013,35.604613,10.673736,-0.2062670013908095,2025-04-28
c0013,35.604613,10.673736,-0.1920716451045275,2025-04-29
c0013,35.604613,10.673736,-0.1274238177427925,2025-04-30
c0013,35.604613,10.673736,-0.0161581305115646,2025-05-01
c0013,35.604613,10.673736,0.2942466289039962,2025-05-02
c0013,35.604613,10.673736,0.4699913659584037,2025-05-03
c0013,35.604613,10.673736,-0.2705523597424301,2025-05-04
c0013,35.604613,10.673736,-0.0476157259167107,2025-05-06
c0013,35.604613,10.673736,-0.6105259502362681,2025-05-07
c0013,35.604613,10.673736,-0.1964197845753175,2025-05-08
c0013,35.604613,10.673736,0.2248576182406668,2025-05-09
c0013,35.604613,10.673736,0.3792500872452407,2025-05-10
c0013,35.604613,10.673736,0.0630672276052317,2025-05-11
c0013,35.604613,10.673736,-0.3860518927930476,2025-05-12
c0013,35.604613,10.673736,0.1040994723764687,2025-05-13
c0013,35.604613,10.673736,-0.0632813612710382,2025-05-14
c0013,35.604613,10.673736,0.5584295886768448,2025-05-15
c0013,35.604613,10.673736,-0.9772717157542532,2025-05-16
c0013,35.604613,10.673736,-0.5624589189683066,2025-05-17
c0013,35.604613,10.673736,0.4050103225438374,2025-05-18
c0013,35.604613,10.673736,0.8158513065326353,2025-05-19
c0013,35.604613,10.673736,0.9690386674819118,2025-05-20
c0013,35.604613,10.673736,0.8226681651117037,2025-05-21
c0013,35.604613,10.673736,,2025-05-22
c0013,35.604613,10.673736,0.0081394278044551,2025-05-23
c0013,35.604613,10.673736,-0.6159297603367199,2025-05-24
c0013,35.604613,10.673736,0.0831962016543484,2025-05-25
c0013,35.604613,10.673736,0.4260356604227746,2025-05-26
c0013,35.604613,10.673736,0.287292155200866,2025-05-27
c0013,35.604613,10.673736,0.116963340301154,2025-05-28
c0013,35.604613,10.673736,0.3777869995421084,2025-05-29
c0013,35.604613,10.673736,0.1456752701540432,2025-05-30
c0013,35.604613,10.673736,0.3316156761714522,2025-05-31
c0013,35.604613,10.673736,0.1942623180727235,2025-06-01
c0013,35.604613,10.673736,0.2881687580900484,2025-06-02
c0013,35.604613,10.673736,-0.0080316010114971,2025-06-03
c0013,35.604613,10.673736,0.322385632545039,2025-06-04
c0013,35.604613,10.673736,2.296733127268886,2025-06-05
c0013,35.604613,10.673736,1.1044474970275162,2025-06-06
c0013,35.604613,10.673736,0.9744864672817448,2025-06-07
c0013,35.604613,10.673736,0.8044369116681173,2025-06-08
c0013,35.604613,10.673736,0.3578897569035624,2025-06-09
c0013,35.604613,10.673736,0.4530376378061623,2025-06-10
c0013,35.604613,10.673736,0.3613333436265085,2025-06-11
c0013,35.604613,10.673736,0.2210660038044282,2025-06-12
c0013,35.604613,10.673736,-0.0624601881045088,2025-06-13
c0013,35.604613,10.673736,0.2101923562389872,2025-06-14
c0013,35.604613,10.673736,0.1588344628999358,2025-06-15
c0013,35.604613,10.673736,0.6647917889003944,2025-06-16
c0013,35.604613,10.673736,0.6060360896495932,2025-06-17
c0013,35.604613,10.673736,0.1434187508323466,2025-06-18
c0013,35.604613,10.673736,-0.4031286628241557,2025-06-19
c0013,35.604613,10.673736,-0.1317717032906375,2025-06-20
c0013,35.604613,10.673736,0.2856720197991412,2025-06-21
c0013,35.604613,10.673736,0.1953444013151738,2025-06-22
c0013,35.604613,10.673736,0.1233090438978931,2025-06-23
c0013,35.604613,10.673736,-0.1373074474943943,2025-06-24
c0013,35.604613,10.673736,0.2524705685416971,2025-06-25
c0013,35.604613,10.673736,0.3630108140319328,2025-06-26
c0013,35.604613,10.673736,0.6495332272167863,2025-06-27
c0013,35.604613,10.673736,0.4165505106721785,2025-06-28
c0013,35.604613,10.673736,0.087088553050144,2025-06-29
c0013,35.604613,10.673736,0.2651638887007219,2025-06-30
c0013,35.604613,10.673736,0.1249722562437455,2025-07-01
c0013,35.604613,10.673736,0.4424637470223077,2025-07-02
c0013,35.604613,10.673736,-0.0109978554094434,2025-07-03
c0013,35.604613,10.673736,-0.1723426667623812,2025-07-04
c0013,35.604613,10.673736,-0.4151952809051446,2025-07-05
c0013,35.604613,10.673736,0.1279159820617995,2025-07-06
c0013,35.604613,10.673736,0.3641291091911547,2025-07-07
c0013,35.604613,10.673736,0.7567167774484659,2025-07-08
c0013,35.604613,10.673736,0.1460968603110325,2025-07-09
c0013,35.604613,10.673736,0.0647295328584778,2025-07-10
c0013,35.604613,10.673736,0.3547017240073542,2025-07-11
c0013,35.604613,10.673736,0.6194298140315525,2025-07-12
c0013,35.604613,10.673736,0.9479319987420854,2025-07-13
c0013,35.604613,10.673736,2.309563714779775,2025-07-14
c0013,35.604613,10.673736,0.1405240010311231,2025-07-15
c0013,35.604613,10.673736,0.8192282068886696,2025-07-16
c0013,35.604613,10.673736,0.2050834889482274,2025-07-17
c0013,35.604613,10.673736,0.5802842509835352,2025-07-18
c0013,35.604613,10.673736,0.3610934552416708,2025-07-19
c0013,35.604613,10.673736,0.6444337252119771,2025-07-20
c0013,35.604613,10.673736,0.5277769757349169,2025-07-21
c0013,35.604613,10.673736,0.8087374902009805,2025-07-22
c0013,35.604613,10.673736,0.9114360279704442,2025-07-23
c0013,35.604613,10.673736,0.9952678827838712,2025-07-24
c0013,35.604613,10.673736,0.1862943765108333,2025-07-25
c0013,35.604613,10.673736,2.619809996291195,2025-07-26
c0013,35.604613,10.673736,0.2781292364042248,2025-07-27
c0013,35.604613,10.673736,0.2784886567855474,2025-07-28
c0013,35.604613,10.673736,0.3639073337997943,2025-07-29
c0013,35.604613,10.673736,0.1445288530045612,2025-07-30
c0013,35.604613,10.673736,0.0661411146885104,2025-07-31
c0013,35.604613,10.673736,1.24344119729838,2025-08-01
c0013,35.604613,10.673736,1.273553995633957,2025-08-02
c0013,35.604613,10.673736,0.5349186780935508,2025-08-03
c0013,35.604613,10.673736,0.4559671906819549,2025-08-04
c0013,35.604613,10.673736,0.3785923478110546,2025-08-05
c0013,35.604613,10.673736,0.0435229256370237,2025-08-06
c0013,35.604613,10.673736,0.2169675657251413,2025-08-07
c0013,35.604613,10.673736,0.3234760636673684,2025-08-08
c0013,35.604613,10.673736,0.0783977059509061,2025-08-09
c0013,35.604613,10.673736,-0.306885910757128,2025-08-10
c0013,35.604613,10.673736,-0.3824850391809016,2025-08-11
c0013,35.604613,10.673736,0.0249331938593317,2025-08-12
c0013,35.604613,10.673736,0.1120666226516333,2025-08-13
c0013,35.604613,10.673736,0.041709134220672,2025-08-14
c0013,35.604613,10.673736,-0.3424871612437937,2025-08-15
c0013,35.604613,10.673736,-1.4634512174373766,2025-08-16
c0013,35.604613,10.673736,0.8535039101663938,2025-08-17
c0013,35.604613,10.673736,-0.0460795615225067,2025-08-18
c0013,35.604613,10.673736,0.7368222430805121,2025-08-19
c0013,35.604613,10.673736,1.2093903591482225,2025-08-20
c0013,35.604613,10.673736,0.7222428522493953,2025-08-21
c0013,35.604613,10.673736,0.5489439067044125,2025-08-22
c0013,35.604613,10.673736,0.6544130912188281,2025-08-23
c0013,35.604613,10.673736,0.7674457199995366,2025-08-24
c0013,35.604613,10.673736,0.6480174597892153,2025-08-25
c0013,35.604613,10.673736,0.6427740933107747,2025-08-26
c0013,35.604613,10.673736,1.170422287398169,2025-08-27
c0013,35.604613,10.673736,1.4395132271632038,2025-08-28
c0013,35.604613,10.673736,-0.0235846210242123,2025-08-29
c0013,35.604613,10.673736,0.727075072398768,2025-08-30
c0013,35.604613,10.673736,0.3194617899047974,2025-08-31
c0013,35.604613,10.673736,0.4022330835767514,2025-09-01
c0013,35.604613,10.673736,0.1886055393345949,2025-09-02
c0013,35.604613,10.673736,0.56279807783827,2025-09-03
c0013,35.604613,10.673736,0.5742572924601529,2025-09-04
c0013,35.604613,10.673736,0.4474632647326008,2025-09-05
c0013,35.604613,10.673736,0.2407967352795263,2025-09-06
c0013,35.604613,10.673736,0.505830375411635,2025-09-07
c0013,35.604613,10.673736,1.1319601417398584,2025-09-08
c0013,35.604613,10.673736,-0.2865370982513047,2025-09-09
c0013,35.604613,10.673736,-0.8137143977391753,2025-09-10
c0013,35.604613,10.673736,0.2134552737457081,2025-09-11
c0013,35.604613,10.673736,-0.02896780798353,2025-09-12
c0013,35.604613,10.673736,0.2688771138209534,2025-09-13
c0013,35.604613,10.673736,0.2955787316166711,2025-09-14
c0013,35.604613,10.673736,0.3225757675015618,2025-09-15
c0013,35.604613,10.673736,0.0839472496386359,2025-09-16
c0013,35.604613,10.673736,-0.0652122048525766,2025-09-17
c0013,35.604613,10.673736,0.090702375850749,2025-09-18
c0013,35.604613,10.673736,-0.1462344467219967,2025-09-19
c0013,35.604613,10.673736,-0.1582903190255654,2025-09-20
c0013,35.604613,10.673736,-0.4243050953201354,2025-09-21
c0013,35.604613,10.673736,-0.4006126228527027,2025-09-22
c0013,35.604613,10.673736,-1.3460393338324947,2025-09-23
c0013,35.604613,10.673736,-0.0576861006770964,2025-09-24
c0013,35.604613,10.673736,-0.4091946698910134,2025-09-25
c0013,35.604613,10.673736,-0.9294829942737062,2025-09-26
c0013,35.604613,10.673736,-1.0290734574264897,2025-09-27
c0013,35.604613,10.673736,-0.1218328982008535,2025-09-28
c0013,35.604613,10.673736,0.1529837374816795,2025-09-29
c0013,35.604613,10.673736,0.0156702859358337,2025-09-30
c0013,35.604613,10.673736,-0.149026662299358,2025-10-01
c0013,35.604613,10.673736,-1.127880169771692,2025-10-02
c0013,35.604613,10.673736,-1.0571777038283172,2025-10-03
c0013,35.604613,10.673736,0.2007932631705372,2025-10-04
c0013,35.604613,10.673736,0.1071033066689636,2025-10-05
c0013,35.604613,10.673736,-0.0121112387091356,2025-10-06
c0013,35.604613,10.673736,-0.7037086660811155,2025-10-07
c0013,35.604613,10.673736,0.1314205655995984,2025-10-08
c0013,35.604613,10.673736,-1.1243639958470142,2025-10-09
c0013,35.604613,10.673736,0.2997877197953336,2025-10-10
c0013,35.604613,10.673736,0.1008021814375135,2025-10-11
c0013,35.604613,10.673736,-0.5089210382316044,2025-10-12
c0013,35.604613,10.673736,-0.2665697904518365,2025-10-13
c0013,35.604613,10.673736,0.0189239818580696,2025-10-14
c0013,35.604613,10.673736,0.4796558964770794,2025-10-15
c0013,35.604613,10.673736,0.1402252867599096,2025-10-16
c0013,35.604613,10.673736,0.1255143716165204,2025-10-17
c0013,35.604613,10.673736,-1.2726267425248745,2025-10-18
c0013,35.604613,10.673736,-1.027968400010409,2025-10-19
c0013,35.604613,10.673736,0.4394439849526135,2025-10-20
c0013,35.604613,10.673736,0.3175238454372941,2025-10-21
c0013,35.604613,10.673736,,2025-10-22
c0013,35.604613,10.673736,-0.0350400829966592,2025-10-23
c0013,35.604613,10.673736,-0.7467299819009142,2025-10-24
c0013,35.604613,10.673736,0.2516602956721905,2025-10-25
c0013,35.604613,10.673736,0.828202241084229,2025-10-26
c0013,35.604613,10.673736,0.2962976010031081,2025-10-27
c0013,35.604613,10.673736,0.0823077698505613,2025-10-28
c0013,35.604613,10.673736,-0.0371647153753259,2025-10-29
c0013,35.604613,10.673736,-1.0708292160657888,2025-10-30
c0013,35.604613,10.673736,0.4071132441364545,2025-10-31
c0013,35.604613,10.673736,0.1104049809678572,2025-11-01
c0013,35.604613,10.673736,0.1193734302725375,2025-11-02
c0013,35.604613,10.673736,-0.6540237328808801,2025-11-03
c0013,35.604613,10.673736,-0.2278312092399556,2025-11-04
c0013,35.604613,10.673736,0.2324743671546772,2025-11-05
c0013,35.604613,10.673736,0.6921199860301162,2025-11-06
c0013,35.604613,10.673736,0.1641733898711531,2025-11-07
c0013,35.604613,10.673736,-0.1509751516544303,2025-11-08
c0013,35.604613,10.673736,-0.8962929829482997,2025-11-09
c0013,35.604613,10.673736,0.0385521525294606,2025-11-10
c0013,35.604613,10.673736,0.4418519532150843,2025-11-11
c0013,35.604613,10.673736,0.2593304691145033,2025-11-12
c0013,35.604613,10.673736,0.1560715940665948,2025-11-13
c0013,35.604613,10.673736,-0.4818992778308108,2025-11-14
c0013,35.604613,10.673736,-0.0403566563814593,2025-11-15
c0013,35.604613,10.673736,0.7890626341146189,2025-11-16
c0013,35.604613,10.673736,0.5506348161121781,2025-11-17
c0013,35.604613,10.673736,-0.9843628391193971,2025-11-18
c0013,35.604613,10.673736,-0.037551568352526,2025-11-19
c0013,35.604613,10.673736,0.0574340641670654,2025-11-20
c0013,35.604613,10.673736,0.5202070189535933,2025-11-21
c0013,35.604613,10.673736,0.1491600284528161,2025-11-22
c0013,35.604613,10.673736,-0.2475401853470235,2025-11-23
c0013,35.604613,10.673736,-0.4837986008078296,2025-11-24
c0013,35.604613,10.673736,-0.9453046103487928,2025-11-25
c0013,35.604613,10.673736,0.0839299622228482,2025-11-26
c0013,35.604613,10.673736,0.4843380161255102,2025-11-27
c0013,35.604613,10.673736,0.0096638018429571,2025-11-28
c0013,35.604613,10.673736,0.2396185947868633,2025-11-30
c0013,35.604613,10.673736,-0.6034193189780412,2025-12-01
c0013,35.604613,10.673736,0.4064170527616295,2025-12-02
c0013,35.604613,10.673736,0.3715302004638841,2025-12-03
c0013,35.604613,10.673736,-0.0805743246359992,2025-12-04
c0013,35.604613,10.673736,-0.4157058032689377,2025-12-05
c0013,35.604613,10.673736,0.2929344690546909,2025-12-06
c0013,35.604613,10.673736,0.5057027670593828,2025-12-07
c0013,35.604613,10.673736,0.2187984109247476,2025-12-08
c0013,35.604613,10.673736,-0.3348453148919196,2025-12-09
c0013,35.604613,10.673736,-0.1204809444372342,2025-12-10
c0013,35.604613,10.673736,-0.3121336593239942,2025-12-11
c0013,35.604613,10.673736,0.051379772695909,2025-12-12
c0013,35.604613,10.673736,0.4657978780248251,2025-12-13
c0013,35.604613,10.673736,0.1380110198171333,2025-12-14
c0013,35.604613,10.673736,-0.9864515212312056,2025-12-15
c0013,35.604613,10.673736,0.098522852787033,2025-12-16
c0013,35.604613,10.673736,-0.2806604012857597,2025-12-17
c0013,35.604613,10.673736,0.7325336675823841,2025-12-18
c0013,35.604613,10.673736,-0.0653449841773123,2025-12-22
c0013,35.604613,10.673736,0.3513735545796312,2025-12-23
c0013,35.604613,10.673736,0.3808205740788596,2025-12-24
c0013,35.604613,10.673736,0.0228444638292945,2025-12-25
c0013,35.604613,10.673736,-0.7894934497018725,2025-12-26
c0013,35.604613,10.673736,-0.5900728687246293,2025-12-27
c0013,35.604613,10.673736,0.1206096318787932,2025-12-28
c0013,35.604613,10.673736,0.8310916031528489,2025-12-29
c0013,35.604613,10.673736,0.2261756026041436,2025-12-30
