cell_id,lat_center,lon_center,mean,date
c0025,35.604613,14.270835,-0.8978377894186346,2019-01-01
c0025,35.604613,14.270835,-0.7311622376463814,2019-01-02
c0025,35.604613,14.270835,-1.6270080327927587,2019-01-03
c0025,35.604613,14.270835,-1.6268887369146414,2019-01-04
c0025,35.604613,14.270835,-1.5355084842090856,2019-01-05
c0025,35.604613,14.270835,-0.9272989313974824,2019-01-06
c0025,35.604613,14.270835,-1.3472829372532782,2019-01-07
c0025,35.604613,14.270835,-1.6087714503124064,2019-01-08
c0025,35.604613,14.270835,-1.7361178656988734,2019-01-09
c0025,35.604613,14.270835,-0.9071130290643606,2019-01-10
c0025,35.604613,14.270835,-0.1311815776251547,2019-01-11
c0025,35.604613,14.270835,-0.8892987079105641,2019-01-12
c0025,35.604613,14.270835,-1.3014904443669613,2019-01-13
c0025,35.604613,14.270835,-1.1538799888380746,2019-01-14
c0025,35.604613,14.270835,-1.530577044031563,2019-01-15
c0025,35.604613,14.270835,-1.4696957570701632,2019-01-16
c0025,35.604613,14.270835,-1.1211718076835089,2019-01-17
c0025,35.604613,14.270835,-1.2128675649870553,2019-01-18
c0025,35.604613,14.270835,-1.5762505067243753,2019-01-19
c0025,35.604613,14.270835,-1.8744888655311416,2019-01-20
c0025,35.604613,14.270835,-1.6786820062858712,2019-01-21
c0025,35.604613,14.270835,-0.5799395173071806,2019-01-22
c0025,35.604613,14.270835,-1.0318175714595517,2019-01-23
c0025,35.604613,14.270835,-1.7195589752195457,2019-01-24
c0025,35.604613,14.270835,-1.5209579105151574,2019-01-25
c0025,35.604613,14.270835,-1.310651408710046,2019-01-26
c0025,35.604613,14.270835,-1.1244647633615945,2019-01-27
c0025,35.604613,14.270835,-1.1591789739580376,2019-01-28
c0025,35.604613,14.270835,-1.375870220653582,2019-01-29
c0025,35.604613,14.270835,-1.593909411649476,2019-01-30
c0025,35.604613,14.270835,-2.050645118503495,2019-01-31
c0025,35.604613,14.270835,-1.3033894571700757,2019-02-01
c0025,35.604613,14.270835,-0.8264415796485431,2019-02-02
c0025,35.604613,14.270835,-1.3578933466526617,2019-02-03
c0025,35.604613,14.270835,-0.8562418355453837,2019-02-04
c0025,35.604613,14.270835,-2.1889479000703096,2019-02-05
c0025,35.604613,14.270835,-0.8441545642441134,2019-02-06
c0025,35.604613,14.270835,-0.3252276354195587,2019-02-07
c0025,35.604613,14.270835,-1.6353998714455598,2019-02-08
c0025,35.604613,14.270835,-1.800830038707688,2019-02-09
c0025,35.604613,14.270835,-1.8902954871537545,2019-02-10
c0025,35.604613,14.270835,-1.7478031209886025,2019-02-11
c0025,35.604613,14.270835,-0.7536657643089777,2019-02-12
c0025,35.604613,14.270835,-1.298980228419769,2019-02-13
c0025,35.604613,14.270835,-1.672189266648563,2019-02-14
c0025,35.604613,14.270835,-1.7834728997027762,2019-02-15
c0025,35.604613,14.270835,-1.5468132374453976,2019-02-16
c0025,35.604613,14.270835,-1.9656085828776488,2019-02-17
c0025,35.604613,14.270835,-1.0258303005567415,2019-02-18
c0025,35.604613,14.270835,-1.45853514639878,2019-02-19
c0025,35.604613,14.270835,-1.6619916220999165,2019-02-20
c0025,35.604613,14.270835,-1.5641997979849511,2019-02-21
c0025,35.604613,14.270835,-0.7641303550945393,2019-02-22
c0025,35.604613,14.270835,-1.04573211128116,2019-02-23
c0025,35.604613,14.270835,-0.2382006313861665,2019-02-24
c0025,35.604613,14.270835,-0.4267454503336986,2019-02-25
c0025,35.604613,14.270835,-2.0366300911944735,2019-02-26
c0025,35.604613,14.270835,-1.7963582326298102,2019-02-27
c0025,35.604613,14.270835,-1.3653705689273024,2019-02-28
c0025,35.604613,14.270835,-0.5929622889879157,2019-03-01
c0025,35.604613,14.270835,-1.5161567391486537,2019-03-02
c0025,35.604613,14.270835,-1.9719861191782329,2019-03-03
c0025,35.604613,14.270835,-1.9365590344368515,2019-03-04
c0025,35.604613,14.270835,-1.5417638441398256,2019-03-05
c0025,35.604613,14.270835,-1.3057673766537112,2019-03-06
c0025,35.604613,14.270835,-1.3611221201355317,2019-03-07
c0025,35.604613,14.270835,-1.7684116351510013,2019-03-08
c0025,35.604613,14.270835,-1.607248965934532,2019-03-09
c0025,35.604613,14.270835,-1.500469532750143,2019-03-10
c0025,35.604613,14.270835,0.0391153208240308,2019-03-11
c0025,35.604613,14.270835,-1.2227410118023467,2019-03-12
c0025,35.604613,14.270835,-1.713835575751116,2019-03-13
c0025,35.604613,14.270835,-1.5307464807040574,2019-03-14
c0025,35.604613,14.270835,-1.9741035603400363,2019-03-15
c0025,35.604613,14.270835,-1.4025941557869683,2019-03-16
c0025,35.604613,14.270835,-1.2732824425028475,2019-03-17
c0025,35.604613,14.270835,-1.4100984661054958,2019-03-18
c0025,35.604613,14.270835,-1.0063367411421575,2019-03-19
c0025,35.604613,14.270835,-1.6845070275720968,2019-03-20
c0025,35.604613,14.270835,-1.5519506272362542,2019-03-21
c0025,35.604613,14.270835,-0.4615327398228128,2019-03-22
c0025,35.604613,14.270835,-1.1935305366700146,2019-03-23
c0025,35.604613,14.270835,-1.814790159805251,2019-03-24
c0025,35.604613,14.270835,-1.4160260357880918,2019-03-25
c0025,35.604613,14.270835,-1.4813720434716855,2019-03-26
c0025,35.604613,14.270835,-0.7747630600008134,2019-03-27
c0025,35.604613,14.270835,-1.5250539043120408,2019-03-28
c0025,35.604613,14.270835,-1.0877104627365144,2019-03-29
c0025,35.604613,14.270835,-1.564363710401545,2019-03-30
c0025,35.604613,14.270835,-1.6084275535241088,2019-03-31
c0025,35.604613,14.270835,-0.5085291554453157,2019-04-01
c0025,35.604613,14.270835,-1.0125623493873506,2019-04-02
c0025,35.604613,14.270835,,2019-04-03
c0025,35.604613,14.270835,-0.6887100366030217,2019-04-04
c0025,35.604613,14.270835,-0.1809169313829556,2019-04-05
c0025,35.604613,14.270835,-1.4602252819521149,2019-04-06
c0025,35.604613,14.270835,-1.241440641875274,2019-04-07
c0025,35.604613,14.270835,-1.3889336849229172,2019-04-08
c0025,35.604613,14.270835,-1.4129398377183655,2019-04-09
c0025,35.604613,14.270835,-1.0057620470213957,2019-04-10
c0025,35.604613,14.270835,-1.369229077028324,2019-04-11
c0025,35.604613,14.270835,-1.1147022838477252,2019-04-12
c0025,35.604613,14.270835,-0.8018991971355844,2019-04-13
c0025,35.604613,14.270835,-0.6518569818024091,2019-04-14
c0025,35.604613,14.270835,-1.5960982106708226,2019-04-16
c0025,35.604613,14.270835,-1.173120449311602,2019-04-17
c0025,35.604613,14.270835,-1.2216292185369255,2019-04-18
c0025,35.604613,14.270835,-0.2282365671616337,2019-04-19
c0025,35.604613,14.270835,-0.2695691556449941,2019-04-20
c0025,35.604613,14.270835,0.3805833191092341,2019-04-21
c0025,35.604613,14.270835,-0.6680028847858689,2019-04-22
c0025,35.604613,14.270835,-0.1513839372004586,2019-04-23
c0025,35.604613,14.270835,1.2361577926355622,2019-04-24
c0025,35.604613,14.270835,-0.1507248147717788,2019-04-25
c0025,35.604613,14.270835,0.0061737698572431,2019-04-26
c0025,35.604613,14.270835,-0.655447342667173,2019-04-27
c0025,35.604613,14.270835,-1.1529716008813056,2019-04-28
c0025,35.604613,14.270835,-1.2329499867126918,2019-04-29
c0025,35.604613,14.270835,-1.4005325783798628,2019-04-30
c0025,35.604613,14.270835,-0.6235112852309225,2019-05-01
c0025,35.604613,14.270835,-1.079424967702727,2019-05-02
c0025,35.604613,14.270835,-0.6480278069475767,2019-05-03
c0025,35.604613,14.270835,0.7978289149264163,2019-05-04
c0025,35.604613,14.270835,-1.3822832177710436,2019-05-05
c0025,35.604613,14.270835,-1.4178209212187909,2019-05-06
c0025,35.604613,14.270835,-0.6153844813377545,2019-05-07
c0025,35.604613,14.270835,-1.586030156402518,2019-05-08
c0025,35.604613,14.270835,-1.0715323899614624,2019-05-09
c0025,35.604613,14.270835,-1.30760761512786,2019-05-10
c0025,35.604613,14.270835,-1.4027254535543645,2019-05-11
c0025,35.604613,14.270835,-0.3299548681038852,2019-05-12
c0025,35.604613,14.270835,-1.15763923503247,2019-05-13
c0025,35.604613,14.270835,-1.1805566310925557,2019-05-14
c0025,35.604613,14.270835,-1.597626355075724,2019-05-15
c0025,35.604613,14.270835,-1.2718573265781647,2019-05-16
c0025,35.604613,14.270835,-0.123906525004488,2019-05-17
c0025,35.604613,14.270835,-1.0172532386968185,2019-05-18
c0025,35.604613,14.270835,-1.0005140767740364,2019-05-19
c0025,35.604613,14.270835,-1.2915582314925678,2019-05-20
c0025,35.604613,14.270835,-1.1483584114105096,2019-05-21
c0025,35.604613,14.270835,-0.8876519980745284,2019-05-22
c0025,35.604613,14.270835,-0.1910308168951098,2019-05-23
c0025,35.604613,14.270835,-1.3775963270969724,2019-05-24
c0025,35.604613,14.270835,-0.5911991484240166,2019-05-25
c0025,35.604613,14.270835,0.1290107673578305,2019-05-26
c0025,35.604613,14.270835,-1.2036937423889087,2019-05-27
c0025,35.604613,14.270835,-0.1499187761246765,2019-05-28
c0025,35.604613,14.270835,-1.8320634168009873,2019-05-29
c0025,35.604613,14.270835,-0.8776583097836719,2019-05-30
c0025,35.604613,14.270835,-1.422670150014707,2019-05-31
c0025,35.604613,14.270835,-1.4446512419125557,2019-06-01
c0025,35.604613,14.270835,-0.2011536348511659,2019-06-02
c0025,35.604613,14.270835,-1.142277189229577,2019-06-03
c0025,35.604613,14.270835,-1.380596728226708,2019-06-04
c0025,35.604613,14.270835,-0.8512444559973391,2019-06-05
c0025,35.604613,14.270835,-0.6102586190046841,2019-06-06
c0025,35.604613,14.270835,-0.3791172567345154,2019-06-07
c0025,35.604613,14.270835,-0.4394099139357858,2019-06-08
c0025,35.604613,14.270835,-0.6285722597379657,2019-06-09
c0025,35.604613,14.270835,-0.6501004619764748,2019-06-10
c0025,35.604613,14.270835,-0.1448622576095218,2019-06-11
c0025,35.604613,14.270835,-0.213264777418353,2019-06-12
c0025,35.604613,14.270835,1.1823295436556782,2019-06-13
c0025,35.604613,14.270835,0.6859796452760989,2019-06-14
c0025,35.604613,14.270835,0.3574887409595121,2019-06-15
c0025,35.604613,14.270835,-0.1272848469412825,2019-06-16
c0025,35.604613,14.270835,-0.9220596837214736,2019-06-17
c0025,35.604613,14.270835,0.6604637503398227,2019-06-18
c0025,35.604613,14.270835,-0.8814502322071045,2019-06-19
c0025,35.604613,14.270835,-0.6011104590774633,2019-06-20
c0025,35.604613,14.270835,-0.0156586141637821,2019-06-21
c0025,35.604613,14.270835,-0.5235558577210162,2019-06-22
c0025,35.604613,14.270835,-0.2194933367233966,2019-06-23
c0025,35.604613,14.270835,0.2001923362930886,2019-06-24
c0025,35.604613,14.270835,-0.3549990101850618,2019-06-25
c0025,35.604613,14.270835,-1.2271199053009725,2019-06-26
c0025,35.604613,14.270835,-1.463122946529535,2019-06-27
c0025,35.604613,14.270835,-1.5047158323052028,2019-06-28
c0025,35.604613,14.270835,-1.1728047950432958,2019-06-29
c0025,35.604613,14.270835,-1.25888138406148,2019-06-30
c0025,35.604613,14.270835,-1.14868407600129,2019-07-01
c0025,35.604613,14.270835,-1.3605993360566049,2019-07-02
c0025,35.604613,14.270835,-1.349253484630835,2019-07-03
c0025,35.604613,14.270835,-0.1384628503530957,2019-07-04
c0025,35.604613,14.270835,-0.8275918511326986,2019-07-05
c0025,35.604613,14.270835,-0.9699946395576746,2019-07-06
c0025,35.604613,14.270835,-0.2727993928863032,2019-07-07
c0025,35.604613,14.270835,-0.4698526513019392,2019-07-08
c0025,35.604613,14.270835,0.4867201201466733,2019-07-09
c0025,35.604613,14.270835,-0.0083069956891376,2019-07-10
c0025,35.604613,14.270835,-0.7147591552278216,2019-07-11
c0025,35.604613,14.270835,-1.129788357856855,2019-07-12
c0025,35.604613,14.270835,-1.271322880278669,2019-07-13
c0025,35.604613,14.270835,0.3289625432226417,2019-07-14
c0025,35.604613,14.270835,,2019-07-15
c0025,35.604613,14.270835,-1.5621991971845497,2019-07-16
c0025,35.604613,14.270835,-1.258980029195767,2019-07-17
c0025,35.604613,14.270835,-0.9479984381457164,2019-07-18
c0025,35.604613,14.270835,-1.4972559542041972,2019-07-19
c0025,35.604613,14.270835,-0.5779462766967591,2019-07-20
c0025,35.604613,14.270835,-1.877824715383576,2019-07-21
c0025,35.604613,14.270835,-1.667669752399203,2019-07-22
c0025,35.604613,14.270835,-1.406610657693496,2019-07-23
c0025,35.604613,14.270835,-1.538205412340642,2019-07-24
c0025,35.604613,14.270835,-1.4589950478577782,2019-07-25
c0025,35.604613,14.270835,-1.0275741201311883,2019-07-26
c0025,35.604613,14.270835,-0.8597066441473086,2019-07-27
c0025,35.604613,14.270835,-0.5880338104544297,2019-07-28
c0025,35.604613,14.270835,-1.2258585329482354,2019-07-29
c0025,35.604613,14.270835,-0.9346941717749097,2019-07-30
c0025,35.604613,14.270835,0.0858894299758472,2019-07-31
c0025,35.604613,14.270835,-1.4778823203729423,2019-08-01
c0025,35.604613,14.270835,-0.6288295589922064,2019-08-02
c0025,35.604613,14.270835,0.1396147401654044,2019-08-03
c0025,35.604613,14.270835,-0.5942554636263329,2019-08-04
c0025,35.604613,14.270835,-0.8803018268299796,2019-08-05
c0025,35.604613,14.270835,-1.4643668208160798,2019-08-06
c0025,35.604613,14.270835,-0.5089230452239232,2019-08-07
c0025,35.604613,14.270835,0.7352437683321638,2019-08-08
c0025,35.604613,14.270835,-1.395726180512445,2019-08-09
c0025,35.604613,14.270835,-1.1125737389401258,2019-08-10
c0025,35.604613,14.270835,-0.918863157274545,2019-08-11
c0025,35.604613,14.270835,-1.5612080261800527,2019-08-12
c0025,35.604613,14.270835,-1.3194742602190628,2019-08-13
c0025,35.604613,14.270835,-1.0324032718846023,2019-08-14
c0025,35.604613,14.270835,-1.2145448647752035,2019-08-15
c0025,35.604613,14.270835,-0.6925814063935354,2019-08-16
c0025,35.604613,14.270835,-1.3759106683928175,2019-08-17
c0025,35.604613,14.270835,-1.3386693236262397,2019-08-18
c0025,35.604613,14.270835,-1.4845994619815797,2019-08-19
c0025,35.604613,14.270835,-1.7297807093645372,2019-08-20
c0025,35.604613,14.270835,-1.5832857381972034,2019-08-21
c0025,35.604613,14.270835,,2019-08-22
c0025,35.604613,14.270835,-1.4594464675712375,2019-08-23
c0025,35.604613,14.270835,-1.5034903225520526,2019-08-24
c0025,35.604613,14.270835,-1.710875608690888,2019-08-25
c0025,35.604613,14.270835,-1.8844009502467864,2019-08-26
c0025,35.604613,14.270835,-1.5827995094478835,2019-08-27
c0025,35.604613,14.270835,-1.6058276561045213,2019-08-28
c0025,35.604613,14.270835,-0.73858362838079,2019-08-29
c0025,35.604613,14.270835,-1.4483388869419251,2019-08-30
c0025,35.604613,14.270835,-1.7068449969166792,2019-08-31
c0025,35.604613,14.270835,-1.0375350014834392,2019-09-01
c0025,35.604613,14.270835,-1.8611279430288303,2019-09-02
c0025,35.604613,14.270835,-1.323269938735315,2019-09-03
c0025,35.604613,14.270835,-1.520017342624259,2019-09-04
c0025,35.604613,14.270835,-1.577353143822809,2019-09-05
c0025,35.604613,14.270835,-1.801983286374234,2019-09-06
c0025,35.604613,14.270835,-1.2514679054739752,2019-09-07
c0025,35.604613,14.270835,-1.3938905490857283,2019-09-08
c0025,35.604613,14.270835,-0.9539038052596746,2019-09-09
c0025,35.604613,14.270835,-0.4775725506652332,2019-09-10
c0025,35.604613,14.270835,-1.322156463263409,2019-09-11
c0025,35.604613,14.270835,-1.6807380841016382,2019-09-12
c0025,35.604613,14.270835,-1.6994427466622692,2019-09-13
c0025,35.604613,14.270835,-1.1806298109866966,2019-09-14
c0025,35.604613,14.270835,-1.6846404661259315,2019-09-15
c0025,35.604613,14.270835,-1.8672041173003455,2019-09-16
c0025,35.604613,14.270835,-1.604530803438777,2019-09-17
c0025,35.604613,14.270835,-1.2934845373644086,2019-09-18
c0025,35.604613,14.270835,-0.7892898622546893,2019-09-19
c0025,35.604613,14.270835,-0.9612098074962074,2019-09-20
c0025,35.604613,14.270835,-1.525362202157473,2019-09-21
c0025,35.604613,14.270835,-1.9171083942700249,2019-09-22
c0025,35.604613,14.270835,-1.3342955428516678,2019-09-23
c0025,35.604613,14.270835,-1.0214698181812478,2019-09-24
c0025,35.604613,14.270835,-1.2993775533927765,2019-09-25
c0025,35.604613,14.270835,-1.5001770218178192,2019-09-26
c0025,35.604613,14.270835,-1.805772442663966,2019-09-27
c0025,35.604613,14.270835,-1.908133969570955,2019-09-28
c0025,35.604613,14.270835,-1.8096009427580289,2019-09-29
c0025,35.604613,14.270835,-1.239317969330286,2019-09-30
c0025,35.604613,14.270835,-1.590376003367992,2019-10-01
c0025,35.604613,14.270835,-1.461727000917073,2019-10-02
c0025,35.604613,14.270835,-1.8049860660785113,2019-10-03
c0025,35.604613,14.270835,-1.3125368988943429,2019-10-04
c0025,35.604613,14.270835,-1.2997369583980474,2019-10-05
c0025,35.604613,14.270835,-1.518990085835498,2019-10-06
c0025,35.604613,14.270835,-0.8352328677616723,2019-10-07
c0025,35.604613,14.270835,-1.7533564724930022,2019-10-08
c0025,35.604613,14.270835,-1.6577040121468496,2019-10-09
c0025,35.604613,14.270835,-0.796083578824083,2019-10-10
c0025,35.604613,14.270835,-1.1324218254408476,2019-10-11
c0025,35.604613,14.270835,-1.192509450699397,2019-10-12
c0025,35.604613,14.270835,-1.7709174080277892,2019-10-13
c0025,35.604613,14.270835,-1.6072591952525797,2019-10-14
c0025,35.604613,14.270835,-1.4423819742010722,2019-10-15
c0025,35.604613,14.270835,-1.2626240303049063,2019-10-16
c0025,35.604613,14.270835,-1.570930526456178,2019-10-17
c0025,35.604613,14.270835,-1.8085297325316132,2019-10-18
c0025,35.604613,14.270835,-2.2492385396451553,2019-10-19
c0025,35.604613,14.270835,-1.746772233969157,2019-10-20
c0025,35.604613,14.270835,-1.3454393001280205,2019-10-21
c0025,35.604613,14.270835,-1.5073399893969102,2019-10-22
c0025,35.604613,14.270835,-1.5815601458934927,2019-10-23
c0025,35.604613,14.270835,-1.6713463675517766,2019-10-24
c0025,35.604613,14.270835,-1.60173664764367,2019-10-25
c0025,35.604613,14.270835,-1.182282189576803,2019-10-26
c0025,35.604613,14.270835,-1.0852069278561207,2019-10-27
c0025,35.604613,14.270835,-1.080002036894773,2019-10-28
c0025,35.604613,14.270835,-1.805388328557891,2019-10-29
c0025,35.604613,14.270835,-1.7605278428201678,2019-10-30
c0025,35.604613,14.270835,-1.6161752615408351,2019-10-31
c0025,35.604613,14.270835,-0.8481000021241587,2019-11-01
c0025,35.604613,14.270835,-1.416666265820362,2019-11-02
c0025,35.604613,14.270835,-1.6413110788067773,2019-11-03
c0025,35.604613,14.270835,-1.701946058625013,2019-11-04
c0025,35.604613,14.270835,-1.4033770219669346,2019-11-05
c0025,35.604613,14.270835,-0.2884393800472646,2019-11-06
c0025,35.604613,14.270835,-1.2411308845053377,2019-11-07
c0025,35.604613,14.270835,-1.7441386688237903,2019-11-08
c0025,35.604613,14.270835,-1.240345489605252,2019-11-09
c0025,35.604613,14.270835,-1.7916783411289832,2019-11-10
c0025,35.604613,14.270835,-0.6996583790344438,2019-11-11
c0025,35.604613,14.270835,-1.1621902807608364,2019-11-13
c0025,35.604613,14.270835,-1.8066972881359988,2019-11-14
c0025,35.604613,14.270835,-1.2178254575189973,2019-11-15
c0025,35.604613,14.270835,-1.0389125482668604,2019-11-16
c0025,35.604613,14.270835,-0.3344541819885946,2019-11-17
c0025,35.604613,14.270835,-1.6992692264144598,2019-11-18
c0025,35.604613,14.270835,-1.4489128079779992,2019-11-19
c0025,35.604613,14.270835,-1.8582662481556536,2019-11-20
c0025,35.604613,14.270835,-0.9575579033508096,2019-11-21
c0025,35.604613,14.270835,-1.1037986979570176,2019-11-22
c0025,35.604613,14.270835,-1.9516932997679557,2019-11-25
c0025,35.604613,14.270835,-1.539431637591845,2019-11-26
c0025,35.604613,14.270835,-0.9419891597750886,2019-11-27
c0025,35.604613,14.270835,-1.1840469755372585,2019-11-28
c0025,35.604613,14.270835,-1.6334840867102631,2019-11-29
c0025,35.604613,14.270835,-1.9978899876633192,2019-11-30
c0025,35.604613,14.270835,-1.8997489155185956,2019-12-01
c0025,35.604613,14.270835,-1.5354382665346245,2019-12-02
c0025,35.604613,14.270835,-1.017692308240186,2019-12-03
c0025,35.604613,14.270835,-1.097330169049411,2019-12-04
c0025,35.604613,14.270835,-1.9044172949302247,2019-12-05
c0025,35.604613,14.270835,-1.9784326788786877,2019-12-06
c0025,35.604613,14.270835,-1.4962670382044496,2019-12-07
c0025,35.604613,14.270835,-0.7725308279246634,2019-12-08
c0025,35.604613,14.270835,-0.59048412670515,2019-12-09
c0025,35.604613,14.270835,-1.6412335267077,2019-12-10
c0025,35.604613,14.270835,-1.838927944101986,2019-12-11
c0025,35.604613,14.270835,-1.5148931793717035,2019-12-12
c0025,35.604613,14.270835,-0.8731836861199899,2019-12-13
c0025,35.604613,14.270835,-0.6269430257240369,2019-12-14
c0025,35.604613,14.270835,-1.4382803921640257,2019-12-15
c0025,35.604613,14.270835,-1.948527453395632,2019-12-16
c0025,35.604613,14.270835,-2.3378035357086127,2019-12-17
c0025,35.604613,14.270835,-1.2352964641129298,2019-12-18
c0025,35.604613,14.270835,0.3662312246926854,2019-12-19
c0025,35.604613,14.270835,-1.4544795573072054,2019-12-20
c0025,35.604613,14.270835,-1.5648595842266837,2019-12-21
c0025,35.604613,14.270835,-1.711687296579344,2019-12-22
c0025,35.604613,14.270835,-1.2375237255888925,2019-12-23
c0025,35.604613,14.270835,-1.1849427136982855,2019-12-24
c0025,35.604613,14.270835,-1.4888759081979828,2019-12-25
c0025,35.604613,14.270835,-1.536671356616377,2019-12-26
c0025,35.604613,14.270835,-2.06171023877582,2019-12-27
c0025,35.604613,14.270835,-1.6126055322604749,2019-12-28
c0025,35.604613,14.270835,-1.3351447513621897,2019-12-29
c0025,35.604613,14.270835,-0.9116272702630516,2019-12-30
c0025,35.604613,14.270835,-1.6540150508839402,2019-12-31
c0025,35.604613,14.270835,-1.9998220974331928,2020-01-01
c0025,35.604613,14.270835,-1.9937522800689067,2020-01-02
c0025,35.604613,14.270835,-1.806790658869604,2020-01-03
c0025,35.604613,14.270835,-1.4911412581679675,2020-01-04
c0025,35.604613,14.270835,-0.9572715098544132,2020-01-05
c0025,35.604613,14.270835,-1.9071833131136244,2020-01-06
c0025,35.604613,14.270835,-2.1095104152754587,2020-01-07
c0025,35.604613,14.270835,-1.297848651379613,2020-01-08
c0025,35.604613,14.270835,-1.3751084634734567,2020-01-09
c0025,35.604613,14.270835,-1.3577927353762342,2020-01-10
c0025,35.604613,14.270835,-1.2188356910436218,2020-01-11
c0025,35.604613,14.270835,-1.101480694661572,2020-01-12
c0025,35.604613,14.270835,-2.1554861044068283,2020-01-13
c0025,35.604613,14.270835,-1.1580755983988529,2020-01-14
c0025,35.604613,14.270835,-0.920301252847346,2020-01-15
c0025,35.604613,14.270835,-1.9084823539351916,2020-01-16
c0025,35.604613,14.270835,-1.858342984313263,2020-01-17
c0025,35.604613,14.270835,-2.1385461273920607,2020-01-18
c0025,35.604613,14.270835,-2.021863642008081,2020-01-19
c0025,35.604613,14.270835,-1.7614324734219913,2020-01-20
c0025,35.604613,14.270835,-1.3119604257880233,2020-01-21
c0025,35.604613,14.270835,-2.4617263187831653,2020-01-22
c0025,35.604613,14.270835,-1.638733962846234,2020-01-23
c0025,35.604613,14.270835,-1.660391924582746,2020-01-24
c0025,35.604613,14.270835,-0.3146519701860551,2020-01-25
c0025,35.604613,14.270835,-1.507729772610315,2020-01-26
c0025,35.604613,14.270835,-1.8743485059027631,2020-01-27
c0025,35.604613,14.270835,-2.076371217842992,2020-01-28
c0025,35.604613,14.270835,-1.7863335304642047,2020-01-29
c0025,35.604613,14.270835,-1.4471395642118134,2020-01-30
c0025,35.604613,14.270835,-1.3732364587170411,2020-01-31
c0025,35.604613,14.270835,-1.9142611857881031,2020-02-01
c0025,35.604613,14.270835,-2.2079517384500105,2020-02-02
c0025,35.604613,14.270835,-0.9456419879448196,2020-02-03
c0025,35.604613,14.270835,-1.3713826431234848,2020-02-04
c0025,35.604613,14.270835,-0.7782741646986476,2020-02-05
c0025,35.604613,14.270835,-1.3059686671067885,2020-02-06
c0025,35.604613,14.270835,-2.123771190916014,2020-02-07
c0025,35.604613,14.270835,-2.266960220534467,2020-02-08
c0025,35.604613,14.270835,-2.104855731573766,2020-02-09
c0025,35.604613,14.270835,-1.767510770635421,2020-02-10
c0025,35.604613,14.270835,-1.8213766254254296,2020-02-11
c0025,35.604613,14.270835,-1.981457759166448,2020-02-12
c0025,35.604613,14.270835,-1.847115566454478,2020-02-13
c0025,35.604613,14.270835,-1.8525899090053428,2020-02-14
c0025,35.604613,14.270835,-1.5802261132255253,2020-02-15
c0025,35.604613,14.270835,-1.076608020536868,2020-02-16
c0025,35.604613,14.270835,-2.073880192066287,2020-02-17
c0025,35.604613,14.270835,-1.9449159807844043,2020-02-18
c0025,35.604613,14.270835,-1.917009437178004,2020-02-19
c0025,35.604613,14.270835,-1.8159869561222193,2020-02-20
c0025,35.604613,14.270835,-1.711463628090768,2020-02-21
c0025,35.604613,14.270835,-2.0320702110958644,2020-02-22
c0025,35.604613,14.270835,-2.293884182549475,2020-02-23
c0025,35.604613,14.270835,-2.333726794724083,2020-02-24
c0025,35.604613,14.270835,-2.1230091676565785,2020-02-25
c0025,35.604613,14.270835,-1.5255415618015549,2020-02-26
c0025,35.604613,14.270835,-1.7855847848339192,2020-02-27
c0025,35.604613,14.270835,-1.9610901880584144,2020-02-28
c0025,35.604613,14.270835,-2.0997646934833867,2020-02-29
c0025,35.604613,14.270835,-1.7044084867319444,2020-03-01
c0025,35.604613,14.270835,-1.337784074188516,2020-03-02
c0025,35.604613,14.270835,-0.5651990008142734,2020-03-03
c0025,35.604613,14.270835,-0.6776807142971015,2020-03-04
c0025,35.604613,14.270835,-2.072547435309069,2020-03-05
c0025,35.604613,14.270835,-1.909633542118588,2020-03-06
c0025,35.604613,14.270835,-0.9030122647201764,2020-03-07
c0025,35.604613,14.270835,-1.6799295418150924,2020-03-08
c0025,35.604613,14.270835,-1.80261774098205,2020-03-09
c0025,35.604613,14.270835,-1.9169313203024696,2020-03-10
c0025,35.604613,14.270835,-2.179356658638648,2020-03-11
c0025,35.604613,14.270835,-1.9434577729712372,2020-03-12
c0025,35.604613,14.270835,-1.498756904805217,2020-03-13
c0025,35.604613,14.270835,-1.70970152784411,2020-03-14
c0025,35.604613,14.270835,-2.100611163357393,2020-03-15
c0025,35.604613,14.270835,-2.1398252526279213,2020-03-16
c0025,35.604613,14.270835,-1.806682072560141,2020-03-17
c0025,35.604613,14.270835,0.0509581954856808,2020-03-18
c0025,35.604613,14.270835,1.3582594047107135,2020-03-19
c0025,35.604613,14.270835,-0.3174489217171138,2020-03-20
c0025,35.604613,14.270835,-0.5138395522910384,2020-03-21
c0025,35.604613,14.270835,0.5371926955415698,2020-03-22
c0025,35.604613,14.270835,-1.0794638467187998,2020-03-23
c0025,35.604613,14.270835,-0.9072482986921728,2020-03-24
c0025,35.604613,14.270835,0.0730506778803223,2020-03-25
c0025,35.604613,14.270835,-1.9066766541335205,2020-03-26
c0025,35.604613,14.270835,-1.4961151170122493,2020-03-27
c0025,35.604613,14.270835,-2.10360459488155,2020-03-28
c0025,35.604613,14.270835,-0.7194243313006321,2020-03-29
c0025,35.604613,14.270835,-0.6457125630209876,2020-03-30
c0025,35.604613,14.270835,-2.021946031330854,2020-03-31
c0025,35.604613,14.270835,-1.434871975659206,2020-04-01
c0025,35.604613,14.270835,-1.8333144951322968,2020-04-02
c0025,35.604613,14.270835,-0.6467968671699862,2020-04-03
c0025,35.604613,14.270835,-1.6415649567140842,2020-04-04
c0025,35.604613,14.270835,-1.9649099819878688,2020-04-05
c0025,35.604613,14.270835,-1.853257321419569,2020-04-06
c0025,35.604613,14.270835,-1.446304199911927,2020-04-07
c0025,35.604613,14.270835,-1.8615557614012488,2020-04-08
c0025,35.604613,14.270835,-1.6537394089724249,2020-04-09
c0025,35.604613,14.270835,-1.5862807055956,2020-04-10
c0025,35.604613,14.270835,-1.8846581506538749,2020-04-11
c0025,35.604613,14.270835,-1.596785281808684,2020-04-12
c0025,35.604613,14.270835,-1.5125893786373226,2020-04-13
c0025,35.604613,14.270835,-0.4034247467497611,2020-04-14
c0025,35.604613,14.270835,-1.2456460430050742,2020-04-15
c0025,35.604613,14.270835,-1.0917345753032577,2020-04-16
c0025,35.604613,14.270835,-1.1255622618129528,2020-04-17
c0025,35.604613,14.270835,-1.4368150141891596,2020-04-18
c0025,35.604613,14.270835,-0.7757019874974234,2020-04-19
c0025,35.604613,14.270835,-0.2037321654072962,2020-04-20
c0025,35.604613,14.270835,-1.5644037376416964,2020-04-21
c0025,35.604613,14.270835,-1.6314539483544532,2020-04-22
c0025,35.604613,14.270835,-1.3117324382315745,2020-04-23
c0025,35.604613,14.270835,-1.2124525221272624,2020-04-24
c0025,35.604613,14.270835,-1.131768277437888,2020-04-25
c0025,35.604613,14.270835,-0.3313628476237018,2020-04-26
c0025,35.604613,14.270835,-1.356262397366263,2020-04-27
c0025,35.604613,14.270835,-1.2906689432534315,2020-04-28
c0025,35.604613,14.270835,-1.801436817477865,2020-04-29
c0025,35.604613,14.270835,-1.30074095345306,2020-04-30
c0025,35.604613,14.270835,-1.539237707457337,2020-05-01
c0025,35.604613,14.270835,-1.5161121320724769,2020-05-02
c0025,35.604613,14.270835,-0.8455876045671538,2020-05-03
c0025,35.604613,14.270835,-1.255025504325378,2020-05-04
c0025,35.604613,14.270835,-1.3738594911696738,2020-05-05
c0025,35.604613,14.270835,-1.0673551892624449,2020-05-06
c0025,35.604613,14.270835,-1.2487835851866895,2020-05-07
c0025,35.604613,14.270835,-1.3077686170592318,2020-05-08
c0025,35.604613,14.270835,-0.721538874994971,2020-05-09
c0025,35.604613,14.270835,-0.4244624709559753,2020-05-10
c0025,35.604613,14.270835,-0.3767363784749618,2020-05-11
c0025,35.604613,14.270835,-1.4399013499642377,2020-05-12
c0025,35.604613,14.270835,-0.3057559581444354,2020-05-13
c0025,35.604613,14.270835,0.1334965799300241,2020-05-14
c0025,35.604613,14.270835,-0.72107388623013,2020-05-15
c0025,35.604613,14.270835,0.2528730918169313,2020-05-16
c0025,35.604613,14.270835,,2020-05-17
c0025,35.604613,14.270835,-1.0246452384544364,2020-05-18
c0025,35.604613,14.270835,-0.6941964947349918,2020-05-19
c0025,35.604613,14.270835,-1.0167675032597554,2020-05-20
c0025,35.604613,14.270835,-1.3263322253607994,2020-05-21
c0025,35.604613,14.270835,-1.5548766307349229,2020-05-22
c0025,35.604613,14.270835,-1.739418298444863,2020-05-23
c0025,35.604613,14.270835,-1.2637775916213605,2020-05-24
c0025,35.604613,14.270835,-0.6663308501119338,2020-05-25
c0025,35.604613,14.270835,-1.8861853418596528,2020-05-26
c0025,35.604613,14.270835,-1.8074853929003007,2020-05-27
c0025,35.604613,14.270835,-1.6426974037213955,2020-05-28
c0025,35.604613,14.270835,-1.5376781551392418,2020-05-29
c0025,35.604613,14.270835,-1.3194038969613064,2020-05-30
c0025,35.604613,14.270835,-1.7075868899993785,2020-05-31
c0025,35.604613,14.270835,-1.6698263719858688,2020-06-01
c0025,35.604613,14.270835,-1.6554615883902544,2020-06-02
c0025,35.604613,14.270835,-1.6794833624300014,2020-06-03
c0025,35.604613,14.270835,-0.6338344945294846,2020-06-04
c0025,35.604613,14.270835,-0.162078710645988,2020-06-05
c0025,35.604613,14.270835,-1.7720488246631938,2020-06-06
c0025,35.604613,14.270835,-0.7002793469885585,2020-06-07
c0025,35.604613,14.270835,-0.4337483607690275,2020-06-08
c0025,35.604613,14.270835,-0.9133044158045902,2020-06-09
c0025,35.604613,14.270835,-0.5792239430184589,2020-06-10
c0025,35.604613,14.270835,-1.7081427017299462,2020-06-11
c0025,35.604613,14.270835,,2020-06-13
c0025,35.604613,14.270835,-0.9440252936702952,2020-06-14
c0025,35.604613,14.270835,-0.5487311506143431,2020-06-15
c0025,35.604613,14.270835,-1.3038771750849392,2020-06-16
c0025,35.604613,14.270835,-1.2656649060111764,2020-06-17
c0025,35.604613,14.270835,-0.7762665698666188,2020-06-18
c0025,35.604613,14.270835,-0.0730225507111569,2020-06-19
c0025,35.604613,14.270835,0.0692269270253697,2020-06-20
c0025,35.604613,14.270835,-1.1055074526086075,2020-06-21
c0025,35.604613,14.270835,-1.3510302848842166,2020-06-22
c0025,35.604613,14.270835,-1.5402608257694324,2020-06-23
c0025,35.604613,14.270835,-1.6108894867282355,2020-06-24
c0025,35.604613,14.270835,-1.1513632073919828,2020-06-25
c0025,35.604613,14.270835,-0.1691496877287901,2020-06-26
c0025,35.604613,14.270835,-0.2657814907954833,2020-06-27
c0025,35.604613,14.270835,-1.109744320615503,2020-06-28
c0025,35.604613,14.270835,-1.5434806611368173,2020-06-29
c0025,35.604613,14.270835,-1.236272508316327,2020-06-30
c0025,35.604613,14.270835,-0.2748516792843807,2020-07-01
c0025,35.604613,14.270835,-1.303170616497907,2020-07-02
c0025,35.604613,14.270835,-0.622739921923643,2020-07-03
c0025,35.604613,14.270835,,2020-07-04
c0025,35.604613,14.270835,-1.6659944730849126,2020-07-05
c0025,35.604613,14.270835,-0.7376656796087572,2020-07-06
c0025,35.604613,14.270835,-1.642709888414253,2020-07-07
c0025,35.604613,14.270835,-1.653857763313752,2020-07-08
c0025,35.604613,14.270835,-1.6485428503465085,2020-07-09
c0025,35.604613,14.270835,-1.80479672512904,2020-07-10
c0025,35.604613,14.270835,-1.3235354044988172,2020-07-11
c0025,35.604613,14.270835,-0.862786859000295,2020-07-12
c0025,35.604613,14.270835,-1.7685438401639089,2020-07-13
c0025,35.604613,14.270835,-1.3479770035463292,2020-07-14
c0025,35.604613,14.270835,,2020-07-15
c0025,35.604613,14.270835,-1.5714032319549476,2020-07-16
c0025,35.604613,14.270835,-0.5449268385120811,2020-07-17
c0025,35.604613,14.270835,-1.916462179492312,2020-07-18
c0025,35.604613,14.270835,-1.7083360088288675,2020-07-19
c0025,35.604613,14.270835,-1.8329102852122616,2020-07-20
c0025,35.604613,14.270835,-1.8963454063493224,2020-07-21
c0025,35.604613,14.270835,-0.590851518509127,2020-07-22
c0025,35.604613,14.270835,-1.4962023683389896,2020-07-23
c0025,35.604613,14.270835,-1.2840740316317067,2020-07-24
c0025,35.604613,14.270835,-1.3286975959286522,2020-07-25
c0025,35.604613,14.270835,,2020-07-26
c0025,35.604613,14.270835,-1.736454714898449,2020-07-27
c0025,35.604613,14.270835,-0.8932142055876743,2020-07-28
c0025,35.604613,14.270835,-1.7291355309635772,2020-07-29
c0025,35.604613,14.270835,-1.5313813912001222,2020-07-30
c0025,35.604613,14.270835,-1.5457018876875332,2020-07-31
c0025,35.604613,14.270835,-0.4849779677181727,2020-08-02
c0025,35.604613,14.270835,-0.8380286742206922,2020-08-03
c0025,35.604613,14.270835,-1.081332002405185,2020-08-04
c0025,35.604613,14.270835,-1.2090904633659485,2020-08-05
c0025,35.604613,14.270835,-1.5986341159925814,2020-08-06
c0025,35.604613,14.270835,-0.9399817942748742,2020-08-07
c0025,35.604613,14.270835,-1.482156838528094,2020-08-08
c0025,35.604613,14.270835,-1.6190607910338644,2020-08-09
c0025,35.604613,14.270835,-1.6357932970893938,2020-08-10
c0025,35.604613,14.270835,-1.7994964375489797,2020-08-11
c0025,35.604613,14.270835,-1.610532957220443,2020-08-12
c0025,35.604613,14.270835,-1.136336840995245,2020-08-13
c0025,35.604613,14.270835,-0.817839923186402,2020-08-14
c0025,35.604613,14.270835,-0.573168044970145,2020-08-15
c0025,35.604613,14.270835,-1.0455327850546738,2020-08-16
c0025,35.604613,14.270835,-0.8862983080074432,2020-08-17
c0025,35.604613,14.270835,-0.5025937864942984,2020-08-18
c0025,35.604613,14.270835,-1.1092297686898025,2020-08-19
c0025,35.604613,14.270835,-1.5465872714954303,2020-08-20
c0025,35.604613,14.270835,-1.5549553715249325,2020-08-21
c0025,35.604613,14.270835,-1.4118189597084023,2020-08-22
c0025,35.604613,14.270835,-0.476674498912465,2020-08-23
c0025,35.604613,14.270835,-1.2745102554697578,2020-08-24
c0025,35.604613,14.270835,-1.1964074472625312,2020-08-25
c0025,35.604613,14.270835,-1.628462923093132,2020-08-26
c0025,35.604613,14.270835,-1.689659132207317,2020-08-27
c0025,35.604613,14.270835,-1.7186507560280562,2020-08-28
c0025,35.604613,14.270835,-1.2051450676966096,2020-08-29
c0025,35.604613,14.270835,-1.3363415498574904,2020-08-30
c0025,35.604613,14.270835,-0.9624036769423028,2020-08-31
c0025,35.604613,14.270835,-0.954470528668705,2020-09-01
c0025,35.604613,14.270835,-1.5954373054889974,2020-09-02
c0025,35.604613,14.270835,-1.1686299830315032,2020-09-03
c0025,35.604613,14.270835,-0.9651188385133678,2020-09-04
c0025,35.604613,14.270835,-0.6258630355631736,2020-09-05
c0025,35.604613,14.270835,-1.0623975446759393,2020-09-06
c0025,35.604613,14.270835,-1.640290568466757,2020-09-07
c0025,35.604613,14.270835,-0.9631264373263322,2020-09-08
c0025,35.604613,14.270835,-1.741499579432802,2020-09-09
c0025,35.604613,14.270835,-1.4226257394603876,2020-09-10
c0025,35.604613,14.270835,-1.2976694179573776,2020-09-11
c0025,35.604613,14.270835,-1.6243265797855695,2020-09-12
c0025,35.604613,14.270835,-1.3596170429361736,2020-09-13
c0025,35.604613,14.270835,-1.949149621959844,2020-09-15
c0025,35.604613,14.270835,-1.7101176960984443,2020-09-16
c0025,35.604613,14.270835,-1.4566134100953816,2020-09-17
c0025,35.604613,14.270835,-1.221989000582817,2020-09-18
c0025,35.604613,14.270835,-1.70365354875504,2020-09-19
c0025,35.604613,14.270835,-1.3404084245232633,2020-09-20
c0025,35.604613,14.270835,-0.8223291933140442,2020-09-21
c0025,35.604613,14.270835,-0.9915068978346822,2020-09-22
c0025,35.604613,14.270835,-0.838897918642913,2020-09-23
c0025,35.604613,14.270835,-1.4756997360523203,2020-09-24
c0025,35.604613,14.270835,-0.5564488970098506,2020-09-25
c0025,35.604613,14.270835,-0.7451357400510414,2020-09-26
c0025,35.604613,14.270835,-0.9029309156247336,2020-09-27
c0025,35.604613,14.270835,-1.6595856888056135,2020-09-28
c0025,35.604613,14.270835,-1.7722688231453931,2020-09-29
c0025,35.604613,14.270835,-1.6564101458695943,2020-09-30
c0025,35.604613,14.270835,-1.008167547661191,2020-10-01
c0025,35.604613,14.270835,-0.7777221721579874,2020-10-02
c0025,35.604613,14.270835,-0.8078300278531013,2020-10-03
c0025,35.604613,14.270835,-1.2246430860394386,2020-10-04
c0025,35.604613,14.270835,-1.5475779093415554,2020-10-05
c0025,35.604613,14.270835,-0.8297928052457688,2020-10-06
c0025,35.604613,14.270835,-0.8406067413095462,2020-10-07
c0025,35.604613,14.270835,-1.6233492175113418,2020-10-08
c0025,35.604613,14.270835,-2.1826548475759937,2020-10-09
c0025,35.604613,14.270835,-1.8986994005617757,2020-10-10
c0025,35.604613,14.270835,-1.7698522212995946,2020-10-11
c0025,35.604613,14.270835,-0.7774805693662722,2020-10-12
c0025,35.604613,14.270835,-0.4621092441466828,2020-10-13
c0025,35.604613,14.270835,-1.6608221485460422,2020-10-14
c0025,35.604613,14.270835,-1.2282491572991954,2020-10-15
c0025,35.604613,14.270835,-1.3161932581723037,2020-10-16
c0025,35.604613,14.270835,-1.7284981614269983,2020-10-17
c0025,35.604613,14.270835,-1.6001125553907265,2020-10-18
c0025,35.604613,14.270835,-1.1873216652738463,2020-10-19
c0025,35.604613,14.270835,-2.0547647867645997,2020-10-20
c0025,35.604613,14.270835,-2.1548434679783495,2020-10-21
c0025,35.604613,14.270835,-2.0529110670865713,2020-10-22
c0025,35.604613,14.270835,-1.598559993125097,2020-10-23
c0025,35.604613,14.270835,-1.5081771433170723,2020-10-24
c0025,35.604613,14.270835,-1.9886100669082376,2020-10-25
c0025,35.604613,14.270835,2.1677141490073977,2020-10-26
c0025,35.604613,14.270835,-1.6771032795474257,2020-10-27
c0025,35.604613,14.270835,-1.356775975731171,2020-10-28
c0025,35.604613,14.270835,-1.2665998967012086,2020-10-29
c0025,35.604613,14.270835,-1.7821718678565277,2020-10-30
c0025,35.604613,14.270835,-2.2700640117568405,2020-10-31
c0025,35.604613,14.270835,-1.9593272812785143,2020-11-01
c0025,35.604613,14.270835,-1.6126774101546772,2020-11-02
c0025,35.604613,14.270835,-1.2838271247593038,2020-11-03
c0025,35.604613,14.270835,-1.932881924062377,2020-11-04
c0025,35.604613,14.270835,-2.2042970685618855,2020-11-05
c0025,35.604613,14.270835,-2.52371336206891,2020-11-06
c0025,35.604613,14.270835,-2.00469025279428,2020-11-07
c0025,35.604613,14.270835,-0.9477031753232488,2020-11-08
c0025,35.604613,14.270835,-1.9493199619553296,2020-11-09
c0025,35.604613,14.270835,-1.66179084046866,2020-11-10
c0025,35.604613,14.270835,-2.178825830021482,2020-11-11
c0025,35.604613,14.270835,-2.0659736299769507,2020-11-12
c0025,35.604613,14.270835,-1.26988166101524,2020-11-13
c0025,35.604613,14.270835,-1.4523317554354696,2020-11-14
c0025,35.604613,14.270835,-1.8953698407210773,2020-11-15
c0025,35.604613,14.270835,-1.957051550014394,2020-11-16
c0025,35.604613,14.270835,-1.550086713328417,2020-11-17
c0025,35.604613,14.270835,-1.812052252321629,2020-11-18
c0025,35.604613,14.270835,-1.4740684127540808,2020-11-19
c0025,35.604613,14.270835,-1.6819129224988645,2020-11-20
c0025,35.604613,14.270835,-2.0596559271053927,2020-11-21
c0025,35.604613,14.270835,-2.2033185265585087,2020-11-22
c0025,35.604613,14.270835,-1.6821759654466584,2020-11-23
c0025,35.604613,14.270835,-1.1757433185078652,2020-11-24
c0025,35.604613,14.270835,-1.629937909949142,2020-11-25
c0025,35.604613,14.270835,-2.1459782780211865,2020-11-26
c0025,35.604613,14.270835,-2.0284202394780513,2020-11-27
c0025,35.604613,14.270835,-1.082515304684473,2020-11-28
c0025,35.604613,14.270835,-0.8384766610924701,2020-11-29
c0025,35.604613,14.270835,-1.0888483750589164,2020-11-30
c0025,35.604613,14.270835,-1.6993812933937165,2020-12-01
c0025,35.604613,14.270835,-1.681508044763143,2020-12-02
c0025,35.604613,14.270835,-1.4623972957676628,2020-12-03
c0025,35.604613,14.270835,-1.6625097863444347,2020-12-04
c0025,35.604613,14.270835,-1.178543445933913,2020-12-05
c0025,35.604613,14.270835,-1.106687742989876,2020-12-06
c0025,35.604613,14.270835,-1.958497608154836,2020-12-07
c0025,35.604613,14.270835,-2.1420271031531226,2020-12-08
c0025,35.604613,14.270835,-1.585848496230038,2020-12-09
c0025,35.604613,14.270835,-1.29866346125732,2020-12-10
c0025,35.604613,14.270835,-0.8850907360879307,2020-12-11
c0025,35.604613,14.270835,-1.688005893206653,2020-12-12
c0025,35.604613,14.270835,-1.9505069188692532,2020-12-13
c0025,35.604613,14.270835,-1.6792197948197662,2020-12-14
c0025,35.604613,14.270835,-1.3925538875104435,2020-12-15
c0025,35.604613,14.270835,-1.6972537397978855,2020-12-16
c0025,35.604613,14.270835,-1.5669929904213875,2020-12-17
c0025,35.604613,14.270835,-2.2594595717896255,2020-12-18
c0025,35.604613,14.270835,-2.1496309086179153,2020-12-19
c0025,35.604613,14.270835,-1.2197811168915709,2020-12-20
c0025,35.604613,14.270835,-0.4577617778533722,2020-12-21
c0025,35.604613,14.270835,-0.9155706459165184,2020-12-22
c0025,35.604613,14.270835,-2.2175284474380854,2020-12-23
c0025,35.604613,14.270835,-2.222820054424695,2020-12-24
c0025,35.604613,14.270835,-1.8812380234049344,2020-12-25
c0025,35.604613,14.270835,-0.546915163281183,2020-12-26
c0025,35.604613,14.270835,-1.8376583528174708,2020-12-27
c0025,35.604613,14.270835,-1.574873396299243,2020-12-28
c0025,35.604613,14.270835,-1.1528517140035393,2020-12-29
c0025,35.604613,14.270835,-1.237770242789388,2020-12-30
c0025,35.604613,14.270835,-1.1964238413603472,2020-12-31
c0025,35.604613,14.270835,-1.8335750982686332,2021-01-02
c0025,35.604613,14.270835,-2.0258703639688074,2021-01-03
c0025,35.604613,14.270835,-2.07781998925472,2021-01-04
c0025,35.604613,14.270835,-2.0935590695139967,2021-01-05
c0025,35.604613,14.270835,-1.3991276581659426,2021-01-06
c0025,35.604613,14.270835,-1.852712766953838,2021-01-07
c0025,35.604613,14.270835,-1.5230631791121043,2021-01-08
c0025,35.604613,14.270835,-2.2583384061504437,2021-01-09
c0025,35.604613,14.270835,-1.169711203300225,2021-01-10
c0025,35.604613,14.270835,-0.543612286294973,2021-01-11
c0025,35.604613,14.270835,-1.7134652877818153,2021-01-12
c0025,35.604613,14.270835,-2.1723692280229354,2021-01-13
c0025,35.604613,14.270835,-2.3763484892110713,2021-01-14
c0025,35.604613,14.270835,-2.195404020269045,2021-01-15
c0025,35.604613,14.270835,-0.989569252049928,2021-01-16
c0025,35.604613,14.270835,-1.4954965106627252,2021-01-17
c0025,35.604613,14.270835,-1.6974193559861934,2021-01-18
c0025,35.604613,14.270835,-2.43367004407495,2021-01-19
c0025,35.604613,14.270835,-2.3632569643088295,2021-01-20
c0025,35.604613,14.270835,-2.122023405489857,2021-01-21
c0025,35.604613,14.270835,-1.6391019222711325,2021-01-22
c0025,35.604613,14.270835,-1.2888212292139247,2021-01-23
c0025,35.604613,14.270835,-2.036664281810719,2021-01-24
c0025,35.604613,14.270835,-2.511470457639891,2021-01-25
c0025,35.604613,14.270835,-2.2006985390107445,2021-01-26
c0025,35.604613,14.270835,-1.6095670182483288,2021-01-27
c0025,35.604613,14.270835,-1.623572195241003,2021-01-28
c0025,35.604613,14.270835,-2.056313146744544,2021-01-29
c0025,35.604613,14.270835,-2.218440529467511,2021-01-30
c0025,35.604613,14.270835,-0.9902240650978766,2021-01-31
c0025,35.604613,14.270835,-1.064102426704238,2021-02-01
c0025,35.604613,14.270835,-1.5505757065937669,2021-02-02
c0025,35.604613,14.270835,-2.1996123666599257,2021-02-03
c0025,35.604613,14.270835,-2.1686740526372352,2021-02-04
c0025,35.604613,14.270835,-2.318321463149022,2021-02-05
c0025,35.604613,14.270835,-2.0216821031109027,2021-02-06
c0025,35.604613,14.270835,-0.8891447281488613,2021-02-07
c0025,35.604613,14.270835,-2.0193877698901956,2021-02-08
c0025,35.604613,14.270835,-1.9853503040010096,2021-02-09
c0025,35.604613,14.270835,-2.239052231985139,2021-02-10
c0025,35.604613,14.270835,-2.0144332359240114,2021-02-11
c0025,35.604613,14.270835,-1.834129088596608,2021-02-12
c0025,35.604613,14.270835,-1.3066936672760716,2021-02-13
c0025,35.604613,14.270835,-1.3600101294955504,2021-02-14
c0025,35.604613,14.270835,-2.5095173578851875,2021-02-15
c0025,35.604613,14.270835,-2.298308258626426,2021-02-16
c0025,35.604613,14.270835,-1.8713507997833607,2021-02-17
c0025,35.604613,14.270835,-1.925726622147517,2021-02-18
c0025,35.604613,14.270835,-1.9781405947183963,2021-02-19
c0025,35.604613,14.270835,-2.493319162844331,2021-02-20
c0025,35.604613,14.270835,-1.5512648134911895,2021-02-21
c0025,35.604613,14.270835,-2.294752605132396,2021-02-22
c0025,35.604613,14.270835,-1.8971807053815035,2021-02-23
c0025,35.604613,14.270835,-2.300965237654278,2021-02-24
c0025,35.604613,14.270835,-2.3362663871946694,2021-02-25
c0025,35.604613,14.270835,-2.3350677502209445,2021-02-26
c0025,35.604613,14.270835,-2.0241686731475763,2021-02-27
c0025,35.604613,14.270835,-1.6856591161630623,2021-02-28
c0025,35.604613,14.270835,-2.092359861999161,2021-03-01
c0025,35.604613,14.270835,-2.410509759398582,2021-03-02
c0025,35.604613,14.270835,-2.3838532687848457,2021-03-03
c0025,35.604613,14.270835,-2.0251847230472206,2021-03-04
c0025,35.604613,14.270835,-0.4733724450596541,2021-03-05
c0025,35.604613,14.270835,-0.7173317965608844,2021-03-06
c0025,35.604613,14.270835,-1.1999425955470877,2021-03-07
c0025,35.604613,14.270835,-1.0446894042037365,2021-03-08
c0025,35.604613,14.270835,-2.097048575480394,2021-03-09
c0025,35.604613,14.270835,-1.54092534643088,2021-03-10
c0025,35.604613,14.270835,-1.8724802965368104,2021-03-11
c0025,35.604613,14.270835,-1.9670764836774517,2021-03-12
c0025,35.604613,14.270835,-0.7242182078555619,2021-03-13
c0025,35.604613,14.270835,-2.073474853103306,2021-03-14
c0025,35.604613,14.270835,-1.951609280707119,2021-03-15
c0025,35.604613,14.270835,-1.536577880741983,2021-03-16
c0025,35.604613,14.270835,-2.106373758228062,2021-03-17
c0025,35.604613,14.270835,-2.1440271203298664,2021-03-18
c0025,35.604613,14.270835,-2.1460330046408886,2021-03-19
c0025,35.604613,14.270835,-1.208788162327701,2021-03-20
c0025,35.604613,14.270835,-1.843540971957081,2021-03-21
c0025,35.604613,14.270835,-1.714929819589397,2021-03-22
c0025,35.604613,14.270835,-1.7937013460264368,2021-03-23
c0025,35.604613,14.270835,-2.316422997467098,2021-03-24
c0025,35.604613,14.270835,-2.090524783979868,2021-03-25
c0025,35.604613,14.270835,-2.2022718812428383,2021-03-26
c0025,35.604613,14.270835,-1.6488353871546677,2021-03-27
c0025,35.604613,14.270835,-1.7349355789954568,2021-03-28
c0025,35.604613,14.270835,-2.1993928914246315,2021-03-29
c0025,35.604613,14.270835,-2.2217335584994955,2021-03-30
c0025,35.604613,14.270835,-2.397281276012444,2021-03-31
c0025,35.604613,14.270835,-1.843248929383046,2021-04-01
c0025,35.604613,14.270835,-1.712124293438602,2021-04-02
c0025,35.604613,14.270835,-0.310354317943938,2021-04-03
c0025,35.604613,14.270835,0.5807804397124812,2021-04-04
c0025,35.604613,14.270835,-0.6454696442727904,2021-04-05
c0025,35.604613,14.270835,-1.6437910325449232,2021-04-06
c0025,35.604613,14.270835,-1.669766408846907,2021-04-07
c0025,35.604613,14.270835,-2.129243284354213,2021-04-08
c0025,35.604613,14.270835,-2.140037854418158,2021-04-09
c0025,35.604613,14.270835,-1.3007054595194798,2021-04-10
c0025,35.604613,14.270835,-1.6018572452785544,2021-04-11
c0025,35.604613,14.270835,-0.6944267162122303,2021-04-12
c0025,35.604613,14.270835,-1.6069445427253877,2021-04-13
c0025,35.604613,14.270835,-1.9895810744199909,2021-04-14
c0025,35.604613,14.270835,-0.4942343113818825,2021-04-15
c0025,35.604613,14.270835,-0.3657156823724107,2021-04-16
c0025,35.604613,14.270835,-1.4791604021037743,2021-04-17
c0025,35.604613,14.270835,-1.9893719593081507,2021-04-18
c0025,35.604613,14.270835,-1.8847948260368048,2021-04-19
c0025,35.604613,14.270835,-1.6804539547579185,2021-04-20
c0025,35.604613,14.270835,-1.7857148401567775,2021-04-21
c0025,35.604613,14.270835,-1.2688238024510632,2021-04-22
c0025,35.604613,14.270835,-0.8043423214207329,2021-04-23
c0025,35.604613,14.270835,-1.8710263373183476,2021-04-24
c0025,35.604613,14.270835,-1.981443182018844,2021-04-25
c0025,35.604613,14.270835,-0.188276577456415,2021-04-26
c0025,35.604613,14.270835,-1.1589894434300243,2021-04-27
c0025,35.604613,14.270835,-1.0950505462549267,2021-04-28
c0025,35.604613,14.270835,-1.2711067990154885,2021-04-29
c0025,35.604613,14.270835,-0.828334418434142,2021-04-30
c0025,35.604613,14.270835,-1.7670076206674588,2021-05-01
c0025,35.604613,14.270835,-0.8887613408732996,2021-05-02
c0025,35.604613,14.270835,-0.7610043128852304,2021-05-03
c0025,35.604613,14.270835,-1.3507815614745873,2021-05-04
c0025,35.604613,14.270835,-0.8554991772217805,2021-05-05
c0025,35.604613,14.270835,-0.8929102148498598,2021-05-06
c0025,35.604613,14.270835,-0.5785902475103941,2021-05-07
c0025,35.604613,14.270835,-1.6056313914932356,2021-05-08
c0025,35.604613,14.270835,-1.7768846536859209,2021-05-09
c0025,35.604613,14.270835,-1.7172033383303662,2021-05-10
c0025,35.604613,14.270835,-0.5976010706676798,2021-05-11
c0025,35.604613,14.270835,-1.045381975457814,2021-05-12
c0025,35.604613,14.270835,-1.60280354817803,2021-05-13
c0025,35.604613,14.270835,-1.5232845167824,2021-05-14
c0025,35.604613,14.270835,-1.3197510605012313,2021-05-15
c0025,35.604613,14.270835,-1.6263532048218077,2021-05-16
c0025,35.604613,14.270835,0.2684460866710297,2021-05-17
c0025,35.604613,14.270835,-0.7704388167002572,2021-05-18
c0025,35.604613,14.270835,-0.9770880428291784,2021-05-19
c0025,35.604613,14.270835,-1.734834675243543,2021-05-20
c0025,35.604613,14.270835,-1.8901368216503651,2021-05-21
c0025,35.604613,14.270835,-0.5311118321869168,2021-05-22
c0025,35.604613,14.270835,-1.1237657202218183,2021-05-23
c0025,35.604613,14.270835,-0.0934965102970732,2021-05-24
c0025,35.604613,14.270835,-0.3943389586341921,2021-05-25
c0025,35.604613,14.270835,-0.1071691893523767,2021-05-26
c0025,35.604613,14.270835,-0.3333343477374142,2021-05-27
c0025,35.604613,14.270835,-0.2222697371271,2021-05-28
c0025,35.604613,14.270835,-1.2404159531179872,2021-05-29
c0025,35.604613,14.270835,-1.4547462441228496,2021-05-30
c0025,35.604613,14.270835,-1.6916058500932156,2021-05-31
c0025,35.604613,14.270835,-1.755288119196893,2021-06-01
c0025,35.604613,14.270835,-2.08508978272273,2021-06-02
c0025,35.604613,14.270835,-1.463629847335825,2021-06-03
c0025,35.604613,14.270835,-1.484292180060058,2021-06-04
c0025,35.604613,14.270835,-1.289377520260262,2021-06-05
c0025,35.604613,14.270835,-1.0767329597522273,2021-06-06
c0025,35.604613,14.270835,-0.6542622505768405,2021-06-07
c0025,35.604613,14.270835,-1.4882074537314591,2021-06-08
c0025,35.604613,14.270835,-1.6914603654317537,2021-06-09
c0025,35.604613,14.270835,-1.9187224174942892,2021-06-10
c0025,35.604613,14.270835,-2.120610147921204,2021-06-11
c0025,35.604613,14.270835,-1.6698373862982263,2021-06-12
c0025,35.604613,14.270835,-1.5437080483971153,2021-06-13
c0025,35.604613,14.270835,-2.080616826928564,2021-06-14
c0025,35.604613,14.270835,-1.9171142007812545,2021-06-15
c0025,35.604613,14.270835,-1.9465485382899723,2021-06-16
c0025,35.604613,14.270835,-1.81148636645876,2021-06-17
c0025,35.604613,14.270835,0.5026190886756745,2021-06-18
c0025,35.604613,14.270835,-0.3106124656429421,2021-06-19
c0025,35.604613,14.270835,0.1551973133402767,2021-06-20
c0025,35.604613,14.270835,-0.3786681701059369,2021-06-21
c0025,35.604613,14.270835,-0.1785507568386809,2021-06-22
c0025,35.604613,14.270835,0.1366342017743698,2021-06-23
c0025,35.604613,14.270835,-0.3288541819777994,2021-06-24
c0025,35.604613,14.270835,-0.0365092141346952,2021-06-25
c0025,35.604613,14.270835,-0.5668937843504027,2021-06-26
c0025,35.604613,14.270835,-0.2442468090210908,2021-06-27
c0025,35.604613,14.270835,-0.0918465287303812,2021-06-28
c0025,35.604613,14.270835,-0.1917141682112254,2021-06-29
c0025,35.604613,14.270835,-0.5422388594695841,2021-06-30
c0025,35.604613,14.270835,0.21070629380375,2021-07-01
c0025,35.604613,14.270835,-0.4632474096454457,2021-07-02
c0025,35.604613,14.270835,-1.0084380342247137,2021-07-03
c0025,35.604613,14.270835,0.7942117568434542,2021-07-04
c0025,35.604613,14.270835,-1.6354278412623071,2021-07-05
c0025,35.604613,14.270835,0.3499357688489292,2021-07-06
c0025,35.604613,14.270835,1.0705271178521736,2021-07-07
c0025,35.604613,14.270835,0.7232825370726741,2021-07-08
c0025,35.604613,14.270835,1.58141166759968,2021-07-09
c0025,35.604613,14.270835,0.4701302206664983,2021-07-10
c0025,35.604613,14.270835,0.3642866825868909,2021-07-11
c0025,35.604613,14.270835,1.3573242117553854,2021-07-12
c0025,35.604613,14.270835,2.980374262895191,2021-07-13
c0025,35.604613,14.270835,0.5897450179946572,2021-07-14
c0025,35.604613,14.270835,0.4811123722247031,2021-07-15
c0025,35.604613,14.270835,0.6192419677310281,2021-07-16
c0025,35.604613,14.270835,0.2383531060073126,2021-07-17
c0025,35.604613,14.270835,-0.0903073962305416,2021-07-18
c0025,35.604613,14.270835,-0.4753780382243185,2021-07-19
c0025,35.604613,14.270835,0.1120090122317682,2021-07-20
c0025,35.604613,14.270835,-0.559900132701914,2021-07-21
c0025,35.604613,14.270835,0.1643876805487369,2021-07-22
c0025,35.604613,14.270835,-0.0570199833511709,2021-07-23
c0025,35.604613,14.270835,-0.2271777116699944,2021-07-24
c0025,35.604613,14.270835,1.2579417592382571,2021-07-25
c0025,35.604613,14.270835,0.6763897607439594,2021-07-26
c0025,35.604613,14.270835,0.7514852283279568,2021-07-27
c0025,35.604613,14.270835,0.6869580662775782,2021-07-28
c0025,35.604613,14.270835,0.3467298806197211,2021-07-29
c0025,35.604613,14.270835,0.3814291321675956,2021-07-30
c0025,35.604613,14.270835,0.7168262159835825,2021-07-31
c0025,35.604613,14.270835,0.8331632950884144,2021-08-01
c0025,35.604613,14.270835,1.214234060796765,2021-08-02
c0025,35.604613,14.270835,0.8729341172868157,2021-08-03
c0025,35.604613,14.270835,0.3480318485464286,2021-08-04
c0025,35.604613,14.270835,0.7514373918713855,2021-08-05
c0025,35.604613,14.270835,-0.006923241366492,2021-08-06
c0025,35.604613,14.270835,0.4923907635342476,2021-08-07
c0025,35.604613,14.270835,1.2503376225764071,2021-08-08
c0025,35.604613,14.270835,0.534836814499876,2021-08-09
c0025,35.604613,14.270835,0.5527049590725338,2021-08-10
c0025,35.604613,14.270835,3.1830344798700336,2021-08-11
c0025,35.604613,14.270835,2.274457721128129,2021-08-12
c0025,35.604613,14.270835,0.7343898344299081,2021-08-13
c0025,35.604613,14.270835,-0.2405398873771167,2021-08-14
c0025,35.604613,14.270835,-0.7530606387785124,2021-08-15
c0025,35.604613,14.270835,-0.4436856578718166,2021-08-16
c0025,35.604613,14.270835,0.5686847439843142,2021-08-17
c0025,35.604613,14.270835,1.4863870223163,2021-08-18
c0025,35.604613,14.270835,0.4018958372627579,2021-08-19
c0025,35.604613,14.270835,0.1460564261995362,2021-08-20
c0025,35.604613,14.270835,-0.5454878993804695,2021-08-21
c0025,35.604613,14.270835,-0.7740211490585377,2021-08-22
c0025,35.604613,14.270835,0.2286381778337058,2021-08-23
c0025,35.604613,14.270835,0.2309417276530583,2021-08-24
c0025,35.604613,14.270835,0.7486032020205092,2021-08-25
c0025,35.604613,14.270835,0.6166024167246753,2021-08-26
c0025,35.604613,14.270835,-0.0170735815807205,2021-08-27
c0025,35.604613,14.270835,0.48207550639941,2021-08-28
c0025,35.604613,14.270835,0.8378778430201986,2021-08-29
c0025,35.604613,14.270835,-0.2557586078834561,2021-08-30
c0025,35.604613,14.270835,0.6231549046787497,2021-08-31
c0025,35.604613,14.270835,-0.9029859222683084,2021-09-01
c0025,35.604613,14.270835,0.9953436198339164,2021-09-02
c0025,35.604613,14.270835,1.6789576000862974,2021-09-03
c0025,35.604613,14.270835,0.8268373304586809,2021-09-04
c0025,35.604613,14.270835,-0.4400288166616389,2021-09-05
c0025,35.604613,14.270835,-0.8071079141345704,2021-09-06
c0025,35.604613,14.270835,-0.530708831872366,2021-09-07
c0025,35.604613,14.270835,0.0863689497328624,2021-09-08
c0025,35.604613,14.270835,-0.3752697633468408,2021-09-09
c0025,35.604613,14.270835,0.4391041979787471,2021-09-10
c0025,35.604613,14.270835,-0.6589936626621757,2021-09-11
c0025,35.604613,14.270835,-0.6341140133410438,2021-09-12
c0025,35.604613,14.270835,0.0440636548161722,2021-09-13
c0025,35.604613,14.270835,0.0048637290502181,2021-09-14
c0025,35.604613,14.270835,0.1171669170356317,2021-09-15
c0025,35.604613,14.270835,0.2580626968831369,2021-09-16
c0025,35.604613,14.270835,0.7168857058587677,2021-09-17
c0025,35.604613,14.270835,0.8115247357995721,2021-09-18
c0025,35.604613,14.270835,0.8568997764220203,2021-09-19
c0025,35.604613,14.270835,0.3511990552493872,2021-09-20
c0025,35.604613,14.270835,-0.9044722768545546,2021-09-21
c0025,35.604613,14.270835,-0.779566038405601,2021-09-22
c0025,35.604613,14.270835,-0.2064968302272598,2021-09-23
c0025,35.604613,14.270835,1.4161993170756109,2021-09-24
c0025,35.604613,14.270835,0.6033561238028438,2021-09-25
c0025,35.604613,14.270835,0.2950664214834655,2021-09-26
c0025,35.604613,14.270835,0.5583630597379554,2021-09-27
c0025,35.604613,14.270835,-0.655918156736391,2021-09-28
c0025,35.604613,14.270835,-0.0224419384472432,2021-09-30
c0025,35.604613,14.270835,-0.4969465014194049,2021-10-01
c0025,35.604613,14.270835,-1.1389311709918273,2021-10-02
c0025,35.604613,14.270835,-0.596817653954533,2021-10-03
c0025,35.604613,14.270835,-0.450459481492178,2021-10-04
c0025,35.604613,14.270835,0.4088780979138651,2021-10-05
c0025,35.604613,14.270835,-0.2420565923812983,2021-10-06
c0025,35.604613,14.270835,-0.7143313065815083,2021-10-07
c0025,35.604613,14.270835,-1.095112661278035,2021-10-08
c0025,35.604613,14.270835,-0.9699546780966452,2021-10-09
c0025,35.604613,14.270835,-0.4031676736213706,2021-10-10
c0025,35.604613,14.270835,-0.1741935040314116,2021-10-11
c0025,35.604613,14.270835,-0.6600311056613163,2021-10-12
c0025,35.604613,14.270835,-0.9166028952489916,2021-10-13
c0025,35.604613,14.270835,,2021-10-14
c0025,35.604613,14.270835,0.216168431068099,2021-10-15
c0025,35.604613,14.270835,0.1808107526874812,2021-10-16
c0025,35.604613,14.270835,-0.2972988816575914,2021-10-17
c0025,35.604613,14.270835,-1.0367543892647046,2021-10-18
c0025,35.604613,14.270835,-0.8890414748995786,2021-10-19
c0025,35.604613,14.270835,-0.5269812362515685,2021-10-20
c0025,35.604613,14.270835,0.3074585175889467,2021-10-21
c0025,35.604613,14.270835,0.153069325905323,2021-10-22
c0025,35.604613,14.270835,-0.1355312432962726,2021-10-23
c0025,35.604613,14.270835,0.6339221870261702,2021-10-24
c0025,35.604613,14.270835,-1.006550268914681,2021-10-25
c0025,35.604613,14.270835,0.6717854284419635,2021-10-26
c0025,35.604613,14.270835,0.5374109502400288,2021-10-27
c0025,35.604613,14.270835,-1.0629485031901764,2021-10-28
c0025,35.604613,14.270835,-1.6854119371784126,2021-10-29
c0025,35.604613,14.270835,-1.0242411068648416,2021-10-30
c0025,35.604613,14.270835,0.0541485069762576,2021-10-31
c0025,35.604613,14.270835,0.2418649418331106,2021-11-01
c0025,35.604613,14.270835,-0.1943887879134979,2021-11-02
c0025,35.604613,14.270835,-0.4293401020102059,2021-11-03
c0025,35.604613,14.270835,-1.2542596568369784,2021-11-04
c0025,35.604613,14.270835,-0.2824784565218578,2021-11-05
c0025,35.604613,14.270835,0.4270521790698358,2021-11-06
c0025,35.604613,14.270835,0.2716842248320618,2021-11-07
c0025,35.604613,14.270835,-1.1996140167736074,2021-11-08
c0025,35.604613,14.270835,-1.7420550476172525,2021-11-09
c0025,35.604613,14.270835,-0.9900951716141988,2021-11-10
c0025,35.604613,14.270835,0.271664786289534,2021-11-11
c0025,35.604613,14.270835,-0.0436963784462131,2021-11-12
c0025,35.604613,14.270835,-0.9889723671635572,2021-11-13
c0025,35.604613,14.270835,-1.6789215946008311,2021-11-14
c0025,35.604613,14.270835,-0.782219672564278,2021-11-15
c0025,35.604613,14.270835,0.6390669706596596,2021-11-16
c0025,35.604613,14.270835,0.3507710591213229,2021-11-17
c0025,35.604613,14.270835,-0.4641130599513586,2021-11-18
c0025,35.604613,14.270835,-1.1775657768533483,2021-11-19
c0025,35.604613,14.270835,-0.7934683406215006,2021-11-20
c0025,35.604613,14.270835,-0.4061612477669507,2021-11-21
c0025,35.604613,14.270835,0.5080916909253441,2021-11-22
c0025,35.604613,14.270835,-0.1721878772804652,2021-11-23
c0025,35.604613,14.270835,-0.7370853644047174,2021-11-24
c0025,35.604613,14.270835,-1.3834365376985185,2021-11-25
c0025,35.604613,14.270835,-0.2834974712659802,2021-11-26
c0025,35.604613,14.270835,0.5690024245320648,2021-11-27
c0025,35.604613,14.270835,0.0634288440450816,2021-11-28
c0025,35.604613,14.270835,-0.4828938732068971,2021-11-29
c0025,35.604613,14.270835,-0.9968440171130843,2021-11-30
c0025,35.604613,14.270835,-0.9233441498698144,2021-12-01
c0025,35.604613,14.270835,0.5640766327783242,2021-12-02
c0025,35.604613,14.270835,0.332878874135779,2021-12-03
c0025,35.604613,14.270835,-0.2580033372709237,2021-12-04
c0025,35.604613,14.270835,-0.7847858166198604,2021-12-05
c0025,35.604613,14.270835,-1.5916129094658424,2021-12-06
c0025,35.604613,14.270835,-0.3537888394645423,2021-12-07
c0025,35.604613,14.270835,0.5080875453253594,2021-12-08
c0025,35.604613,14.270835,-0.434034898085736,2021-12-09
c0025,35.604613,14.270835,-1.2261996149865884,2021-12-10
c0025,35.604613,14.270835,,2021-12-11
c0025,35.604613,14.270835,-0.4202518158225087,2021-12-12
c0025,35.604613,14.270835,0.3727324744815202,2021-12-13
c0025,35.604613,14.270835,-0.0284720940096221,2021-12-14
c0025,35.604613,14.270835,-0.939948999252102,2021-12-15
c0025,35.604613,14.270835,-1.4466226417086507,2021-12-16
c0025,35.604613,14.270835,-0.7592863555004972,2021-12-17
c0025,35.604613,14.270835,0.2920995086447241,2021-12-18
c0025,35.604613,14.270835,0.2436106726297311,2021-12-19
c0025,35.604613,14.270835,-0.5394028272294756,2021-12-20
c0025,35.604613,14.270835,-1.3251754410035137,2021-12-21
c0025,35.604613,14.270835,-1.20723251346649,2021-12-22
c0025,35.604613,14.270835,-0.777919756300162,2021-12-23
c0025,35.604613,14.270835,0.1531856354254646,2021-12-24
c0025,35.604613,14.270835,0.2603807332911807,2021-12-25
c0025,35.604613,14.270835,-0.3538458639066276,2021-12-26
c0025,35.604613,14.270835,-0.7626896893079933,2021-12-27
c0025,35.604613,14.270835,-0.5116487315460714,2021-12-28
c0025,35.604613,14.270835,0.5524636713002387,2021-12-29
c0025,35.604613,14.270835,-0.3025818568016981,2021-12-30
c0025,35.604613,14.270835,-0.6105769546204245,2021-12-31
c0025,35.604613,14.270835,-1.1864569978122637,2022-01-01
c0025,35.604613,14.270835,-0.7283078570020565,2022-01-02
c0025,35.604613,14.270835,0.3667621577960002,2022-01-03
c0025,35.604613,14.270835,0.5520948587333945,2022-01-04
c0025,35.604613,14.270835,-0.3205750488208637,2022-01-05
c0025,35.604613,14.270835,-1.243812537962696,2022-01-06
c0025,35.604613,14.270835,-1.2752214334777143,2022-01-07
c0025,35.604613,14.270835,-0.5759725077859154,2022-01-08
c0025,35.604613,14.270835,0.4390141587489879,2022-01-09
c0025,35.604613,14.270835,-0.2855641714827259,2022-01-10
c0025,35.604613,14.270835,-0.7993511899483219,2022-01-11
c0025,35.604613,14.270835,-1.1183084030778918,2022-01-12
c0025,35.604613,14.270835,-1.230539212640965,2022-01-13
c0025,35.604613,14.270835,0.2941696269531747,2022-01-14
c0025,35.604613,14.270835,-0.2727135460284374,2022-01-15
c0025,35.604613,14.270835,-0.7528285607074701,2022-01-16
c0025,35.604613,14.270835,-1.2000654441981582,2022-01-17
c0025,35.604613,14.270835,-0.7942840122011504,2022-01-18
c0025,35.604613,14.270835,0.0891787064478229,2022-01-19
c0025,35.604613,14.270835,0.2599675440054642,2022-01-20
c0025,35.604613,14.270835,-0.6445068239689713,2022-01-21
c0025,35.604613,14.270835,-1.2473202360326177,2022-01-22
c0025,35.604613,14.270835,-0.9870674499777295,2022-01-23
c0025,35.604613,14.270835,-0.8793057539682674,2022-01-24
c0025,35.604613,14.270835,0.2377124141437184,2022-01-25
c0025,35.604613,14.270835,-0.4791112210843884,2022-01-26
c0025,35.604613,14.270835,-1.302845355000494,2022-01-27
c0025,35.604613,14.270835,-1.3097172849127503,2022-01-28
c0025,35.604613,14.270835,-1.0023215031682269,2022-01-29
c0025,35.604613,14.270835,0.1162423639963244,2022-01-30
c0025,35.604613,14.270835,-0.2312907439493471,2022-01-31
c0025,35.604613,14.270835,-0.9484638009762636,2022-02-01
c0025,35.604613,14.270835,-1.051212904155738,2022-02-02
c0025,35.604613,14.270835,-0.7166070942709156,2022-02-03
c0025,35.604613,14.270835,0.1813086645965392,2022-02-04
c0025,35.604613,14.270835,0.2526543430533876,2022-02-05
c0025,35.604613,14.270835,-0.6007994652231662,2022-02-06
c0025,35.604613,14.270835,-1.2558020026082837,2022-02-07
c0025,35.604613,14.270835,-0.944663083704827,2022-02-08
c0025,35.604613,14.270835,-0.6293396864127474,2022-02-09
c0025,35.604613,14.270835,0.0222097951773094,2022-02-10
c0025,35.604613,14.270835,-0.4578170772633227,2022-02-11
c0025,35.604613,14.270835,-1.5416428478411344,2022-02-12
c0025,35.604613,14.270835,-1.3348453517286805,2022-02-13
c0025,35.604613,14.270835,-0.239927821737664,2022-02-14
c0025,35.604613,14.270835,0.9317778960918024,2022-02-15
c0025,35.604613,14.270835,-0.2632027481451439,2022-02-16
c0025,35.604613,14.270835,-0.6714559607535343,2022-02-17
c0025,35.604613,14.270835,-1.3732322163988322,2022-02-18
c0025,35.604613,14.270835,-1.3078958620071603,2022-02-19
c0025,35.604613,14.270835,1.1236825785534952,2022-02-20
c0025,35.604613,14.270835,,2022-02-22
c0025,35.604613,14.270835,-1.0563057222371317,2022-02-23
c0025,35.604613,14.270835,-1.0575243595011308,2022-02-24
c0025,35.604613,14.270835,-0.4689437325682546,2022-02-25
c0025,35.604613,14.270835,1.032295805840435,2022-02-26
c0025,35.604613,14.270835,-0.3208321828992478,2022-02-27
c0025,35.604613,14.270835,-0.5783013889925568,2022-02-28
c0025,35.604613,14.270835,-1.363705993045596,2022-03-01
c0025,35.604613,14.270835,-1.147453084044992,2022-03-02
c0025,35.604613,14.270835,-0.1787757266362001,2022-03-03
c0025,35.604613,14.270835,-0.4659148270702049,2022-03-04
c0025,35.604613,14.270835,-1.1592758640674314,2022-03-05
c0025,35.604613,14.270835,-1.637148314679408,2022-03-06
c0025,35.604613,14.270835,-1.623056538663331,2022-03-07
c0025,35.604613,14.270835,0.0563862046124944,2022-03-08
c0025,35.604613,14.270835,-0.2135912904532213,2022-03-09
c0025,35.604613,14.270835,-0.6276455706615596,2022-03-10
c0025,35.604613,14.270835,-1.599807711583008,2022-03-11
c0025,35.604613,14.270835,-1.9578892475507912,2022-03-12
c0025,35.604613,14.270835,-1.0211130813930822,2022-03-13
c0025,35.604613,14.270835,-0.0512540057453619,2022-03-14
c0025,35.604613,14.270835,-0.4211082512125256,2022-03-15
c0025,35.604613,14.270835,-1.2021174013517943,2022-03-16
c0025,35.604613,14.270835,0.3191830348724547,2022-03-17
c0025,35.604613,14.270835,0.7572346135692928,2022-03-18
c0025,35.604613,14.270835,2.7032054552177724,2022-03-19
c0025,35.604613,14.270835,0.2665577585169922,2022-03-20
c0025,35.604613,14.270835,-0.7574066644489927,2022-03-21
c0025,35.604613,14.270835,-1.505998926032864,2022-03-22
c0025,35.604613,14.270835,-0.83279559076956,2022-03-23
c0025,35.604613,14.270835,-0.0556365305526193,2022-03-24
c0025,35.604613,14.270835,0.1066971937911013,2022-03-25
c0025,35.604613,14.270835,1.8976087533642776,2022-03-26
c0025,35.604613,14.270835,-0.6755207708576232,2022-03-27
c0025,35.604613,14.270835,1.27980728939715,2022-03-28
c0025,35.604613,14.270835,0.6669418635417386,2022-03-29
c0025,35.604613,14.270835,-0.1810096297352637,2022-03-30
c0025,35.604613,14.270835,1.3822574759014776,2022-03-31
c0025,35.604613,14.270835,-0.4137333074712584,2022-04-01
c0025,35.604613,14.270835,-0.7854302994854178,2022-04-02
c0025,35.604613,14.270835,-0.6058850875343773,2022-04-03
c0025,35.604613,14.270835,0.9523273789377994,2022-04-04
c0025,35.604613,14.270835,1.2483922648370571,2022-04-05
c0025,35.604613,14.270835,-0.1015947380404048,2022-04-06
c0025,35.604613,14.270835,-0.6844151098537316,2022-04-07
c0025,35.604613,14.270835,-0.1818810886940274,2022-04-08
c0025,35.604613,14.270835,0.1439358698060984,2022-04-09
c0025,35.604613,14.270835,0.2740576106469892,2022-04-10
c0025,35.604613,14.270835,-0.3138472834114345,2022-04-11
c0025,35.604613,14.270835,-0.5828429282009809,2022-04-12
c0025,35.604613,14.270835,-1.5272909202694178,2022-04-13
c0025,35.604613,14.270835,-0.1126071304498531,2022-04-14
c0025,35.604613,14.270835,-0.5187952884024697,2022-04-15
c0025,35.604613,14.270835,2.648755571992905,2022-04-16
c0025,35.604613,14.270835,-0.6896915011796029,2022-04-17
c0025,35.604613,14.270835,-0.4684754440816661,2022-04-18
c0025,35.604613,14.270835,-0.3987261338681532,2022-04-19
c0025,35.604613,14.270835,1.8161877465490348,2022-04-20
c0025,35.604613,14.270835,1.4032432391756489,2022-04-21
c0025,35.604613,14.270835,0.8707325966240242,2022-04-22
c0025,35.604613,14.270835,-0.1765161341755648,2022-04-23
c0025,35.604613,14.270835,-1.4419226915209489,2022-04-24
c0025,35.604613,14.270835,1.9126805747578235,2022-04-25
c0025,35.604613,14.270835,1.4718357218343563,2022-04-26
c0025,35.604613,14.270835,0.9802097204771592,2022-04-27
c0025,35.604613,14.270835,0.1322569972559091,2022-04-28
c0025,35.604613,14.270835,-0.3627543650479436,2022-04-29
c0025,35.604613,14.270835,-1.2288531063630463,2022-04-30
c0025,35.604613,14.270835,0.2835521722300508,2022-05-01
c0025,35.604613,14.270835,-0.1474605183164284,2022-05-02
c0025,35.604613,14.270835,-0.5868678266753521,2022-05-03
c0025,35.604613,14.270835,1.424172452765298,2022-05-04
c0025,35.604613,14.270835,1.0568643220953344,2022-05-05
c0025,35.604613,14.270835,1.461925020375097,2022-05-06
c0025,35.604613,14.270835,-0.0680493292285596,2022-05-07
c0025,35.604613,14.270835,-0.2097888852250868,2022-05-08
c0025,35.604613,14.270835,-0.4155941324282876,2022-05-09
c0025,35.604613,14.270835,-0.6947730897587369,2022-05-10
c0025,35.604613,14.270835,0.3950727296259329,2022-05-11
c0025,35.604613,14.270835,0.305965725556237,2022-05-12
c0025,35.604613,14.270835,-0.246179045390045,2022-05-13
c0025,35.604613,14.270835,-0.1880665268094061,2022-05-14
c0025,35.604613,14.270835,0.0987228848661504,2022-05-15
c0025,35.604613,14.270835,0.1001668522787178,2022-05-16
c0025,35.604613,14.270835,0.408810735486604,2022-05-17
c0025,35.604613,14.270835,0.2164786902624307,2022-05-18
c0025,35.604613,14.270835,-0.3535372689127712,2022-05-19
c0025,35.604613,14.270835,0.8473539558117354,2022-05-20
c0025,35.604613,14.270835,-0.2629483596434863,2022-05-21
c0025,35.604613,14.270835,0.474611792141183,2022-05-22
c0025,35.604613,14.270835,0.08358576610961,2022-05-23
c0025,35.604613,14.270835,-0.1642312621886068,2022-05-24
c0025,35.604613,14.270835,1.0273916733498076,2022-05-25
c0025,35.604613,14.270835,0.2776212107686899,2022-05-26
c0025,35.604613,14.270835,0.5168973805403723,2022-05-27
c0025,35.604613,14.270835,0.3591053840669146,2022-05-28
c0025,35.604613,14.270835,0.0527398875972085,2022-05-29
c0025,35.604613,14.270835,-0.3292022218710301,2022-05-30
c0025,35.604613,14.270835,0.668612218899169,2022-05-31
c0025,35.604613,14.270835,1.3858223822013664,2022-06-01
c0025,35.604613,14.270835,0.8791777928702718,2022-06-02
c0025,35.604613,14.270835,0.3935472998817559,2022-06-03
c0025,35.604613,14.270835,0.2475049811363134,2022-06-04
c0025,35.604613,14.270835,1.6278340145923516,2022-06-05
c0025,35.604613,14.270835,0.942041969584727,2022-06-06
c0025,35.604613,14.270835,1.4139813932754828,2022-06-07
c0025,35.604613,14.270835,-0.0293185865509417,2022-06-08
c0025,35.604613,14.270835,-0.5480455742690056,2022-06-09
c0025,35.604613,14.270835,0.0128179564663324,2022-06-10
c0025,35.604613,14.270835,0.0199703783766127,2022-06-11
c0025,35.604613,14.270835,0.3259509379268974,2022-06-12
c0025,35.604613,14.270835,0.1752308914555768,2022-06-13
c0025,35.604613,14.270835,-0.2351146911821855,2022-06-14
c0025,35.604613,14.270835,-0.267097033790224,2022-06-15
c0025,35.604613,14.270835,0.3819578689295759,2022-06-16
c0025,35.604613,14.270835,-0.4156086571541162,2022-06-17
c0025,35.604613,14.270835,-0.1264178902679907,2022-06-18
c0025,35.604613,14.270835,-0.2425538656699477,2022-06-19
c0025,35.604613,14.270835,-0.5719943759826369,2022-06-20
c0025,35.604613,14.270835,0.8111165894662222,2022-06-21
c0025,35.604613,14.270835,,2022-06-22
c0025,35.604613,14.270835,1.3186156889336431,2022-06-23
c0025,35.604613,14.270835,0.9795910832156428,2022-06-24
c0025,35.604613,14.270835,0.3695139967804235,2022-06-25
c0025,35.604613,14.270835,1.2358394620488409,2022-06-26
c0025,35.604613,14.270835,0.3055942251056503,2022-06-27
c0025,35.604613,14.270835,1.2425981167679223,2022-06-28
c0025,35.604613,14.270835,1.4238182513920636,2022-06-29
c0025,35.604613,14.270835,1.2114534369959218,2022-06-30
c0025,35.604613,14.270835,1.3072656830395024,2022-07-01
c0025,35.604613,14.270835,1.172814207931008,2022-07-02
c0025,35.604613,14.270835,0.4546904457495149,2022-07-03
c0025,35.604613,14.270835,1.5652334102807417,2022-07-04
c0025,35.604613,14.270835,0.601034973584452,2022-07-05
c0025,35.604613,14.270835,0.7664668353855236,2022-07-06
c0025,35.604613,14.270835,1.7484499411037924,2022-07-07
c0025,35.604613,14.270835,0.4716842881161432,2022-07-08
c0025,35.604613,14.270835,0.3497446014569869,2022-07-09
c0025,35.604613,14.270835,-0.1357231658821528,2022-07-10
c0025,35.604613,14.270835,-0.4728838844002406,2022-07-11
c0025,35.604613,14.270835,0.6521419435243959,2022-07-12
c0025,35.604613,14.270835,-0.4156348509615025,2022-07-13
c0025,35.604613,14.270835,-0.1120011073019395,2022-07-14
c0025,35.604613,14.270835,0.1171920772316251,2022-07-15
c0025,35.604613,14.270835,-0.1969868804553974,2022-07-16
c0025,35.604613,14.270835,-0.3044119854127136,2022-07-17
c0025,35.604613,14.270835,0.0263309146070864,2022-07-18
c0025,35.604613,14.270835,-0.8259258710233474,2022-07-19
c0025,35.604613,14.270835,-0.3503433301045746,2022-07-20
c0025,35.604613,14.270835,-0.4942250015004815,2022-07-21
c0025,35.604613,14.270835,-0.4034213803791449,2022-07-22
c0025,35.604613,14.270835,0.4819077484244878,2022-07-23
c0025,35.604613,14.270835,-0.4989025203423428,2022-07-24
c0025,35.604613,14.270835,-0.179187722197005,2022-07-25
c0025,35.604613,14.270835,-0.2133978111161643,2022-07-26
c0025,35.604613,14.270835,0.1127064224835681,2022-07-27
c0025,35.604613,14.270835,0.3825497689734385,2022-07-28
c0025,35.604613,14.270835,-0.5997094978729892,2022-07-29
c0025,35.604613,14.270835,-0.0702204781659335,2022-07-30
c0025,35.604613,14.270835,-0.1702858133476458,2022-07-31
c0025,35.604613,14.270835,-0.4574633692419367,2022-08-01
c0025,35.604613,14.270835,-0.324496938632514,2022-08-02
c0025,35.604613,14.270835,-0.0810643019099583,2022-08-03
c0025,35.604613,14.270835,-1.060138832661044,2022-08-04
c0025,35.604613,14.270835,-0.3590195712216171,2022-08-05
c0025,35.604613,14.270835,-0.5709082800129248,2022-08-06
c0025,35.604613,14.270835,-0.53076539266447,2022-08-07
c0025,35.604613,14.270835,-0.5176941104283505,2022-08-08
c0025,35.604613,14.270835,-1.06840401176648,2022-08-09
c0025,35.604613,14.270835,-0.4143428507670184,2022-08-10
c0025,35.604613,14.270835,-0.2841082599550223,2022-08-11
c0025,35.604613,14.270835,-0.7904786875611827,2022-08-12
c0025,35.604613,14.270835,-0.198805747397596,2022-08-13
c0025,35.604613,14.270835,0.2329606361234909,2022-08-14
c0025,35.604613,14.270835,1.3736871896385694,2022-08-15
c0025,35.604613,14.270835,1.461788760728712,2022-08-16
c0025,35.604613,14.270835,0.6233050539680486,2022-08-17
c0025,35.604613,14.270835,0.1683866521901408,2022-08-18
c0025,35.604613,14.270835,1.068016014849654,2022-08-19
c0025,35.604613,14.270835,-0.1598670893540379,2022-08-20
c0025,35.604613,14.270835,-0.0110966146967486,2022-08-21
c0025,35.604613,14.270835,-0.4469830898260787,2022-08-22
c0025,35.604613,14.270835,-0.4293694461809063,2022-08-23
c0025,35.604613,14.270835,0.0705273274756463,2022-08-24
c0025,35.604613,14.270835,-0.5293183352932866,2022-08-25
c0025,35.604613,14.270835,-0.1691462732839182,2022-08-26
c0025,35.604613,14.270835,-0.2048391383186752,2022-08-27
c0025,35.604613,14.270835,-0.2935399013831617,2022-08-28
c0025,35.604613,14.270835,-0.3230870512336267,2022-08-29
c0025,35.604613,14.270835,0.6297558862436132,2022-08-31
c0025,35.604613,14.270835,0.0222206154832894,2022-09-01
c0025,35.604613,14.270835,-0.2782847150274716,2022-09-02
c0025,35.604613,14.270835,0.3847884157194423,2022-09-03
c0025,35.604613,14.270835,1.170576274536172,2022-09-04
c0025,35.604613,14.270835,0.8693289923391135,2022-09-05
c0025,35.604613,14.270835,1.1842492185888502,2022-09-06
c0025,35.604613,14.270835,0.2261264519594719,2022-09-07
c0025,35.604613,14.270835,0.1138639957504541,2022-09-08
c0025,35.604613,14.270835,0.9022640455226214,2022-09-09
c0025,35.604613,14.270835,0.627215732161545,2022-09-10
c0025,35.604613,14.270835,0.0392039266903797,2022-09-11
c0025,35.604613,14.270835,-0.1916163863672552,2022-09-12
c0025,35.604613,14.270835,-0.4875206332735602,2022-09-13
c0025,35.604613,14.270835,-0.48802966405883,2022-09-14
c0025,35.604613,14.270835,0.1786995116756862,2022-09-15
c0025,35.604613,14.270835,0.6075141770497349,2022-09-16
c0025,35.604613,14.270835,0.4658113530533742,2022-09-17
c0025,35.604613,14.270835,-0.0225249984010411,2022-09-18
c0025,35.604613,14.270835,1.558176166468135,2022-09-19
c0025,35.604613,14.270835,0.2312443068679932,2022-09-20
c0025,35.604613,14.270835,-0.4144210740092398,2022-09-21
c0025,35.604613,14.270835,-0.380979487783088,2022-09-22
c0025,35.604613,14.270835,-0.5839780530283365,2022-09-23
c0025,35.604613,14.270835,,2022-09-24
c0025,35.604613,14.270835,-0.3523971368129732,2022-09-25
c0025,35.604613,14.270835,-1.056123659275083,2022-09-26
c0025,35.604613,14.270835,-0.3394700449009827,2022-09-27
c0025,35.604613,14.270835,-0.1294069511544126,2022-09-28
c0025,35.604613,14.270835,-0.3804624144961263,2022-09-29
c0025,35.604613,14.270835,-0.837861434098042,2022-09-30
c0025,35.604613,14.270835,-0.5970641217586778,2022-10-01
c0025,35.604613,14.270835,0.0236519792502737,2022-10-02
c0025,35.604613,14.270835,0.0241692799404142,2022-10-03
c0025,35.604613,14.270835,-0.4854681074711318,2022-10-04
c0025,35.604613,14.270835,-0.8044398945014656,2022-10-05
c0025,35.604613,14.270835,-1.0747932169325851,2022-10-06
c0025,35.604613,14.270835,-0.7375358906849531,2022-10-07
c0025,35.604613,14.270835,-0.1774980371634111,2022-10-08
c0025,35.604613,14.270835,-0.0483283230647752,2022-10-09
c0025,35.604613,14.270835,-0.459050208402206,2022-10-10
c0025,35.604613,14.270835,-0.276635400421099,2022-10-11
c0025,35.604613,14.270835,-0.058285301404653,2022-10-12
c0025,35.604613,14.270835,0.1286378764877007,2022-10-13
c0025,35.604613,14.270835,-0.2975498634892996,2022-10-14
c0025,35.604613,14.270835,-0.5165115169162754,2022-10-15
c0025,35.604613,14.270835,-0.7915412837575487,2022-10-16
c0025,35.604613,14.270835,-0.7338339864974187,2022-10-17
c0025,35.604613,14.270835,-0.1908279200168315,2022-10-18
c0025,35.604613,14.270835,-0.1279826039338167,2022-10-19
c0025,35.604613,14.270835,-0.613417319433359,2022-10-20
c0025,35.604613,14.270835,-0.9023098731314656,2022-10-21
c0025,35.604613,14.270835,-0.7107603875272337,2022-10-22
c0025,35.604613,14.270835,-0.3855160811834513,2022-10-23
c0025,35.604613,14.270835,0.1230749871633521,2022-10-24
c0025,35.604613,14.270835,-0.2835033075202117,2022-10-25
c0025,35.604613,14.270835,-0.4216166058619238,2022-10-26
c0025,35.604613,14.270835,-0.1992851003619879,2022-10-27
c0025,35.604613,14.270835,0.1081787896496052,2022-10-28
c0025,35.604613,14.270835,0.0856646728753286,2022-10-29
c0025,35.604613,14.270835,-0.4059411627129095,2022-10-30
c0025,35.604613,14.270835,-0.5505138911902423,2022-10-31
c0025,35.604613,14.270835,-0.5883155726067001,2022-11-01
c0025,35.604613,14.270835,-0.5199436683281433,2022-11-02
c0025,35.604613,14.270835,0.1432419538488548,2022-11-03
c0025,35.604613,14.270835,0.4813969219816023,2022-11-04
c0025,35.604613,14.270835,-0.4441921565915123,2022-11-05
c0025,35.604613,14.270835,-0.6441803703448503,2022-11-06
c0025,35.604613,14.270835,-0.7692022504643119,2022-11-07
c0025,35.604613,14.270835,-0.3863736659098433,2022-11-08
c0025,35.604613,14.270835,0.0603961657006988,2022-11-09
c0025,35.604613,14.270835,-0.2044611849696032,2022-11-10
c0025,35.604613,14.270835,-0.7658385447059661,2022-11-11
c0025,35.604613,14.270835,-1.583855673369527,2022-11-12
c0025,35.604613,14.270835,-0.717821798613792,2022-11-13
c0025,35.604613,14.270835,-0.0300879063554089,2022-11-14
c0025,35.604613,14.270835,-0.2043274368945708,2022-11-15
c0025,35.604613,14.270835,,2022-11-16
c0025,35.604613,14.270835,-1.0024002148759956,2022-11-17
c0025,35.604613,14.270835,-0.3535604900308176,2022-11-18
c0025,35.604613,14.270835,0.73999954792952,2022-11-19
c0025,35.604613,14.270835,0.0140903746519416,2022-11-20
c0025,35.604613,14.270835,-0.6356130812050177,2022-11-21
c0025,35.604613,14.270835,-1.0932494798414796,2022-11-22
c0025,35.604613,14.270835,-0.7788855554318413,2022-11-23
c0025,35.604613,14.270835,-0.1968882885342901,2022-11-24
c0025,35.604613,14.270835,-0.0235533518940199,2022-11-25
c0025,35.604613,14.270835,-0.0170572610020235,2022-11-26
c0025,35.604613,14.270835,-1.0867760840118603,2022-11-27
c0025,35.604613,14.270835,-0.901014237995334,2022-11-28
c0025,35.604613,14.270835,-0.6561596240516474,2022-11-29
c0025,35.604613,14.270835,-0.5187941817135396,2022-11-30
c0025,35.604613,14.270835,-0.2473038153514466,2022-12-01
c0025,35.604613,14.270835,-0.1050228757897322,2022-12-02
c0025,35.604613,14.270835,-0.0724493553046797,2022-12-03
c0025,35.604613,14.270835,-0.2369187605311231,2022-12-04
c0025,35.604613,14.270835,-0.0341886173999496,2022-12-05
c0025,35.604613,14.270835,0.7802205675087093,2022-12-06
c0025,35.604613,14.270835,0.1278195828377274,2022-12-07
c0025,35.604613,14.270835,-0.5653133156052449,2022-12-08
c0025,35.604613,14.270835,-1.2860944120461997,2022-12-09
c0025,35.604613,14.270835,-0.5700868950669458,2022-12-10
c0025,35.604613,14.270835,-0.0260062484959955,2022-12-11
c0025,35.604613,14.270835,-0.6040424130397568,2022-12-12
c0025,35.604613,14.270835,-0.5631870730485936,2022-12-13
c0025,35.604613,14.270835,-0.6425426614584935,2022-12-14
c0025,35.604613,14.270835,-0.2266153183032857,2022-12-15
c0025,35.604613,14.270835,0.3142252100395235,2022-12-16
c0025,35.604613,14.270835,-0.058907454032544,2022-12-17
c0025,35.604613,14.270835,-0.6413590142065317,2022-12-18
c0025,35.604613,14.270835,-0.9818255319442114,2022-12-19
c0025,35.604613,14.270835,-0.8262067591308887,2022-12-20
c0025,35.604613,14.270835,-0.0487494494210576,2022-12-21
c0025,35.604613,14.270835,0.0606997805850655,2022-12-22
c0025,35.604613,14.270835,-0.4564995289887831,2022-12-23
c0025,35.604613,14.270835,-1.015938988427541,2022-12-24
c0025,35.604613,14.270835,-0.8266045863240137,2022-12-25
c0025,35.604613,14.270835,-0.4875825542107207,2022-12-26
c0025,35.604613,14.270835,-0.0971587479617466,2022-12-27
c0025,35.604613,14.270835,-0.4571298582330996,2022-12-28
c0025,35.604613,14.270835,-0.9376409053854624,2022-12-29
c0025,35.604613,14.270835,-0.8105706766052705,2022-12-30
c0025,35.604613,14.270835,-0.5906439160927394,2022-12-31
c0025,35.604613,14.270835,0.045723707595949,2023-01-01
c0025,35.604613,14.270835,-0.5376531523408794,2023-01-02
c0025,35.604613,14.270835,-0.6503808924307203,2023-01-03
c0025,35.604613,14.270835,-1.1660370851657995,2023-01-04
c0025,35.604613,14.270835,-0.8844694118752894,2023-01-05
c0025,35.604613,14.270835,-0.1548545356015718,2023-01-06
c0025,35.604613,14.270835,0.1055805824282184,2023-01-07
c0025,35.604613,14.270835,-0.6826833451864921,2023-01-08
c0025,35.604613,14.270835,-0.7106864851869824,2023-01-09
c0025,35.604613,14.270835,-0.8304056861237908,2023-01-10
c0025,35.604613,14.270835,-0.2943033645946176,2023-01-11
c0025,35.604613,14.270835,0.0183002189943011,2023-01-12
c0025,35.604613,14.270835,-0.6500867447396746,2023-01-13
c0025,35.604613,14.270835,-0.8530004588221356,2023-01-14
c0025,35.604613,14.270835,-0.8946664449466473,2023-01-15
c0025,35.604613,14.270835,-0.4947284639599446,2023-01-16
c0025,35.604613,14.270835,0.5375656629181179,2023-01-18
c0025,35.604613,14.270835,-0.675309931026411,2023-01-19
c0025,35.604613,14.270835,-0.7563694804741848,2023-01-20
c0025,35.604613,14.270835,-0.5932660354633172,2023-01-21
c0025,35.604613,14.270835,0.1292344978006956,2023-01-22
c0025,35.604613,14.270835,-0.2725941310675009,2023-01-23
c0025,35.604613,14.270835,-0.8733559806433078,2023-01-24
c0025,35.604613,14.270835,-0.8676787976452187,2023-01-25
c0025,35.604613,14.270835,-0.8777106188960814,2023-01-26
c0025,35.604613,14.270835,-0.6326024946548368,2023-01-27
c0025,35.604613,14.270835,-0.0600858105636265,2023-01-28
c0025,35.604613,14.270835,-0.8683499302776688,2023-01-29
c0025,35.604613,14.270835,-1.0581607465089098,2023-01-30
c0025,35.604613,14.270835,-1.1077012749939203,2023-01-31
c0025,35.604613,14.270835,-0.8215031624403766,2023-02-01
c0025,35.604613,14.270835,0.0944282352035662,2023-02-02
c0025,35.604613,14.270835,-0.5351356520824869,2023-02-03
c0025,35.604613,14.270835,-0.8242512843428063,2023-02-04
c0025,35.604613,14.270835,-0.7403590309309427,2023-02-05
c0025,35.604613,14.270835,-1.0788497317130843,2023-02-06
c0025,35.604613,14.270835,-0.3322238642410185,2023-02-07
c0025,35.604613,14.270835,-0.1935900660712811,2023-02-08
c0025,35.604613,14.270835,-0.3516077808290246,2023-02-09
c0025,35.604613,14.270835,-1.119107840018177,2023-02-10
c0025,35.604613,14.270835,-1.2194585384607917,2023-02-11
c0025,35.604613,14.270835,-0.6540772574517844,2023-02-12
c0025,35.604613,14.270835,-0.5512711203050549,2023-02-13
c0025,35.604613,14.270835,-1.034317135662746,2023-02-14
c0025,35.604613,14.270835,-1.3856668154677,2023-02-15
c0025,35.604613,14.270835,-1.4465200589455685,2023-02-16
c0025,35.604613,14.270835,-1.5067897747877292,2023-02-17
c0025,35.604613,14.270835,-0.3956133410410203,2023-02-18
c0025,35.604613,14.270835,-0.7245478545871559,2023-02-19
c0025,35.604613,14.270835,-0.9384268454429148,2023-02-20
c0025,35.604613,14.270835,-0.9771560405312028,2023-02-21
c0025,35.604613,14.270835,-0.6456784796527011,2023-02-22
c0025,35.604613,14.270835,0.8224785842115879,2023-02-23
c0025,35.604613,14.270835,0.6649059534300393,2023-02-24
c0025,35.604613,14.270835,-0.4217642603456425,2023-02-25
c0025,35.604613,14.270835,-0.9760125207845114,2023-02-26
c0025,35.604613,14.270835,0.1550472129028456,2023-02-27
c0025,35.604613,14.270835,0.5362854462215284,2023-02-28
c0025,35.604613,14.270835,0.3505393984595443,2023-03-01
c0025,35.604613,14.270835,-0.4963775108476443,2023-03-02
c0025,35.604613,14.270835,-0.1451190674235769,2023-03-03
c0025,35.604613,14.270835,-0.774106673309243,2023-03-04
c0025,35.604613,14.270835,-1.0149401607579622,2023-03-05
c0025,35.604613,14.270835,-0.1665857949078824,2023-03-06
c0025,35.604613,14.270835,-0.4558347832973802,2023-03-07
c0025,35.604613,14.270835,-0.6568948338517588,2023-03-08
c0025,35.604613,14.270835,-0.6457350391269217,2023-03-09
c0025,35.604613,14.270835,-1.0680209457167191,2023-03-10
c0025,35.604613,14.270835,-0.1229753094296128,2023-03-11
c0025,35.604613,14.270835,0.3012240682969837,2023-03-12
c0025,35.604613,14.270835,-0.7201009616742992,2023-03-13
c0025,35.604613,14.270835,-0.6092109317330533,2023-03-14
c0025,35.604613,14.270835,-0.7046442536268928,2023-03-15
c0025,35.604613,14.270835,-0.6794950765345541,2023-03-16
c0025,35.604613,14.270835,-0.2246631960851206,2023-03-17
c0025,35.604613,14.270835,-0.5622350363926144,2023-03-18
c0025,35.604613,14.270835,-0.6822071735000307,2023-03-19
c0025,35.604613,14.270835,-1.0850238160955814,2023-03-20
c0025,35.604613,14.270835,2.0014092297419697,2023-03-21
c0025,35.604613,14.270835,-0.1756387351364015,2023-03-22
c0025,35.604613,14.270835,-0.3509978729633519,2023-03-23
c0025,35.604613,14.270835,-0.8100226712048522,2023-03-24
c0025,35.604613,14.270835,-0.7289163620855916,2023-03-25
c0025,35.604613,14.270835,-0.5696401713329684,2023-03-26
c0025,35.604613,14.270835,-0.0665916954208112,2023-03-27
c0025,35.604613,14.270835,-0.16275053734082,2023-03-28
c0025,35.604613,14.270835,-0.7049489744863134,2023-03-29
c0025,35.604613,14.270835,-0.5660714260075161,2023-03-30
c0025,35.604613,14.270835,-0.3490819791016679,2023-03-31
c0025,35.604613,14.270835,-1.526548363146063,2023-04-01
c0025,35.604613,14.270835,-0.4097075739919091,2023-04-02
c0025,35.604613,14.270835,-0.4478140085719438,2023-04-03
c0025,35.604613,14.270835,-0.6148065341574228,2023-04-04
c0025,35.604613,14.270835,-1.246799501761108,2023-04-05
c0025,35.604613,14.270835,-0.0875726755373012,2023-04-06
c0025,35.604613,14.270835,0.4119860360359532,2023-04-07
c0025,35.604613,14.270835,-0.4662457791503643,2023-04-08
c0025,35.604613,14.270835,-0.2419351752628605,2023-04-09
c0025,35.604613,14.270835,-0.2374555002539616,2023-04-10
c0025,35.604613,14.270835,-0.3015790508015727,2023-04-11
c0025,35.604613,14.270835,-0.0335560599416914,2023-04-12
c0025,35.604613,14.270835,0.4643785682189645,2023-04-13
c0025,35.604613,14.270835,-0.6330509980232031,2023-04-14
c0025,35.604613,14.270835,-1.0924457213608616,2023-04-15
c0025,35.604613,14.270835,-0.7776111489786584,2023-04-16
c0025,35.604613,14.270835,-0.4805144353162179,2023-04-17
c0025,35.604613,14.270835,0.0261563381706232,2023-04-18
c0025,35.604613,14.270835,-0.3580537085669317,2023-04-19
c0025,35.604613,14.270835,0.4159463871311595,2023-04-20
c0025,35.604613,14.270835,0.2243754485026698,2023-04-21
c0025,35.604613,14.270835,-0.1647473233296686,2023-04-22
c0025,35.604613,14.270835,-0.2111704325323985,2023-04-23
c0025,35.604613,14.270835,-0.252197576742669,2023-04-24
c0025,35.604613,14.270835,-0.3466847362009024,2023-04-25
c0025,35.604613,14.270835,-0.001510154207697,2023-04-26
c0025,35.604613,14.270835,-0.1716203537144916,2023-04-27
c0025,35.604613,14.270835,-0.004535929017669,2023-04-28
c0025,35.604613,14.270835,-0.0087906199126234,2023-04-29
c0025,35.604613,14.270835,-0.1339972289949197,2023-04-30
c0025,35.604613,14.270835,-0.5571581394683414,2023-05-01
c0025,35.604613,14.270835,-0.3903326775497113,2023-05-02
c0025,35.604613,14.270835,-0.774237634948395,2023-05-03
c0025,35.604613,14.270835,-0.2161293602240505,2023-05-04
c0025,35.604613,14.270835,-0.4369965131047318,2023-05-05
c0025,35.604613,14.270835,-0.3420474930242929,2023-05-06
c0025,35.604613,14.270835,1.6175661416213636,2023-05-07
c0025,35.604613,14.270835,-0.8982864231168721,2023-05-08
c0025,35.604613,14.270835,1.0606983770281428,2023-05-09
c0025,35.604613,14.270835,-0.3544165243330195,2023-05-10
c0025,35.604613,14.270835,-0.4818676196684394,2023-05-11
c0025,35.604613,14.270835,-1.0642092317319634,2023-05-12
c0025,35.604613,14.270835,-0.7680891737119259,2023-05-13
c0025,35.604613,14.270835,0.0078320026931237,2023-05-14
c0025,35.604613,14.270835,1.113573125933454,2023-05-15
c0025,35.604613,14.270835,-0.2734307450921619,2023-05-16
c0025,35.604613,14.270835,-0.0304934916521206,2023-05-17
c0025,35.604613,14.270835,0.3719366226351294,2023-05-18
c0025,35.604613,14.270835,-0.9678936077278844,2023-05-19
c0025,35.604613,14.270835,0.5970884681404108,2023-05-20
c0025,35.604613,14.270835,0.4086042941108808,2023-05-21
c0025,35.604613,14.270835,-0.350457854611365,2023-05-22
c0025,35.604613,14.270835,1.2126172945096751,2023-05-23
c0025,35.604613,14.270835,0.3666377674643677,2023-05-24
c0025,35.604613,14.270835,0.0011630562367024,2023-05-25
c0025,35.604613,14.270835,-0.1649903247566533,2023-05-26
c0025,35.604613,14.270835,-0.3690188913105257,2023-05-27
c0025,35.604613,14.270835,0.6472267818824563,2023-05-28
c0025,35.604613,14.270835,-1.1509277263483977,2023-05-29
c0025,35.604613,14.270835,-0.6495966056197787,2023-05-30
c0025,35.604613,14.270835,-0.050796421337567,2023-05-31
c0025,35.604613,14.270835,-0.251838185447832,2023-06-01
c0025,35.604613,14.270835,-0.0834068083767074,2023-06-02
c0025,35.604613,14.270835,0.1256970484977541,2023-06-03
c0025,35.604613,14.270835,-0.3196127691839456,2023-06-04
c0025,35.604613,14.270835,0.0559929425146594,2023-06-05
c0025,35.604613,14.270835,-0.4995060043573198,2023-06-06
c0025,35.604613,14.270835,-0.5274111846579825,2023-06-07
c0025,35.604613,14.270835,0.1632907459185742,2023-06-08
c0025,35.604613,14.270835,0.1756886096364014,2023-06-09
c0025,35.604613,14.270835,-0.8204549998398586,2023-06-10
c0025,35.604613,14.270835,-0.0057161371582258,2023-06-11
c0025,35.604613,14.270835,-0.4952158489867642,2023-06-12
c0025,35.604613,14.270835,-0.0132153885097924,2023-06-13
c0025,35.604613,14.270835,0.1263551689040041,2023-06-14
c0025,35.604613,14.270835,-0.0064827574183548,2023-06-15
c0025,35.604613,14.270835,0.981206947990603,2023-06-16
c0025,35.604613,14.270835,-0.4490035507206366,2023-06-17
c0025,35.604613,14.270835,0.3157436993401607,2023-06-18
c0025,35.604613,14.270835,0.5794731009646789,2023-06-19
c0025,35.604613,14.270835,0.083837568174484,2023-06-20
c0025,35.604613,14.270835,1.414056872901183,2023-06-21
c0025,35.604613,14.270835,0.5715260196484839,2023-06-22
c0025,35.604613,14.270835,0.7244040107831856,2023-06-23
c0025,35.604613,14.270835,1.0758671829207784,2023-06-24
c0025,35.604613,14.270835,-0.431473462207859,2023-06-25
c0025,35.604613,14.270835,-0.103358992098289,2023-06-26
c0025,35.604613,14.270835,-0.3263304207025425,2023-06-27
c0025,35.604613,14.270835,-0.590450636180236,2023-06-28
c0025,35.604613,14.270835,0.2932884464939888,2023-06-29
c0025,35.604613,14.270835,0.3978218451960226,2023-06-30
c0025,35.604613,14.270835,0.6217131875004379,2023-07-01
c0025,35.604613,14.270835,0.2182028449954451,2023-07-02
c0025,35.604613,14.270835,-0.2446442892420042,2023-07-03
c0025,35.604613,14.270835,0.216418355549482,2023-07-04
c0025,35.604613,14.270835,0.6005495484334468,2023-07-05
c0025,35.604613,14.270835,-0.2920375506224853,2023-07-06
c0025,35.604613,14.270835,0.8476029741971685,2023-07-07
c0025,35.604613,14.270835,1.5059652115946642,2023-07-08
c0025,35.604613,14.270835,0.748572402837162,2023-07-09
c0025,35.604613,14.270835,1.7798927043025987,2023-07-10
c0025,35.604613,14.270835,-0.4401216521506008,2023-07-11
c0025,35.604613,14.270835,-0.0129505452042139,2023-07-12
c0025,35.604613,14.270835,-0.0043069992871635,2023-07-13
c0025,35.604613,14.270835,-0.2632207065996596,2023-07-14
c0025,35.604613,14.270835,1.0969239653948235,2023-07-15
c0025,35.604613,14.270835,0.529430352472514,2023-07-16
c0025,35.604613,14.270835,0.492221794140527,2023-07-17
c0025,35.604613,14.270835,0.7494257556534663,2023-07-18
c0025,35.604613,14.270835,,2023-07-19
c0025,35.604613,14.270835,0.5848609275435297,2023-07-20
c0025,35.604613,14.270835,0.6310381710128652,2023-07-21
c0025,35.604613,14.270835,0.4241868362423979,2023-07-22
c0025,35.604613,14.270835,0.725954113473286,2023-07-23
c0025,35.604613,14.270835,0.2649223642739241,2023-07-24
c0025,35.604613,14.270835,0.4490369906374061,2023-07-25
c0025,35.604613,14.270835,1.1993645331032503,2023-07-26
c0025,35.604613,14.270835,-0.3158447785843135,2023-07-27
c0025,35.604613,14.270835,1.8074233418778596,2023-07-28
c0025,35.604613,14.270835,0.9478803172735448,2023-07-29
c0025,35.604613,14.270835,1.0576321178818593,2023-07-30
c0025,35.604613,14.270835,0.3041306446034545,2023-07-31
c0025,35.604613,14.270835,-0.1408954253359139,2023-08-01
c0025,35.604613,14.270835,-0.082234959795572,2023-08-02
c0025,35.604613,14.270835,-0.0820872395497834,2023-08-03
c0025,35.604613,14.270835,-0.0764014682646539,2023-08-04
c0025,35.604613,14.270835,-0.1412723914558395,2023-08-05
c0025,35.604613,14.270835,0.1446990480118464,2023-08-06
c0025,35.604613,14.270835,-0.1343902026956206,2023-08-07
c0025,35.604613,14.270835,-0.399864947124175,2023-08-10
c0025,35.604613,14.270835,0.1876316776344403,2023-08-11
c0025,35.604613,14.270835,-0.7085886668740055,2023-08-12
c0025,35.604613,14.270835,-0.4887400123536068,2023-08-13
c0025,35.604613,14.270835,-0.5478314878900165,2023-08-14
c0025,35.604613,14.270835,,2023-08-15
c0025,35.604613,14.270835,-0.169856272794414,2023-08-16
c0025,35.604613,14.270835,-0.309774535957133,2023-08-17
c0025,35.604613,14.270835,0.1059539678699403,2023-08-18
c0025,35.604613,14.270835,0.5623999832870257,2023-08-19
c0025,35.604613,14.270835,-0.2231962870070182,2023-08-20
c0025,35.604613,14.270835,-1.2022126915939868,2023-08-21
c0025,35.604613,14.270835,-0.5773678040199803,2023-08-22
c0025,35.604613,14.270835,2.8969901596022645,2023-08-23
c0025,35.604613,14.270835,0.5845794147748913,2023-08-24
c0025,35.604613,14.270835,0.0206037191887821,2023-08-25
c0025,35.604613,14.270835,-0.3382874768890243,2023-08-26
c0025,35.604613,14.270835,-0.086053914478775,2023-08-27
c0025,35.604613,14.270835,0.5036913294671015,2023-08-28
c0025,35.604613,14.270835,0.2004181276809998,2023-08-29
c0025,35.604613,14.270835,0.0302216353540094,2023-08-30
c0025,35.604613,14.270835,-0.402242490525481,2023-08-31
c0025,35.604613,14.270835,-0.3197008074615065,2023-09-01
c0025,35.604613,14.270835,-0.2969671371364638,2023-09-02
c0025,35.604613,14.270835,0.024986953640398,2023-09-03
c0025,35.604613,14.270835,-0.4764943802706703,2023-09-04
c0025,35.604613,14.270835,-0.4344989938205625,2023-09-05
c0025,35.604613,14.270835,-0.6669018586679984,2023-09-06
c0025,35.604613,14.270835,-0.8194338381158437,2023-09-07
c0025,35.604613,14.270835,-1.3129161781594196,2023-09-08
c0025,35.604613,14.270835,-0.1613621347409565,2023-09-09
c0025,35.604613,14.270835,-0.2665051304333127,2023-09-10
c0025,35.604613,14.270835,-0.5592866946194017,2023-09-11
c0025,35.604613,14.270835,-0.6836659143497922,2023-09-12
c0025,35.604613,14.270835,-0.5507568362900295,2023-09-13
c0025,35.604613,14.270835,-0.0357984162248788,2023-09-14
c0025,35.604613,14.270835,-0.007572797548275,2023-09-15
c0025,35.604613,14.270835,-0.0980648444116496,2023-09-16
c0025,35.604613,14.270835,0.0675598726334598,2023-09-17
c0025,35.604613,14.270835,0.6607915063344674,2023-09-18
c0025,35.604613,14.270835,2.2316330236525226,2023-09-19
c0025,35.604613,14.270835,1.636783871673376,2023-09-20
c0025,35.604613,14.270835,1.076700715040603,2023-09-21
c0025,35.604613,14.270835,0.2951674685419646,2023-09-22
c0025,35.604613,14.270835,-0.0386808530779236,2023-09-23
c0025,35.604613,14.270835,-0.0052856037687111,2023-09-24
c0025,35.604613,14.270835,0.2188167400932099,2023-09-25
c0025,35.604613,14.270835,-0.3275865069531554,2023-09-26
c0025,35.604613,14.270835,-0.6181793103120106,2023-09-27
c0025,35.604613,14.270835,-0.4439912608589016,2023-09-28
c0025,35.604613,14.270835,-0.4109357481929979,2023-09-29
c0025,35.604613,14.270835,0.062191731949518,2023-09-30
c0025,35.604613,14.270835,-0.4925081472493427,2023-10-01
c0025,35.604613,14.270835,-0.3680985199705204,2023-10-02
c0025,35.604613,14.270835,-0.7851969238833891,2023-10-03
c0025,35.604613,14.270835,-0.5540755689892,2023-10-04
c0025,35.604613,14.270835,0.1491405677450345,2023-10-05
c0025,35.604613,14.270835,-0.063333436332008,2023-10-06
c0025,35.604613,14.270835,-0.4979393189081603,2023-10-07
c0025,35.604613,14.270835,-0.9557263601059428,2023-10-08
c0025,35.604613,14.270835,-0.5051125952840004,2023-10-09
c0025,35.604613,14.270835,-0.0234244377528962,2023-10-10
c0025,35.604613,14.270835,0.3706750978488402,2023-10-11
c0025,35.604613,14.270835,-0.1120607954245382,2023-10-12
c0025,35.604613,14.270835,-0.4054094551473896,2023-10-13
c0025,35.604613,14.270835,-0.5100405572324563,2023-10-14
c0025,35.604613,14.270835,-0.2192911031821807,2023-10-15
c0025,35.604613,14.270835,0.182303326962525,2023-10-16
c0025,35.604613,14.270835,0.0222356200302645,2023-10-17
c0025,35.604613,14.270835,0.1197509546735556,2023-10-18
c0025,35.604613,14.270835,-0.2769686056800624,2023-10-19
c0025,35.604613,14.270835,0.2495028232162383,2023-10-20
c0025,35.604613,14.270835,2.820043701795663,2023-10-21
c0025,35.604613,14.270835,0.823131010422333,2023-10-22
c0025,35.604613,14.270835,0.161599558007725,2023-10-23
c0025,35.604613,14.270835,-0.4867329856236213,2023-10-24
c0025,35.604613,14.270835,-0.7702375652498968,2023-10-25
c0025,35.604613,14.270835,-0.5643202518041706,2023-10-26
c0025,35.604613,14.270835,0.2642804829400425,2023-10-27
c0025,35.604613,14.270835,-0.2142199695540166,2023-10-28
c0025,35.604613,14.270835,-0.4564641431787783,2023-10-29
c0025,35.604613,14.270835,-0.1437427461217479,2023-10-30
c0025,35.604613,14.270835,0.5783902286959497,2023-10-31
c0025,35.604613,14.270835,0.8637241711180216,2023-11-01
c0025,35.604613,14.270835,-0.0433701131261747,2023-11-02
c0025,35.604613,14.270835,-0.3991587092941076,2023-11-03
c0025,35.604613,14.270835,-0.9289473948161114,2023-11-04
c0025,35.604613,14.270835,-0.1005093927979645,2023-11-05
c0025,35.604613,14.270835,0.1929437810250174,2023-11-06
c0025,35.604613,14.270835,0.7123775415054738,2023-11-07
c0025,35.604613,14.270835,0.4520316627071274,2023-11-08
c0025,35.604613,14.270835,-0.285782658308765,2023-11-09
c0025,35.604613,14.270835,-0.5911506810622867,2023-11-10
c0025,35.604613,14.270835,-0.4176405289785675,2023-11-11
c0025,35.604613,14.270835,-0.024614119673418,2023-11-12
c0025,35.604613,14.270835,-0.2715997612733482,2023-11-13
c0025,35.604613,14.270835,-0.5667774463534592,2023-11-14
c0025,35.604613,14.270835,-0.4122146170783245,2023-11-15
c0025,35.604613,14.270835,-0.3456041318710482,2023-11-16
c0025,35.604613,14.270835,0.045929528168235,2023-11-17
c0025,35.604613,14.270835,-0.2277039174200059,2023-11-18
c0025,35.604613,14.270835,-0.4790285025900521,2023-11-19
c0025,35.604613,14.270835,-0.6666583362051446,2023-11-20
c0025,35.604613,14.270835,-0.7678124125372491,2023-11-21
c0025,35.604613,14.270835,0.3330773417010613,2023-11-23
c0025,35.604613,14.270835,-0.7862897229674164,2023-11-24
c0025,35.604613,14.270835,-1.1079812117887606,2023-11-25
c0025,35.604613,14.270835,-0.8663001271925416,2023-11-26
c0025,35.604613,14.270835,-0.6537713277697487,2023-11-27
c0025,35.604613,14.270835,0.3823389341465019,2023-11-28
c0025,35.604613,14.270835,-0.4715584928678332,2023-11-29
c0025,35.604613,14.270835,-0.4994641459378518,2023-11-30
c0025,35.604613,14.270835,-1.5190804280014734,2023-12-01
c0025,35.604613,14.270835,-0.4465779095440955,2023-12-02
c0025,35.604613,14.270835,0.4560081112471992,2023-12-03
c0025,35.604613,14.270835,-0.3613393633476919,2023-12-04
c0025,35.604613,14.270835,-0.6496476406222542,2023-12-05
c0025,35.604613,14.270835,-1.3619346195375197,2023-12-06
c0025,35.604613,14.270835,-0.6648146826636095,2023-12-07
c0025,35.604613,14.270835,0.5513014890330483,2023-12-08
c0025,35.604613,14.270835,0.2396241198763872,2023-12-09
c0025,35.604613,14.270835,-0.62331625131577,2023-12-10
c0025,35.604613,14.270835,-0.7406598422657794,2023-12-11
c0025,35.604613,14.270835,-0.6551741167284559,2023-12-12
c0025,35.604613,14.270835,-0.5518235614882111,2023-12-13
c0025,35.604613,14.270835,0.3230251044410842,2023-12-14
c0025,35.604613,14.270835,-0.494911264774187,2023-12-15
c0025,35.604613,14.270835,-0.7502404441435774,2023-12-16
c0025,35.604613,14.270835,-1.476727793611714,2023-12-17
c0025,35.604613,14.270835,-1.0052950321409315,2023-12-18
c0025,35.604613,14.270835,0.2180055286272171,2023-12-19
c0025,35.604613,14.270835,-0.4373973131533367,2023-12-20
c0025,35.604613,14.270835,-0.9848864793399096,2023-12-21
c0025,35.604613,14.270835,-1.3666389267861665,2023-12-22
c0025,35.604613,14.270835,-0.4725296811976187,2023-12-23
c0025,35.604613,14.270835,0.2829452264958154,2023-12-24
c0025,35.604613,14.270835,0.3271970246472384,2023-12-25
c0025,35.604613,14.270835,-0.6018496581907288,2023-12-26
c0025,35.604613,14.270835,-1.3578155963728746,2023-12-27
c0025,35.604613,14.270835,-0.9745633743993206,2023-12-28
c0025,35.604613,14.270835,-0.6932839990397961,2023-12-29
c0025,35.604613,14.270835,0.3440558710240832,2023-12-30
c0025,35.604613,14.270835,-0.510501046031583,2023-12-31
c0025,35.604613,14.270835,-1.0496722209353349,2024-01-01
c0025,35.604613,14.270835,-1.5268889330634072,2024-01-02
c0025,35.604613,14.270835,-0.9433638838495269,2024-01-03
c0025,35.604613,14.270835,-0.0296069504929868,2024-01-04
c0025,35.604613,14.270835,-0.1734622648756277,2024-01-05
c0025,35.604613,14.270835,-0.57460998746645,2024-01-06
c0025,35.604613,14.270835,-0.7131027283956428,2024-01-07
c0025,35.604613,14.270835,-0.6711794727166557,2024-01-08
c0025,35.604613,14.270835,-0.105602773553074,2024-01-09
c0025,35.604613,14.270835,0.1207733733491877,2024-01-10
c0025,35.604613,14.270835,-0.6426486853602462,2024-01-11
c0025,35.604613,14.270835,-1.1899119372092404,2024-01-12
c0025,35.604613,14.270835,-0.8787413493715672,2024-01-13
c0025,35.604613,14.270835,-1.17457715442744,2024-01-14
c0025,35.604613,14.270835,0.6468293421920885,2024-01-15
c0025,35.604613,14.270835,-0.3094361799807626,2024-01-16
c0025,35.604613,14.270835,-1.1644641238498212,2024-01-17
c0025,35.604613,14.270835,-0.2217252754395808,2024-01-18
c0025,35.604613,14.270835,-0.9469177403663944,2024-01-19
c0025,35.604613,14.270835,0.5085009212806807,2024-01-20
c0025,35.604613,14.270835,-0.6470564458114579,2024-01-21
c0025,35.604613,14.270835,-0.9681701896201786,2024-01-22
c0025,35.604613,14.270835,-1.3289344689565885,2024-01-23
c0025,35.604613,14.270835,-0.7680560182747292,2024-01-24
c0025,35.604613,14.270835,-0.4191437961894451,2024-01-25
c0025,35.604613,14.270835,0.1439140811327747,2024-01-26
c0025,35.604613,14.270835,-1.21283669208941,2024-01-27
c0025,35.604613,14.270835,-1.0201489504983974,2024-01-28
c0025,35.604613,14.270835,-1.1429358300214445,2024-01-29
c0025,35.604613,14.270835,-0.7587135145103905,2024-01-30
c0025,35.604613,14.270835,-0.0792719342083437,2024-01-31
c0025,35.604613,14.270835,-0.6725386302409814,2024-02-01
c0025,35.604613,14.270835,-1.041286754575733,2024-02-02
c0025,35.604613,14.270835,-1.1483459987579214,2024-02-03
c0025,35.604613,14.270835,-0.6807063869105686,2024-02-04
c0025,35.604613,14.270835,0.3083955708060746,2024-02-05
c0025,35.604613,14.270835,-0.5440775486247567,2024-02-06
c0025,35.604613,14.270835,-0.818679020073599,2024-02-07
c0025,35.604613,14.270835,-0.9935046581839212,2024-02-08
c0025,35.604613,14.270835,-0.8679200513944653,2024-02-09
c0025,35.604613,14.270835,-0.0915298326642855,2024-02-10
c0025,35.604613,14.270835,0.2460034820564977,2024-02-11
c0025,35.604613,14.270835,-0.8525146307504353,2024-02-12
c0025,35.604613,14.270835,-0.9320840727446704,2024-02-13
c0025,35.604613,14.270835,-0.5746511216151757,2024-02-14
c0025,35.604613,14.270835,-0.6066146474020983,2024-02-15
c0025,35.604613,14.270835,-0.0863764433656045,2024-02-16
c0025,35.604613,14.270835,-0.3651184195700123,2024-02-17
c0025,35.604613,14.270835,-0.9247876177505682,2024-02-18
c0025,35.604613,14.270835,-0.9570247486335623,2024-02-19
c0025,35.604613,14.270835,-1.0903300193141896,2024-02-20
c0025,35.604613,14.270835,-0.5196075294256421,2024-02-21
c0025,35.604613,14.270835,-0.6261586474072518,2024-02-22
c0025,35.604613,14.270835,-0.5495314823564063,2024-02-23
c0025,35.604613,14.270835,-0.5515457204043444,2024-02-24
c0025,35.604613,14.270835,-0.8463506395735572,2024-02-25
c0025,35.604613,14.270835,-0.176291584955658,2024-02-26
c0025,35.604613,14.270835,0.0677360313061357,2024-02-27
c0025,35.604613,14.270835,0.530878873906104,2024-02-28
c0025,35.604613,14.270835,-0.8340177906681102,2024-02-29
c0025,35.604613,14.270835,-0.7054982216502971,2024-03-01
c0025,35.604613,14.270835,-0.3686062924818372,2024-03-02
c0025,35.604613,14.270835,0.1198818560588489,2024-03-03
c0025,35.604613,14.270835,-0.3636130643130311,2024-03-04
c0025,35.604613,14.270835,-0.7596861685658739,2024-03-05
c0025,35.604613,14.270835,-0.935946923749302,2024-03-06
c0025,35.604613,14.270835,-0.7910184112652142,2024-03-07
c0025,35.604613,14.270835,-0.0670793076300923,2024-03-08
c0025,35.604613,14.270835,0.321681013531236,2024-03-09
c0025,35.604613,14.270835,0.2886088880495209,2024-03-10
c0025,35.604613,14.270835,-0.5515739562168034,2024-03-11
c0025,35.604613,14.270835,-0.7007008013421433,2024-03-12
c0025,35.604613,14.270835,-0.1561364161737518,2024-03-13
c0025,35.604613,14.270835,-0.3473738879648795,2024-03-14
c0025,35.604613,14.270835,-0.6783310502656769,2024-03-15
c0025,35.604613,14.270835,-0.9077743088343944,2024-03-16
c0025,35.604613,14.270835,-0.735004654755532,2024-03-17
c0025,35.604613,14.270835,-0.7105144555199449,2024-03-18
c0025,35.604613,14.270835,-0.1112755318371626,2024-03-19
c0025,35.604613,14.270835,-0.4666359834225404,2024-03-20
c0025,35.604613,14.270835,-0.8255436471226701,2024-03-21
c0025,35.604613,14.270835,-0.7123275495661473,2024-03-22
c0025,35.604613,14.270835,-0.8865337382566023,2024-03-23
c0025,35.604613,14.270835,0.0295520104587411,2024-03-24
c0025,35.604613,14.270835,1.2429051576107302,2024-03-25
c0025,35.604613,14.270835,1.5936402438713848,2024-03-26
c0025,35.604613,14.270835,1.7064257366624975,2024-03-27
c0025,35.604613,14.270835,-0.3749149683066148,2024-03-28
c0025,35.604613,14.270835,0.4388599495627873,2024-03-29
c0025,35.604613,14.270835,2.5259781825462047,2024-03-30
c0025,35.604613,14.270835,0.6185764562857531,2024-03-31
c0025,35.604613,14.270835,0.0653617972899621,2024-04-01
c0025,35.604613,14.270835,0.0240995488888111,2024-04-02
c0025,35.604613,14.270835,-0.4983700383491959,2024-04-03
c0025,35.604613,14.270835,-0.1278332634430302,2024-04-04
c0025,35.604613,14.270835,-0.4544747891068568,2024-04-05
c0025,35.604613,14.270835,-0.5222901636159917,2024-04-06
c0025,35.604613,14.270835,0.0513939964639347,2024-04-07
c0025,35.604613,14.270835,-0.5031097788704775,2024-04-08
c0025,35.604613,14.270835,-0.0160423167890595,2024-04-09
c0025,35.604613,14.270835,1.311396542966812,2024-04-10
c0025,35.604613,14.270835,-0.6596254704572622,2024-04-11
c0025,35.604613,14.270835,0.0235130187843094,2024-04-12
c0025,35.604613,14.270835,1.162784054414866,2024-04-13
c0025,35.604613,14.270835,1.0974056425471526,2024-04-14
c0025,35.604613,14.270835,-0.2140869410902066,2024-04-15
c0025,35.604613,14.270835,0.562855761741446,2024-04-16
c0025,35.604613,14.270835,-0.2488216578178138,2024-04-17
c0025,35.604613,14.270835,-0.3984147033498498,2024-04-18
c0025,35.604613,14.270835,-0.552501136466374,2024-04-19
c0025,35.604613,14.270835,-0.0141775947291756,2024-04-20
c0025,35.604613,14.270835,0.713431546745368,2024-04-21
c0025,35.604613,14.270835,0.2970069332679613,2024-04-22
c0025,35.604613,14.270835,0.1032968134838645,2024-04-23
c0025,35.604613,14.270835,-0.7400949622274183,2024-04-24
c0025,35.604613,14.270835,-0.0420808953930249,2024-04-25
c0025,35.604613,14.270835,-0.1558780405508149,2024-04-26
c0025,35.604613,14.270835,0.5681861135297277,2024-04-27
c0025,35.604613,14.270835,0.9045923372236576,2024-04-28
c0025,35.604613,14.270835,0.6699283000507497,2024-04-29
c0025,35.604613,14.270835,-0.2644132501894362,2024-04-30
c0025,35.604613,14.270835,0.8121184575943489,2024-05-01
c0025,35.604613,14.270835,-0.019591165439499,2024-05-02
c0025,35.604613,14.270835,-0.1302430370794982,2024-05-03
c0025,35.604613,14.270835,0.3933351060474293,2024-05-04
c0025,35.604613,14.270835,-0.503739417372176,2024-05-05
c0025,35.604613,14.270835,0.1000270259624065,2024-05-06
c0025,35.604613,14.270835,0.0982399900875558,2024-05-07
c0025,35.604613,14.270835,-0.2724732557054898,2024-05-08
c0025,35.604613,14.270835,-1.2250820055515483,2024-05-09
c0025,35.604613,14.270835,-0.4433606918259055,2024-05-10
c0025,35.604613,14.270835,-0.1371682496418,2024-05-13
c0025,35.604613,14.270835,0.2514771477614783,2024-05-14
c0025,35.604613,14.270835,0.4619371516734151,2024-05-15
c0025,35.604613,14.270835,2.1184946685315613,2024-05-16
c0025,35.604613,14.270835,0.0117303195613245,2024-05-17
c0025,35.604613,14.270835,0.7870501745535047,2024-05-18
c0025,35.604613,14.270835,-0.3119413890549675,2024-05-19
c0025,35.604613,14.270835,1.3254960209725533,2024-05-20
c0025,35.604613,14.270835,0.4766295883878721,2024-05-21
c0025,35.604613,14.270835,0.0498695772176194,2024-05-22
c0025,35.604613,14.270835,0.0311974600855294,2024-05-23
c0025,35.604613,14.270835,-0.3179261014180325,2024-05-24
c0025,35.604613,14.270835,1.1875118640609224,2024-05-25
c0025,35.604613,14.270835,-0.1821447271103538,2024-05-26
c0025,35.604613,14.270835,-0.0527708491636297,2024-05-27
c0025,35.604613,14.270835,0.0842979486373775,2024-05-28
c0025,35.604613,14.270835,-0.31891740837332,2024-05-29
c0025,35.604613,14.270835,0.3119217498716397,2024-05-30
c0025,35.604613,14.270835,0.0088585151881419,2024-05-31
c0025,35.604613,14.270835,0.8667111711972331,2024-06-01
c0025,35.604613,14.270835,1.3888626133112736,2024-06-02
c0025,35.604613,14.270835,0.5200592960268562,2024-06-03
c0025,35.604613,14.270835,0.1086026561938948,2024-06-04
c0025,35.604613,14.270835,-0.1394222746502093,2024-06-05
c0025,35.604613,14.270835,-0.2279799395495953,2024-06-06
c0025,35.604613,14.270835,-0.004183558685544,2024-06-07
c0025,35.604613,14.270835,-0.1969508977844227,2024-06-08
c0025,35.604613,14.270835,1.4114841858764355,2024-06-09
c0025,35.604613,14.270835,1.7789084831179756,2024-06-10
c0025,35.604613,14.270835,1.771240173272817,2024-06-11
c0025,35.604613,14.270835,0.0166477117347851,2024-06-12
c0025,35.604613,14.270835,1.0916753971667708,2024-06-13
c0025,35.604613,14.270835,-0.6304776762642522,2024-06-14
c0025,35.604613,14.270835,1.1130435305751245,2024-06-15
c0025,35.604613,14.270835,1.0789335709849333,2024-06-16
c0025,35.604613,14.270835,0.2662977589157673,2024-06-17
c0025,35.604613,14.270835,0.1995997954663527,2024-06-18
c0025,35.604613,14.270835,1.221830852626522,2024-06-19
c0025,35.604613,14.270835,1.266847195109171,2024-06-20
c0025,35.604613,14.270835,1.3145966316734068,2024-06-21
c0025,35.604613,14.270835,1.193255991492706,2024-06-22
c0025,35.604613,14.270835,0.3694357184955856,2024-06-23
c0025,35.604613,14.270835,0.0540508304708597,2024-06-24
c0025,35.604613,14.270835,1.1518188242829717,2024-06-25
c0025,35.604613,14.270835,0.8248584705617952,2024-06-26
c0025,35.604613,14.270835,2.1449450998862374,2024-06-27
c0025,35.604613,14.270835,1.2828876736892447,2024-06-28
c0025,35.604613,14.270835,1.5570560986582176,2024-06-29
c0025,35.604613,14.270835,2.1179812103414077,2024-06-30
c0025,35.604613,14.270835,2.732351454922328,2024-07-01
c0025,35.604613,14.270835,1.373356786457205,2024-07-02
c0025,35.604613,14.270835,0.0009213246805107,2024-07-03
c0025,35.604613,14.270835,-0.0136348720065851,2024-07-04
c0025,35.604613,14.270835,-0.4570225296714916,2024-07-05
c0025,35.604613,14.270835,0.1662219905922292,2024-07-06
c0025,35.604613,14.270835,1.866450210923336,2024-07-07
c0025,35.604613,14.270835,0.8779290957363697,2024-07-08
c0025,35.604613,14.270835,1.5402422938271616,2024-07-09
c0025,35.604613,14.270835,-0.1172098865437508,2024-07-10
c0025,35.604613,14.270835,-0.4802985772537759,2024-07-11
c0025,35.604613,14.270835,0.9527575132953426,2024-07-12
c0025,35.604613,14.270835,-0.5756005096356798,2024-07-13
c0025,35.604613,14.270835,0.8324908929951583,2024-07-14
c0025,35.604613,14.270835,-0.1557435732296064,2024-07-15
c0025,35.604613,14.270835,-0.3671960127791301,2024-07-16
c0025,35.604613,14.270835,0.5612904250956997,2024-07-17
c0025,35.604613,14.270835,-0.4117047906080476,2024-07-18
c0025,35.604613,14.270835,0.0785590651603662,2024-07-19
c0025,35.604613,14.270835,0.5649509744132954,2024-07-20
c0025,35.604613,14.270835,0.0588695221518743,2024-07-21
c0025,35.604613,14.270835,0.5929118250643096,2024-07-22
c0025,35.604613,14.270835,0.0100302893284848,2024-07-23
c0025,35.604613,14.270835,-0.4464071910484835,2024-07-24
c0025,35.604613,14.270835,0.0066733017286432,2024-07-25
c0025,35.604613,14.270835,0.4371758297430354,2024-07-28
c0025,35.604613,14.270835,-0.7026105660582478,2024-07-29
c0025,35.604613,14.270835,-0.5634901914927586,2024-07-31
c0025,35.604613,14.270835,-0.4796452378055209,2024-08-01
c0025,35.604613,14.270835,-0.3313211743751734,2024-08-03
c0025,35.604613,14.270835,0.2028171099280724,2024-08-04
c0025,35.604613,14.270835,-0.1306729940145877,2024-08-05
c0025,35.604613,14.270835,-0.4799596121975361,2024-08-06
c0025,35.604613,14.270835,-0.4559395350618251,2024-08-07
c0025,35.604613,14.270835,-0.1527920086058941,2024-08-08
c0025,35.604613,14.270835,-0.8144117307572445,2024-08-09
c0025,35.604613,14.270835,-0.3608849177565273,2024-08-10
c0025,35.604613,14.270835,-0.8031821840892486,2024-08-11
c0025,35.604613,14.270835,-0.815511125885344,2024-08-12
c0025,35.604613,14.270835,-0.5818034782297098,2024-08-13
c0025,35.604613,14.270835,-0.8892957179975122,2024-08-14
c0025,35.604613,14.270835,-0.0568667885321586,2024-08-15
c0025,35.604613,14.270835,-0.0359257487227514,2024-08-16
c0025,35.604613,14.270835,,2024-08-17
c0025,35.604613,14.270835,-0.3496294247577796,2024-08-18
c0025,35.604613,14.270835,-0.3669643384861488,2024-08-19
c0025,35.604613,14.270835,0.1348659349032981,2024-08-20
c0025,35.604613,14.270835,-0.0233608098335559,2024-08-21
c0025,35.604613,14.270835,-0.4555757475953454,2024-08-22
c0025,35.604613,14.270835,-0.633450018637683,2024-08-23
c0025,35.604613,14.270835,-0.641256329693543,2024-08-24
c0025,35.604613,14.270835,-0.536085444433504,2024-08-25
c0025,35.604613,14.270835,-0.2489331790432338,2024-08-26
c0025,35.604613,14.270835,-0.6910118451629842,2024-08-27
c0025,35.604613,14.270835,-0.8621026260349369,2024-08-28
c0025,35.604613,14.270835,-0.8263969067267901,2024-08-29
c0025,35.604613,14.270835,-0.7638603054090939,2024-08-30
c0025,35.604613,14.270835,-0.294737646742533,2024-08-31
c0025,35.604613,14.270835,-0.574588340560838,2024-09-01
c0025,35.604613,14.270835,-0.6385773687294061,2024-09-02
c0025,35.604613,14.270835,-0.0778711804550662,2024-09-03
c0025,35.604613,14.270835,0.1136501252014276,2024-09-04
c0025,35.604613,14.270835,-0.1969140857370552,2024-09-05
c0025,35.604613,14.270835,0.4331316934065984,2024-09-06
c0025,35.604613,14.270835,0.200476654012436,2024-09-07
c0025,35.604613,14.270835,-0.3183992275546177,2024-09-08
c0025,35.604613,14.270835,-0.210366430495677,2024-09-09
c0025,35.604613,14.270835,-0.2849625059144289,2024-09-10
c0025,35.604613,14.270835,0.0348203426947171,2024-09-11
c0025,35.604613,14.270835,-0.3793816983112173,2024-09-12
c0025,35.604613,14.270835,-0.3967832522450718,2024-09-13
c0025,35.604613,14.270835,-0.5460434925496112,2024-09-14
c0025,35.604613,14.270835,0.8300159148685997,2024-09-15
c0025,35.604613,14.270835,-0.1167886801217399,2024-09-16
c0025,35.604613,14.270835,0.3189875923158228,2024-09-17
c0025,35.604613,14.270835,-0.3538516996265292,2024-09-18
c0025,35.604613,14.270835,-0.6224390412267126,2024-09-19
c0025,35.604613,14.270835,-1.5551352438995074,2024-09-20
c0025,35.604613,14.270835,-0.0428935604647416,2024-09-21
c0025,35.604613,14.270835,-0.3876528867768651,2024-09-22
c0025,35.604613,14.270835,-0.2320257861531637,2024-09-23
c0025,35.604613,14.270835,,2024-09-24
c0025,35.604613,14.270835,-0.8324477391088891,2024-09-25
c0025,35.604613,14.270835,-0.429592419988585,2024-09-26
c0025,35.604613,14.270835,0.0635999331852538,2024-09-27
c0025,35.604613,14.270835,-0.1214184652784028,2024-09-28
c0025,35.604613,14.270835,-0.4031112684291928,2024-09-29
c0025,35.604613,14.270835,-0.3307072208971956,2024-09-30
c0025,35.604613,14.270835,-0.3905905984996198,2024-10-01
c0025,35.604613,14.270835,0.5879190522242747,2024-10-02
c0025,35.604613,14.270835,0.2389323416798089,2024-10-03
c0025,35.604613,14.270835,0.6113331946688354,2024-10-04
c0025,35.604613,14.270835,-0.594800238398236,2024-10-05
c0025,35.604613,14.270835,-0.2362408430411615,2024-10-06
c0025,35.604613,14.270835,0.0098577133168007,2024-10-07
c0025,35.604613,14.270835,0.3115964610250454,2024-10-08
c0025,35.604613,14.270835,-0.160664709959137,2024-10-09
c0025,35.604613,14.270835,0.9745273680651356,2024-10-10
c0025,35.604613,14.270835,0.2733734710561407,2024-10-11
c0025,35.604613,14.270835,-0.3370175150750629,2024-10-12
c0025,35.604613,14.270835,-0.0609456617915226,2024-10-13
c0025,35.604613,14.270835,-0.1048880349996667,2024-10-14
c0025,35.604613,14.270835,0.4515588859248129,2024-10-15
c0025,35.604613,14.270835,0.2470231805009186,2024-10-16
c0025,35.604613,14.270835,-0.3806755195069377,2024-10-17
c0025,35.604613,14.270835,0.1761833430218811,2024-10-18
c0025,35.604613,14.270835,0.0714526812700136,2024-10-19
c0025,35.604613,14.270835,-0.3710088132951595,2024-10-20
c0025,35.604613,14.270835,-0.9439817524307794,2024-10-21
c0025,35.604613,14.270835,-1.2947729668899493,2024-10-22
c0025,35.604613,14.270835,0.298619104200641,2024-10-23
c0025,35.604613,14.270835,0.2876249803798764,2024-10-24
c0025,35.604613,14.270835,,2024-10-25
c0025,35.604613,14.270835,-0.9435405719750584,2024-10-26
c0025,35.604613,14.270835,-0.5871766968790096,2024-10-27
c0025,35.604613,14.270835,-0.7644494065666131,2024-10-28
c0025,35.604613,14.270835,0.1689652506483882,2024-10-29
c0025,35.604613,14.270835,-0.2201693454384845,2024-10-30
c0025,35.604613,14.270835,-0.6607131217964675,2024-10-31
c0025,35.604613,14.270835,-0.7511188814306771,2024-11-02
c0025,35.604613,14.270835,-0.1305875475672507,2024-11-03
c0025,35.604613,14.270835,-0.5214696976354506,2024-11-04
c0025,35.604613,14.270835,-1.0821649351052074,2024-11-05
c0025,35.604613,14.270835,-1.1261673285993383,2024-11-06
c0025,35.604613,14.270835,-0.9114532548381729,2024-11-07
c0025,35.604613,14.270835,-0.136005664322971,2024-11-08
c0025,35.604613,14.270835,0.3941268827432913,2024-11-09
c0025,35.604613,14.270835,-0.7960610580087244,2024-11-10
c0025,35.604613,14.270835,-1.1830745821132702,2024-11-11
c0025,35.604613,14.270835,,2024-11-12
c0025,35.604613,14.270835,-0.9968011629005366,2024-11-13
c0025,35.604613,14.270835,0.0381957223913039,2024-11-14
c0025,35.604613,14.270835,-0.2540478792497566,2024-11-15
c0025,35.604613,14.270835,-0.8915168487608905,2024-11-16
c0025,35.604613,14.270835,-0.7962722870785856,2024-11-17
c0025,35.604613,14.270835,0.005507872145223,2024-11-18
c0025,35.604613,14.270835,0.1342727719968973,2024-11-19
c0025,35.604613,14.270835,-0.1484314107124239,2024-11-20
c0025,35.604613,14.270835,-0.6524568445967446,2024-11-21
c0025,35.604613,14.270835,,2024-11-22
c0025,35.604613,14.270835,-0.6155408876352925,2024-11-23
c0025,35.604613,14.270835,-0.1220740385029014,2024-11-24
c0025,35.604613,14.270835,-0.2216090323936893,2024-11-25
c0025,35.604613,14.270835,-0.715571405475138,2024-11-26
c0025,35.604613,14.270835,-1.128514688586461,2024-11-27
c0025,35.604613,14.270835,-0.6116787398961675,2024-11-28
c0025,35.604613,14.270835,0.5064471913019556,2024-11-29
c0025,35.604613,14.270835,-0.0163629115722277,2024-11-30
c0025,35.604613,14.270835,-0.3228344833682972,2024-12-01
c0025,35.604613,14.270835,-0.990606944075684,2024-12-02
c0025,35.604613,14.270835,,2024-12-03
c0025,35.604613,14.270835,-0.3826447320065844,2024-12-04
c0025,35.604613,14.270835,0.3683147040742344,2024-12-05
c0025,35.604613,14.270835,0.0930371758277488,2024-12-06
c0025,35.604613,14.270835,-0.8251433997613908,2024-12-07
c0025,35.604613,14.270835,-1.1052945046005491,2024-12-08
c0025,35.604613,14.270835,0.0058258217538406,2024-12-09
c0025,35.604613,14.270835,0.145085155263951,2024-12-10
c0025,35.604613,14.270835,0.155279819238091,2024-12-11
c0025,35.604613,14.270835,-0.2500547270183921,2024-12-12
c0025,35.604613,14.270835,-0.7046481441612661,2024-12-13
c0025,35.604613,14.270835,-0.6849730422653044,2024-12-14
c0025,35.604613,14.270835,-0.5574547734937764,2024-12-15
c0025,35.604613,14.270835,-0.2357406945933954,2024-12-16
c0025,35.604613,14.270835,-0.5610447142844119,2024-12-17
c0025,35.604613,14.270835,-0.9650861999412084,2024-12-18
c0025,35.604613,14.270835,-0.9458906599025872,2024-12-19
c0025,35.604613,14.270835,-0.6647441289566047,2024-12-20
c0025,35.604613,14.270835,0.4021509922774862,2024-12-21
c0025,35.604613,14.270835,-0.3500868163275164,2024-12-22
c0025,35.604613,14.270835,-0.5721271557757304,2024-12-23
c0025,35.604613,14.270835,-1.21058554015836,2024-12-24
c0025,35.604613,14.270835,-0.8081604710394664,2024-12-25
c0025,35.604613,14.270835,-0.0208103570719886,2024-12-26
c0025,35.604613,14.270835,-0.1235645051838701,2024-12-27
c0025,35.604613,14.270835,-0.8102907528397815,2024-12-28
c0025,35.604613,14.270835,-1.084595430445002,2024-12-29
c0025,35.604613,14.270835,-0.9411733877345916,2024-12-30
c0025,35.604613,14.270835,-0.1180282529396676,2025-01-01
c0025,35.604613,14.270835,-0.7706321982781135,2025-01-02
c0025,35.604613,14.270835,-0.5574117033302765,2025-01-03
c0025,35.604613,14.270835,-1.3496059165997425,2025-01-04
c0025,35.604613,14.270835,-0.6243135139906366,2025-01-05
c0025,35.604613,14.270835,0.323704413753675,2025-01-06
c0025,35.604613,14.270835,0.0148306450135045,2025-01-07
c0025,35.604613,14.270835,-0.6471509619951346,2025-01-08
c0025,35.604613,14.270835,-0.926008372072006,2025-01-09
c0025,35.604613,14.270835,-0.7472680540216969,2025-01-10
c0025,35.604613,14.270835,-0.1854779561661441,2025-01-11
c0025,35.604613,14.270835,0.0520578266879683,2025-01-12
c0025,35.604613,14.270835,-0.0797723559720826,2025-01-13
c0025,35.604613,14.270835,-1.3926184225211595,2025-01-14
c0025,35.604613,14.270835,-1.1942282784457103,2025-01-15
c0025,35.604613,14.270835,-0.7371642789464699,2025-01-16
c0025,35.604613,14.270835,0.7237123928064998,2025-01-17
c0025,35.604613,14.270835,-0.5022176852283349,2025-01-18
c0025,35.604613,14.270835,-0.7752490832313392,2025-01-19
c0025,35.604613,14.270835,-0.9203529778255126,2025-01-20
c0025,35.604613,14.270835,-0.7462422201371219,2025-01-21
c0025,35.604613,14.270835,-0.1914085653067034,2025-01-22
c0025,35.604613,14.270835,-0.3361637535402366,2025-01-23
c0025,35.604613,14.270835,-0.5686096519154794,2025-01-24
c0025,35.604613,14.270835,-0.7971936979137554,2025-01-25
c0025,35.604613,14.270835,-0.7785180209221408,2025-01-26
c0025,35.604613,14.270835,-0.1830911731996114,2025-01-27
c0025,35.604613,14.270835,-0.0297436011257896,2025-01-28
c0025,35.604613,14.270835,-0.7149442544132913,2025-01-29
c0025,35.604613,14.270835,-0.973911884513606,2025-01-30
c0025,35.604613,14.270835,-0.7889507620607497,2025-01-31
c0025,35.604613,14.270835,0.5678957110491458,2025-02-01
c0025,35.604613,14.270835,1.1265913242978638,2025-02-02
c0025,35.604613,14.270835,-0.5847409878662337,2025-02-03
c0025,35.604613,14.270835,-0.847232674649576,2025-02-04
c0025,35.604613,14.270835,-1.3930777868986508,2025-02-05
c0025,35.604613,14.270835,-1.1586882740865871,2025-02-06
c0025,35.604613,14.270835,0.2188354053206287,2025-02-07
c0025,35.604613,14.270835,-0.9234967127775454,2025-02-08
c0025,35.604613,14.270835,-1.1284873812472678,2025-02-09
c0025,35.604613,14.270835,-1.2601535869751364,2025-02-10
c0025,35.604613,14.270835,-1.1250500550129543,2025-02-11
c0025,35.604613,14.270835,-0.494186631387237,2025-02-12
c0025,35.604613,14.270835,0.0898965723424043,2025-02-13
c0025,35.604613,14.270835,-0.4177040774573374,2025-02-14
c0025,35.604613,14.270835,-1.0880756904565498,2025-02-15
c0025,35.604613,14.270835,-0.759389491841398,2025-02-16
c0025,35.604613,14.270835,-0.6813834021833438,2025-02-17
c0025,35.604613,14.270835,-0.5417752111789716,2025-02-18
c0025,35.604613,14.270835,-0.807098035687441,2025-02-19
c0025,35.604613,14.270835,-0.709545682185446,2025-02-20
c0025,35.604613,14.270835,-1.543793177937633,2025-02-21
c0025,35.604613,14.270835,-0.8997535032909911,2025-02-22
c0025,35.604613,14.270835,-0.3967195101077123,2025-02-23
c0025,35.604613,14.270835,-0.571257278256057,2025-02-24
c0025,35.604613,14.270835,-0.6665732634258673,2025-02-25
c0025,35.604613,14.270835,-1.555712516249821,2025-02-26
c0025,35.604613,14.270835,-1.6377020825312183,2025-02-27
c0025,35.604613,14.270835,-0.1471887703204851,2025-02-28
c0025,35.604613,14.270835,-0.1468785555523128,2025-03-01
c0025,35.604613,14.270835,0.1634005699721284,2025-03-02
c0025,35.604613,14.270835,-0.5178470410223514,2025-03-03
c0025,35.604613,14.270835,-1.5974552606331467,2025-03-04
c0025,35.604613,14.270835,-0.8721984745344804,2025-03-05
c0025,35.604613,14.270835,-0.1768520169762801,2025-03-06
c0025,35.604613,14.270835,-0.7711164103996977,2025-03-07
c0025,35.604613,14.270835,-0.5698531023302742,2025-03-08
c0025,35.604613,14.270835,-0.7515435135816044,2025-03-09
c0025,35.604613,14.270835,0.3921814002787337,2025-03-10
c0025,35.604613,14.270835,0.1305968950283536,2025-03-11
c0025,35.604613,14.270835,0.1731130246517963,2025-03-12
c0025,35.604613,14.270835,-0.3562915635097556,2025-03-13
c0025,35.604613,14.270835,-0.1854093288151185,2025-03-14
c0025,35.604613,14.270835,0.317516003581408,2025-03-15
c0025,35.604613,14.270835,-0.047028582161342,2025-03-16
c0025,35.604613,14.270835,-0.1960180335937835,2025-03-17
c0025,35.604613,14.270835,-0.6588138184188003,2025-03-18
c0025,35.604613,14.270835,-0.9423649896051058,2025-03-19
c0025,35.604613,14.270835,-0.5755424000633483,2025-03-20
c0025,35.604613,14.270835,-0.3541704076144907,2025-03-21
c0025,35.604613,14.270835,0.9866309131029596,2025-03-22
c0025,35.604613,14.270835,0.3226147172437785,2025-03-24
c0025,35.604613,14.270835,-0.5784665486872643,2025-03-25
c0025,35.604613,14.270835,-0.4433760359202045,2025-03-26
c0025,35.604613,14.270835,-0.3495499685783803,2025-03-27
c0025,35.604613,14.270835,-0.3056542936752278,2025-03-28
c0025,35.604613,14.270835,-0.6925019497413711,2025-03-29
c0025,35.604613,14.270835,-1.2777224570652084,2025-03-30
c0025,35.604613,14.270835,-1.4094366868049326,2025-03-31
c0025,35.604613,14.270835,-0.1235840083306081,2025-04-01
c0025,35.604613,14.270835,-0.067656671182975,2025-04-02
c0025,35.604613,14.270835,-0.7408412624215714,2025-04-03
c0025,35.604613,14.270835,-0.6884002174639023,2025-04-04
c0025,35.604613,14.270835,-0.591902498522045,2025-04-05
c0025,35.604613,14.270835,-1.0468793374595902,2025-04-06
c0025,35.604613,14.270835,-0.7115201656811263,2025-04-07
c0025,35.604613,14.270835,-0.9870778468253876,2025-04-08
c0025,35.604613,14.270835,-0.6788618846148765,2025-04-09
c0025,35.604613,14.270835,-0.9038901996459832,2025-04-10
c0025,35.604613,14.270835,-0.6364737698588894,2025-04-11
c0025,35.604613,14.270835,0.1462358140488154,2025-04-12
c0025,35.604613,14.270835,-0.0172232152315888,2025-04-13
c0025,35.604613,14.270835,-0.1836215904083902,2025-04-14
c0025,35.604613,14.270835,1.1534981208079942,2025-04-15
c0025,35.604613,14.270835,1.0309347804013218,2025-04-16
c0025,35.604613,14.270835,-0.02207856604406,2025-04-17
c0025,35.604613,14.270835,-0.3108626769771137,2025-04-18
c0025,35.604613,14.270835,-0.4689551019274633,2025-04-19
c0025,35.604613,14.270835,-0.3044588470159001,2025-04-20
c0025,35.604613,14.270835,0.6141512613123336,2025-04-21
c0025,35.604613,14.270835,0.1180693237917427,2025-04-22
c0025,35.604613,14.270835,-0.2559551910721466,2025-04-23
c0025,35.604613,14.270835,-0.4380319106484292,2025-04-24
c0025,35.604613,14.270835,-0.5162265056421259,2025-04-25
c0025,35.604613,14.270835,-0.4747166354031797,2025-04-26
c0025,35.604613,14.270835,-0.5049553993566828,2025-04-27
c0025,35.604613,14.270835,-0.2592226130216706,2025-04-28
c0025,35.604613,14.270835,-0.4590127598283725,2025-04-29
c0025,35.604613,14.270835,-0.5874482437835713,2025-04-30
c0025,35.604613,14.270835,-0.010078670607231,2025-05-01
c0025,35.604613,14.270835,-0.1799898058008095,2025-05-02
c0025,35.604613,14.270835,-0.1082770744484567,2025-05-03
c0025,35.604613,14.270835,-0.1890849068944893,2025-05-04
c0025,35.604613,14.270835,0.2006486223880191,2025-05-06
c0025,35.604613,14.270835,-1.4117645418451223,2025-05-07
c0025,35.604613,14.270835,-0.1797714560920273,2025-05-08
c0025,35.604613,14.270835,1.1411207234564371,2025-05-09
c0025,35.604613,14.270835,-0.3371130284077402,2025-05-10
c0025,35.604613,14.270835,-0.3216444016079445,2025-05-11
c0025,35.604613,14.270835,0.7128883143127911,2025-05-12
c0025,35.604613,14.270835,-0.3136381178134367,2025-05-13
c0025,35.604613,14.270835,-0.2297586105538412,2025-05-14
c0025,35.604613,14.270835,-0.1622042599963024,2025-05-15
c0025,35.604613,14.270835,-0.3624699013380472,2025-05-16
c0025,35.604613,14.270835,0.0500538621790514,2025-05-17
c0025,35.604613,14.270835,-0.2768686926781908,2025-05-18
c0025,35.604613,14.270835,0.2687655861897061,2025-05-19
c0025,35.604613,14.270835,0.5463440864139684,2025-05-20
c0025,35.604613,14.270835,0.0777615302155523,2025-05-21
c0025,35.604613,14.270835,,2025-05-22
c0025,35.604613,14.270835,0.8338596313828986,2025-05-23
c0025,35.604613,14.270835,-1.2093792422865892,2025-05-24
c0025,35.604613,14.270835,-0.1629567473973875,2025-05-25
c0025,35.604613,14.270835,-0.5136019548468492,2025-05-26
c0025,35.604613,14.270835,-0.3776714298246106,2025-05-27
c0025,35.604613,14.270835,0.3186358581527179,2025-05-28
c0025,35.604613,14.270835,-0.619833046212846,2025-05-29
c0025,35.604613,14.270835,-0.1159585322377868,2025-05-30
c0025,35.604613,14.270835,-0.3916200396106129,2025-05-31
c0025,35.604613,14.270835,-0.5625004780328303,2025-06-01
c0025,35.604613,14.270835,0.8744349586686754,2025-06-02
c0025,35.604613,14.270835,-0.004140927721934,2025-06-03
c0025,35.604613,14.270835,0.3663115844649371,2025-06-04
c0025,35.604613,14.270835,2.0557239150299256,2025-06-05
c0025,35.604613,14.270835,0.3126900170878146,2025-06-06
c0025,35.604613,14.270835,-0.0011465954352267,2025-06-07
c0025,35.604613,14.270835,0.9840778657301428,2025-06-08
c0025,35.604613,14.270835,-0.0223291099964677,2025-06-09
c0025,35.604613,14.270835,0.0406321970948382,2025-06-10
c0025,35.604613,14.270835,-0.3246653889004554,2025-06-11
c0025,35.604613,14.270835,-0.2947833554224368,2025-06-12
c0025,35.604613,14.270835,0.9306936575732048,2025-06-13
c0025,35.604613,14.270835,-0.6950728162350087,2025-06-14
c0025,35.604613,14.270835,-0.1446949872301786,2025-06-15
c0025,35.604613,14.270835,-0.2559669858845548,2025-06-16
c0025,35.604613,14.270835,-0.183945709974643,2025-06-17
c0025,35.604613,14.270835,0.4021388178266266,2025-06-18
c0025,35.604613,14.270835,-0.4226115621606316,2025-06-19
c0025,35.604613,14.270835,-0.4221030534631996,2025-06-20
c0025,35.604613,14.270835,-0.2368858250092036,2025-06-21
c0025,35.604613,14.270835,-0.5850095673654286,2025-06-22
c0025,35.604613,14.270835,-0.6400661653291958,2025-06-23
c0025,35.604613,14.270835,0.3974015474937724,2025-06-24
c0025,35.604613,14.270835,-0.4405138187772382,2025-06-25
c0025,35.604613,14.270835,0.1008816817687729,2025-06-26
c0025,35.604613,14.270835,-0.3257236041463557,2025-06-27
c0025,35.604613,14.270835,-0.1009058374257535,2025-06-28
c0025,35.604613,14.270835,0.7384544827328196,2025-06-29
c0025,35.604613,14.270835,-0.3884883601706364,2025-06-30
c0025,35.604613,14.270835,-0.2088869925968875,2025-07-01
c0025,35.604613,14.270835,-0.3636376656854458,2025-07-02
c0025,35.604613,14.270835,-0.506951598913649,2025-07-03
c0025,35.604613,14.270835,0.295600943418579,2025-07-04
c0025,35.604613,14.270835,-0.5089934520166531,2025-07-05
c0025,35.604613,14.270835,-0.363527404574778,2025-07-06
c0025,35.604613,14.270835,-0.3465968222015121,2025-07-07
c0025,35.604613,14.270835,-0.2779738223171549,2025-07-08
c0025,35.604613,14.270835,-0.1547898534855717,2025-07-09
c0025,35.604613,14.270835,0.4353146927289564,2025-07-10
c0025,35.604613,14.270835,-0.5249202796097697,2025-07-11
c0025,35.604613,14.270835,-0.1737760324833996,2025-07-12
c0025,35.604613,14.270835,-0.2125394253861137,2025-07-13
c0025,35.604613,14.270835,0.1541582341055533,2025-07-14
c0025,35.604613,14.270835,0.8508333102791231,2025-07-15
c0025,35.604613,14.270835,-0.5233839765989549,2025-07-16
c0025,35.604613,14.270835,-0.0372978455735056,2025-07-17
c0025,35.604613,14.270835,-0.5169119378248515,2025-07-18
c0025,35.604613,14.270835,-0.6833489354582257,2025-07-19
c0025,35.604613,14.270835,0.939034065399774,2025-07-20
c0025,35.604613,14.270835,0.2610526046468342,2025-07-21
c0025,35.604613,14.270835,0.6618509302848811,2025-07-22
c0025,35.604613,14.270835,0.6895361479991429,2025-07-23
c0025,35.604613,14.270835,-0.007126612388518,2025-07-24
c0025,35.604613,14.270835,0.6439713431198937,2025-07-25
c0025,35.604613,14.270835,1.062655167025041,2025-07-26
c0025,35.604613,14.270835,-0.2836551341603082,2025-07-27
c0025,35.604613,14.270835,-0.1465658212625217,2025-07-28
c0025,35.604613,14.270835,-0.3741421197572133,2025-07-29
c0025,35.604613,14.270835,-0.4308203933471191,2025-07-30
c0025,35.604613,14.270835,0.4243686820338589,2025-07-31
c0025,35.604613,14.270835,-0.4748883907337713,2025-08-01
c0025,35.604613,14.270835,0.9895113093648864,2025-08-02
c0025,35.604613,14.270835,0.0512530135336375,2025-08-03
c0025,35.604613,14.270835,-0.3888871841353637,2025-08-04
c0025,35.604613,14.270835,0.0728715484606109,2025-08-05
c0025,35.604613,14.270835,-0.2125606367289592,2025-08-06
c0025,35.604613,14.270835,-0.0195512575507621,2025-08-07
c0025,35.604613,14.270835,-0.3178017710981969,2025-08-08
c0025,35.604613,14.270835,-0.6601036052008115,2025-08-09
c0025,35.604613,14.270835,-0.5271267293536623,2025-08-10
c0025,35.604613,14.270835,-0.6056522629334231,2025-08-11
c0025,35.604613,14.270835,-0.7940191439234136,2025-08-12
c0025,35.604613,14.270835,-0.225186883129208,2025-08-13
c0025,35.604613,14.270835,-0.5653090241462827,2025-08-14
c0025,35.604613,14.270835,-0.580991344473623,2025-08-15
c0025,35.604613,14.270835,-0.5896216715323807,2025-08-16
c0025,35.604613,14.270835,-0.9386950065207296,2025-08-17
c0025,35.604613,14.270835,-0.3014791922263403,2025-08-18
c0025,35.604613,14.270835,-0.6450634559592678,2025-08-19
c0025,35.604613,14.270835,0.003085879185404,2025-08-20
c0025,35.604613,14.270835,0.8260702421748233,2025-08-21
c0025,35.604613,14.270835,0.3742783276782557,2025-08-22
c0025,35.604613,14.270835,0.605723927071624,2025-08-23
c0025,35.604613,14.270835,-0.1364226769926341,2025-08-24
c0025,35.604613,14.270835,-0.4837885973797147,2025-08-25
c0025,35.604613,14.270835,0.5901201475681687,2025-08-26
c0025,35.604613,14.270835,0.6254181065087746,2025-08-27
c0025,35.604613,14.270835,0.7421737560543502,2025-08-28
c0025,35.604613,14.270835,1.2685780636045731,2025-08-29
c0025,35.604613,14.270835,0.0533987715822925,2025-08-30
c0025,35.604613,14.270835,-0.4415017048563925,2025-08-31
c0025,35.604613,14.270835,0.1070707377488736,2025-09-01
c0025,35.604613,14.270835,-0.1552839375807418,2025-09-02
c0025,35.604613,14.270835,0.4596323613195835,2025-09-03
c0025,35.604613,14.270835,-0.363374020178252,2025-09-04
c0025,35.604613,14.270835,-0.4751869078274487,2025-09-05
c0025,35.604613,14.270835,-0.2536189378727726,2025-09-06
c0025,35.604613,14.270835,-1.8000728601725091,2025-09-07
c0025,35.604613,14.270835,0.0980642664358213,2025-09-08
c0025,35.604613,14.270835,0.5131066571140533,2025-09-09
c0025,35.604613,14.270835,0.2261540785476503,2025-09-10
c0025,35.604613,14.270835,-0.1688181267933911,2025-09-11
c0025,35.604613,14.270835,-0.361243986719779,2025-09-12
c0025,35.604613,14.270835,-0.5808276752846705,2025-09-13
c0025,35.604613,14.270835,0.1646256750629974,2025-09-14
c0025,35.604613,14.270835,-0.4318310462935342,2025-09-15
c0025,35.604613,14.270835,-0.6083954675855555,2025-09-16
c0025,35.604613,14.270835,-0.2659532004869865,2025-09-17
c0025,35.604613,14.270835,-1.0333504854722058,2025-09-18
c0025,35.604613,14.270835,-0.2063931634347386,2025-09-19
c0025,35.604613,14.270835,-0.4927672969362722,2025-09-20
c0025,35.604613,14.270835,-0.505269048115268,2025-09-21
c0025,35.604613,14.270835,-0.5992582529042452,2025-09-22
c0025,35.604613,14.270835,-1.6016467403303285,2025-09-23
c0025,35.604613,14.270835,-0.2373678626330891,2025-09-24
c0025,35.604613,14.270835,-0.1060330024864869,2025-09-25
c0025,35.604613,14.270835,-0.4104344916903327,2025-09-26
c0025,35.604613,14.270835,-0.6920445702475609,2025-09-27
c0025,35.604613,14.270835,-0.2405127502203208,2025-09-28
c0025,35.604613,14.270835,-0.6645641777346876,2025-09-29
c0025,35.604613,14.270835,-0.2230404436587286,2025-09-30
c0025,35.604613,14.270835,-0.1177242112282893,2025-10-01
c0025,35.604613,14.270835,-0.7124433050785467,2025-10-02
c0025,35.604613,14.270835,-1.1586848884112309,2025-10-03
c0025,35.604613,14.270835,-0.8106579049458705,2025-10-04
c0025,35.604613,14.270835,-0.4000679463551112,2025-10-05
c0025,35.604613,14.270835,-0.3406063505750175,2025-10-06
c0025,35.604613,14.270835,-0.5865663768422295,2025-10-07
c0025,35.604613,14.270835,-0.7161498594844116,2025-10-08
c0025,35.604613,14.270835,-0.7736433635626508,2025-10-09
c0025,35.604613,14.270835,-0.0646090162553294,2025-10-10
c0025,35.604613,14.270835,-0.3176120416101866,2025-10-11
c0025,35.604613,14.270835,-0.7566258137050712,2025-10-12
c0025,35.604613,14.270835,-1.1983440082959589,2025-10-13
c0025,35.604613,14.270835,-0.7573391565976599,2025-10-14
c0025,35.604613,14.270835,-0.8813778518881804,2025-10-15
c0025,35.604613,14.270835,0.2705191841519138,2025-10-16
c0025,35.604613,14.270835,-0.3879293314794701,2025-10-17
c0025,35.604613,14.270835,-0.8120277385789034,2025-10-18
c0025,35.604613,14.270835,-1.0529608280056186,2025-10-19
c0025,35.604613,14.270835,-0.8403265299367857,2025-10-20
c0025,35.604613,14.270835,0.0467785201374346,2025-10-21
c0025,35.604613,14.270835,,2025-10-22
c0025,35.604613,14.270835,-0.6196962404693367,2025-10-23
c0025,35.604613,14.270835,-0.5798634635711561,2025-10-24
c0025,35.604613,14.270835,-0.4729565982929854,2025-10-25
c0025,35.604613,14.270835,0.4400491527696774,2025-10-26
c0025,35.604613,14.270835,0.3241154397141736,2025-10-27
c0025,35.604613,14.270835,-0.138303732155633,2025-10-28
c0025,35.604613,14.270835,-0.7522921792355659,2025-10-29
c0025,35.604613,14.270835,-1.8794524312123737,2025-10-30
c0025,35.604613,14.270835,-0.3759391758991958,2025-10-31
c0025,35.604613,14.270835,-0.1563313295311291,2025-11-01
c0025,35.604613,14.270835,-0.5634548971307017,2025-11-02
c0025,35.604613,14.270835,-1.0125222044954891,2025-11-03
c0025,35.604613,14.270835,-0.7427367074168162,2025-11-04
c0025,35.604613,14.270835,-1.2428288480557077,2025-11-05
c0025,35.604613,14.270835,-0.1260107508765501,2025-11-06
c0025,35.604613,14.270835,0.8455592411236226,2025-11-07
c0025,35.604613,14.270835,-0.5873542308521792,2025-11-08
c0025,35.604613,14.270835,-0.51913703398621,2025-11-09
c0025,35.604613,14.270835,-0.6358360395867071,2025-11-10
c0025,35.604613,14.270835,0.1144777412046499,2025-11-11
c0025,35.604613,14.270835,-0.1662951614803071,2025-11-12
c0025,35.604613,14.270835,-0.5991613191562675,2025-11-13
c0025,35.604613,14.270835,-0.8146387223257896,2025-11-14
c0025,35.604613,14.270835,-0.5629810748392692,2025-11-15
c0025,35.604613,14.270835,-0.2001560378596082,2025-11-16
c0025,35.604613,14.270835,0.2574718926023959,2025-11-17
c0025,35.604613,14.270835,0.0303130010335423,2025-11-18
c0025,35.604613,14.270835,-0.706965357358898,2025-11-19
c0025,35.604613,14.270835,-0.5238119466372451,2025-11-20
c0025,35.604613,14.270835,-0.5158933580436674,2025-11-21
c0025,35.604613,14.270835,-0.0122562455249235,2025-11-22
c0025,35.604613,14.270835,-0.207651812278578,2025-11-23
c0025,35.604613,14.270835,-0.6223698316168785,2025-11-24
c0025,35.604613,14.270835,-1.4100542849461384,2025-11-25
c0025,35.604613,14.270835,-0.7789507651241633,2025-11-26
c0025,35.604613,14.270835,-0.0176158059287248,2025-11-27
c0025,35.604613,14.270835,0.4886178498828188,2025-11-28
c0025,35.604613,14.270835,-0.700776078780645,2025-11-30
c0025,35.604613,14.270835,-0.4262278129476844,2025-12-01
c0025,35.604613,14.270835,-0.0457057125197322,2025-12-02
c0025,35.604613,14.270835,0.5656937483021792,2025-12-03
c0025,35.604613,14.270835,0.0132102167285587,2025-12-04
c0025,35.604613,14.270835,-0.909204512120204,2025-12-05
c0025,35.604613,14.270835,-0.3558816855126185,2025-12-06
c0025,35.604613,14.270835,-0.5162107281231528,2025-12-07
c0025,35.604613,14.270835,0.0543614320279639,2025-12-08
c0025,35.604613,14.270835,0.1104797863293345,2025-12-09
c0025,35.604613,14.270835,-0.5929999060692299,2025-12-10
c0025,35.604613,14.270835,-1.377470523145041,2025-12-11
c0025,35.604613,14.270835,-0.9566984239304612,2025-12-12
c0025,35.604613,14.270835,-0.2387922875401616,2025-12-13
c0025,35.604613,14.270835,0.059350563250716,2025-12-14
c0025,35.604613,14.270835,-0.2312917827463629,2025-12-15
c0025,35.604613,14.270835,-1.286375744824125,2025-12-16
c0025,35.604613,14.270835,-0.4322758311776829,2025-12-17
c0025,35.604613,14.270835,-0.3969078612701465,2025-12-18
c0025,35.604613,14.270835,-0.5244408240528268,2025-12-22
c0025,35.604613,14.270835,-0.2103957674767281,2025-12-23
c0025,35.604613,14.270835,0.2753202841131048,2025-12-24
c0025,35.604613,14.270835,0.0005646965968955,2025-12-25
c0025,35.604613,14.270835,-0.3100126448771922,2025-12-26
c0025,35.604613,14.270835,-1.1214249288513871,2025-12-27
c0025,35.604613,14.270835,-0.5115341548031682,2025-12-28
c0025,35.604613,14.270835,0.728250804409863,2025-12-29
c0025,35.604613,14.270835,0.0016275960635107,2025-12-30
