cell_id,lat_center,lon_center,mean,date
c0662,39.208216,13.37156,143.99574493224358,2019-01-01
c0662,39.208216,13.37156,140.1807395884812,2019-01-02
c0662,39.208216,13.37156,149.48289903973074,2019-01-03
c0662,39.208216,13.37156,155.3313789216598,2019-01-04
c0662,39.208216,13.37156,147.58069618496887,2019-01-05
c0662,39.208216,13.37156,138.23967694641098,2019-01-06
c0662,39.208216,13.37156,140.55764282908464,2019-01-07
c0662,39.208216,13.37156,146.19758287586222,2019-01-08
c0662,39.208216,13.37156,144.85399667593376,2019-01-09
c0662,39.208216,13.37156,170.899253204844,2019-01-10
c0662,39.208216,13.37156,190.56522797791575,2019-01-11
c0662,39.208216,13.37156,178.43628984247036,2019-01-12
c0662,39.208216,13.37156,153.24978823855264,2019-01-13
c0662,39.208216,13.37156,151.4772886354038,2019-01-14
c0662,39.208216,13.37156,141.39108747810576,2019-01-15
c0662,39.208216,13.37156,125.82135301857308,2019-01-16
c0662,39.208216,13.37156,133.32675651473062,2019-01-17
c0662,39.208216,13.37156,141.64275821867034,2019-01-18
c0662,39.208216,13.37156,141.20798921904668,2019-01-19
c0662,39.208216,13.37156,150.72353297845063,2019-01-20
c0662,39.208216,13.37156,139.99610399530766,2019-01-21
c0662,39.208216,13.37156,144.93759754739176,2019-01-22
c0662,39.208216,13.37156,169.0384043155201,2019-01-23
c0662,39.208216,13.37156,196.50967018208897,2019-01-24
c0662,39.208216,13.37156,186.7742627601367,2019-01-25
c0662,39.208216,13.37156,165.8789179737899,2019-01-26
c0662,39.208216,13.37156,131.50250992172408,2019-01-27
c0662,39.208216,13.37156,142.80899953111208,2019-01-28
c0662,39.208216,13.37156,158.03603013523056,2019-01-29
c0662,39.208216,13.37156,154.58131745922074,2019-01-30
c0662,39.208216,13.37156,150.20997413446196,2019-01-31
c0662,39.208216,13.37156,134.01394131593904,2019-02-01
c0662,39.208216,13.37156,133.9903060412749,2019-02-02
c0662,39.208216,13.37156,155.40850310077943,2019-02-03
c0662,39.208216,13.37156,147.37605121532903,2019-02-04
c0662,39.208216,13.37156,144.8248784095055,2019-02-05
c0662,39.208216,13.37156,150.9353391105545,2019-02-06
c0662,39.208216,13.37156,133.2742295238048,2019-02-07
c0662,39.208216,13.37156,173.22312544242766,2019-02-08
c0662,39.208216,13.37156,145.17408556007717,2019-02-09
c0662,39.208216,13.37156,123.0871575702124,2019-02-10
c0662,39.208216,13.37156,133.66557541709662,2019-02-11
c0662,39.208216,13.37156,173.1392853807114,2019-02-12
c0662,39.208216,13.37156,127.6836873984456,2019-02-13
c0662,39.208216,13.37156,136.59170811269635,2019-02-14
c0662,39.208216,13.37156,149.60608878816066,2019-02-15
c0662,39.208216,13.37156,155.44278311235476,2019-02-16
c0662,39.208216,13.37156,141.91816216007066,2019-02-17
c0662,39.208216,13.37156,128.95343477112684,2019-02-18
c0662,39.208216,13.37156,143.74660101475027,2019-02-19
c0662,39.208216,13.37156,146.74145183957515,2019-02-20
c0662,39.208216,13.37156,165.81466203197783,2019-02-21
c0662,39.208216,13.37156,164.70868060736245,2019-02-22
c0662,39.208216,13.37156,197.12338284627057,2019-02-23
c0662,39.208216,13.37156,168.6670616061776,2019-02-24
c0662,39.208216,13.37156,158.21675418522932,2019-02-25
c0662,39.208216,13.37156,150.8160817988891,2019-02-26
c0662,39.208216,13.37156,158.84749004939735,2019-02-27
c0662,39.208216,13.37156,144.40386736977464,2019-02-28
c0662,39.208216,13.37156,138.23774961433426,2019-03-01
c0662,39.208216,13.37156,143.3260518501567,2019-03-02
c0662,39.208216,13.37156,160.0757276950092,2019-03-03
c0662,39.208216,13.37156,132.02904908598293,2019-03-04
c0662,39.208216,13.37156,132.61264348535977,2019-03-05
c0662,39.208216,13.37156,133.34911705330998,2019-03-06
c0662,39.208216,13.37156,132.95395112110458,2019-03-07
c0662,39.208216,13.37156,143.06809617622977,2019-03-08
c0662,39.208216,13.37156,165.94421140961035,2019-03-09
c0662,39.208216,13.37156,129.82095218951648,2019-03-10
c0662,39.208216,13.37156,135.8146158250027,2019-03-11
c0662,39.208216,13.37156,149.14025697625573,2019-03-12
c0662,39.208216,13.37156,120.11829318877656,2019-03-13
c0662,39.208216,13.37156,188.05742328627727,2019-03-14
c0662,39.208216,13.37156,156.9039626867795,2019-03-15
c0662,39.208216,13.37156,151.11596208208502,2019-03-16
c0662,39.208216,13.37156,137.93488399230333,2019-03-17
c0662,39.208216,13.37156,145.97808466499612,2019-03-18
c0662,39.208216,13.37156,147.55751843416306,2019-03-19
c0662,39.208216,13.37156,159.5817582016435,2019-03-20
c0662,39.208216,13.37156,151.14865359594185,2019-03-21
c0662,39.208216,13.37156,144.7064230656368,2019-03-22
c0662,39.208216,13.37156,145.81966755919325,2019-03-23
c0662,39.208216,13.37156,139.83256061124635,2019-03-24
c0662,39.208216,13.37156,144.29603620320395,2019-03-25
c0662,39.208216,13.37156,169.22962557838457,2019-03-26
c0662,39.208216,13.37156,186.8676309031567,2019-03-27
c0662,39.208216,13.37156,174.47655624403632,2019-03-28
c0662,39.208216,13.37156,173.18913960844,2019-03-29
c0662,39.208216,13.37156,176.9866329166399,2019-03-30
c0662,39.208216,13.37156,162.49644531842856,2019-03-31
c0662,39.208216,13.37156,153.92608538127604,2019-04-01
c0662,39.208216,13.37156,164.6618700027432,2019-04-02
c0662,39.208216,13.37156,,2019-04-03
c0662,39.208216,13.37156,169.4207989106238,2019-04-04
c0662,39.208216,13.37156,155.7810669791726,2019-04-05
c0662,39.208216,13.37156,151.60944262228196,2019-04-06
c0662,39.208216,13.37156,181.7105082508565,2019-04-07
c0662,39.208216,13.37156,182.41414997488368,2019-04-08
c0662,39.208216,13.37156,163.2409755787163,2019-04-09
c0662,39.208216,13.37156,166.5295327289492,2019-04-10
c0662,39.208216,13.37156,178.65291580033332,2019-04-11
c0662,39.208216,13.37156,179.44725601677973,2019-04-12
c0662,39.208216,13.37156,175.4612174147256,2019-04-13
c0662,39.208216,13.37156,170.80160391497137,2019-04-14
c0662,39.208216,13.37156,152.4117358397199,2019-04-16
c0662,39.208216,13.37156,166.67363844090676,2019-04-17
c0662,39.208216,13.37156,155.24258328408573,2019-04-18
c0662,39.208216,13.37156,155.1131046993706,2019-04-19
c0662,39.208216,13.37156,154.30096689579716,2019-04-20
c0662,39.208216,13.37156,143.65745175345344,2019-04-21
c0662,39.208216,13.37156,146.9322050479752,2019-04-22
c0662,39.208216,13.37156,165.7578693949089,2019-04-23
c0662,39.208216,13.37156,157.2909371401286,2019-04-24
c0662,39.208216,13.37156,156.20383832879472,2019-04-25
c0662,39.208216,13.37156,144.48461713222414,2019-04-26
c0662,39.208216,13.37156,161.59972467864165,2019-04-27
c0662,39.208216,13.37156,154.3544249332798,2019-04-28
c0662,39.208216,13.37156,170.73797847287685,2019-04-29
c0662,39.208216,13.37156,162.64125708749592,2019-04-30
c0662,39.208216,13.37156,162.98370162895932,2019-05-01
c0662,39.208216,13.37156,152.9453787399327,2019-05-02
c0662,39.208216,13.37156,155.5602279551546,2019-05-03
c0662,39.208216,13.37156,159.74446474836515,2019-05-04
c0662,39.208216,13.37156,158.41400432746102,2019-05-05
c0662,39.208216,13.37156,183.69662388867377,2019-05-06
c0662,39.208216,13.37156,167.02356632819587,2019-05-07
c0662,39.208216,13.37156,158.83140163692673,2019-05-08
c0662,39.208216,13.37156,154.17792202845695,2019-05-09
c0662,39.208216,13.37156,148.71554527936902,2019-05-10
c0662,39.208216,13.37156,146.10550158902362,2019-05-11
c0662,39.208216,13.37156,174.4049881648922,2019-05-12
c0662,39.208216,13.37156,176.1302514489294,2019-05-13
c0662,39.208216,13.37156,173.1138875542267,2019-05-14
c0662,39.208216,13.37156,172.15216320015537,2019-05-15
c0662,39.208216,13.37156,179.09328020010196,2019-05-16
c0662,39.208216,13.37156,157.17022207068436,2019-05-17
c0662,39.208216,13.37156,156.42224366457668,2019-05-18
c0662,39.208216,13.37156,167.82535832997533,2019-05-19
c0662,39.208216,13.37156,169.0805131190102,2019-05-20
c0662,39.208216,13.37156,154.7961540042552,2019-05-21
c0662,39.208216,13.37156,163.72590617303015,2019-05-22
c0662,39.208216,13.37156,162.70982846283914,2019-05-23
c0662,39.208216,13.37156,156.25501773229828,2019-05-24
c0662,39.208216,13.37156,151.28154759306557,2019-05-25
c0662,39.208216,13.37156,158.0892506016742,2019-05-26
c0662,39.208216,13.37156,186.473169130505,2019-05-27
c0662,39.208216,13.37156,166.1977662317444,2019-05-28
c0662,39.208216,13.37156,165.15948306428172,2019-05-29
c0662,39.208216,13.37156,167.45648971260496,2019-05-30
c0662,39.208216,13.37156,160.54486205988388,2019-05-31
c0662,39.208216,13.37156,171.06203082496242,2019-06-01
c0662,39.208216,13.37156,158.43536538393812,2019-06-02
c0662,39.208216,13.37156,151.7313798372725,2019-06-03
c0662,39.208216,13.37156,153.32116047183703,2019-06-04
c0662,39.208216,13.37156,148.60980167488637,2019-06-05
c0662,39.208216,13.37156,142.02291450235768,2019-06-06
c0662,39.208216,13.37156,146.57335657346397,2019-06-07
c0662,39.208216,13.37156,142.0401334051943,2019-06-08
c0662,39.208216,13.37156,143.75478318854445,2019-06-09
c0662,39.208216,13.37156,143.90093065947457,2019-06-10
c0662,39.208216,13.37156,150.27718200864123,2019-06-11
c0662,39.208216,13.37156,143.2957630155327,2019-06-12
c0662,39.208216,13.37156,142.52769443661225,2019-06-13
c0662,39.208216,13.37156,135.77357603402214,2019-06-14
c0662,39.208216,13.37156,144.63410926768034,2019-06-15
c0662,39.208216,13.37156,150.51821150810937,2019-06-16
c0662,39.208216,13.37156,148.8774176760411,2019-06-17
c0662,39.208216,13.37156,150.16898524243953,2019-06-18
c0662,39.208216,13.37156,140.79063176465445,2019-06-19
c0662,39.208216,13.37156,145.89931405818226,2019-06-20
c0662,39.208216,13.37156,144.96931295182836,2019-06-21
c0662,39.208216,13.37156,145.30677746458556,2019-06-22
c0662,39.208216,13.37156,144.38453416353704,2019-06-23
c0662,39.208216,13.37156,144.67420073656507,2019-06-24
c0662,39.208216,13.37156,145.17434682581225,2019-06-25
c0662,39.208216,13.37156,152.489808877789,2019-06-26
c0662,39.208216,13.37156,154.74895463701978,2019-06-27
c0662,39.208216,13.37156,149.51733006474987,2019-06-28
c0662,39.208216,13.37156,146.60422825113147,2019-06-29
c0662,39.208216,13.37156,146.8604616644066,2019-06-30
c0662,39.208216,13.37156,148.05380262103793,2019-07-01
c0662,39.208216,13.37156,148.93757430744486,2019-07-02
c0662,39.208216,13.37156,144.56721478931007,2019-07-03
c0662,39.208216,13.37156,141.75314104777442,2019-07-04
c0662,39.208216,13.37156,141.00062269450146,2019-07-05
c0662,39.208216,13.37156,139.02516351600934,2019-07-06
c0662,39.208216,13.37156,131.93000169076262,2019-07-07
c0662,39.208216,13.37156,135.72872296721323,2019-07-08
c0662,39.208216,13.37156,139.57158800241697,2019-07-09
c0662,39.208216,13.37156,145.24209758524137,2019-07-10
c0662,39.208216,13.37156,147.0361678191753,2019-07-11
c0662,39.208216,13.37156,144.44881550734678,2019-07-12
c0662,39.208216,13.37156,142.304872992998,2019-07-13
c0662,39.208216,13.37156,144.59064879631762,2019-07-14
c0662,39.208216,13.37156,,2019-07-15
c0662,39.208216,13.37156,156.73597692125608,2019-07-16
c0662,39.208216,13.37156,144.80060085463424,2019-07-17
c0662,39.208216,13.37156,148.90104116207013,2019-07-18
c0662,39.208216,13.37156,151.35958502579555,2019-07-19
c0662,39.208216,13.37156,144.2690335134432,2019-07-20
c0662,39.208216,13.37156,146.35468659855928,2019-07-21
c0662,39.208216,13.37156,143.58758686946072,2019-07-22
c0662,39.208216,13.37156,139.69066460323506,2019-07-23
c0662,39.208216,13.37156,142.1038013660943,2019-07-24
c0662,39.208216,13.37156,139.60600397572307,2019-07-25
c0662,39.208216,13.37156,138.79768294610335,2019-07-26
c0662,39.208216,13.37156,139.01402579463223,2019-07-27
c0662,39.208216,13.37156,137.684659090603,2019-07-28
c0662,39.208216,13.37156,140.50678919804167,2019-07-29
c0662,39.208216,13.37156,142.21941796155596,2019-07-30
c0662,39.208216,13.37156,137.84554292864635,2019-07-31
c0662,39.208216,13.37156,133.51364027348188,2019-08-01
c0662,39.208216,13.37156,133.7494740175435,2019-08-02
c0662,39.208216,13.37156,139.2932565811856,2019-08-03
c0662,39.208216,13.37156,140.4416886937271,2019-08-04
c0662,39.208216,13.37156,144.52945583840165,2019-08-05
c0662,39.208216,13.37156,141.88698182423408,2019-08-06
c0662,39.208216,13.37156,139.86704969095507,2019-08-07
c0662,39.208216,13.37156,135.61870677585884,2019-08-08
c0662,39.208216,13.37156,138.22027928955032,2019-08-09
c0662,39.208216,13.37156,132.97576315866746,2019-08-10
c0662,39.208216,13.37156,131.94091327438403,2019-08-11
c0662,39.208216,13.37156,129.41395879229464,2019-08-12
c0662,39.208216,13.37156,127.70188867758851,2019-08-13
c0662,39.208216,13.37156,138.48101289147186,2019-08-14
c0662,39.208216,13.37156,136.58447080897912,2019-08-15
c0662,39.208216,13.37156,134.23045766122976,2019-08-16
c0662,39.208216,13.37156,133.24946640692357,2019-08-17
c0662,39.208216,13.37156,132.4028886538932,2019-08-18
c0662,39.208216,13.37156,134.5560847105749,2019-08-19
c0662,39.208216,13.37156,133.83578287881497,2019-08-20
c0662,39.208216,13.37156,130.57596664957708,2019-08-21
c0662,39.208216,13.37156,,2019-08-22
c0662,39.208216,13.37156,136.64394499342114,2019-08-23
c0662,39.208216,13.37156,139.71116144449272,2019-08-24
c0662,39.208216,13.37156,139.99492105349162,2019-08-25
c0662,39.208216,13.37156,135.40625354543627,2019-08-26
c0662,39.208216,13.37156,134.6993052383587,2019-08-27
c0662,39.208216,13.37156,134.57612029159966,2019-08-28
c0662,39.208216,13.37156,138.8592144108768,2019-08-29
c0662,39.208216,13.37156,136.32839483262364,2019-08-30
c0662,39.208216,13.37156,133.13375885802537,2019-08-31
c0662,39.208216,13.37156,135.59129604123385,2019-09-01
c0662,39.208216,13.37156,136.5906599112581,2019-09-02
c0662,39.208216,13.37156,136.79723764731838,2019-09-03
c0662,39.208216,13.37156,137.4112464292781,2019-09-04
c0662,39.208216,13.37156,139.47109900982483,2019-09-05
c0662,39.208216,13.37156,139.0119398841032,2019-09-06
c0662,39.208216,13.37156,140.06124456589535,2019-09-07
c0662,39.208216,13.37156,136.80551790177248,2019-09-08
c0662,39.208216,13.37156,137.6406205307955,2019-09-09
c0662,39.208216,13.37156,138.3413359663787,2019-09-10
c0662,39.208216,13.37156,137.47899511059782,2019-09-11
c0662,39.208216,13.37156,132.28861734687783,2019-09-12
c0662,39.208216,13.37156,126.45373852934524,2019-09-13
c0662,39.208216,13.37156,127.56323632044013,2019-09-14
c0662,39.208216,13.37156,129.45109172805667,2019-09-15
c0662,39.208216,13.37156,133.69526884179436,2019-09-16
c0662,39.208216,13.37156,141.04895344533975,2019-09-17
c0662,39.208216,13.37156,138.07426515107056,2019-09-18
c0662,39.208216,13.37156,137.8224327753306,2019-09-19
c0662,39.208216,13.37156,138.94357697911923,2019-09-20
c0662,39.208216,13.37156,135.6495618766801,2019-09-21
c0662,39.208216,13.37156,130.2296759080185,2019-09-22
c0662,39.208216,13.37156,135.3752768459739,2019-09-23
c0662,39.208216,13.37156,129.173318498444,2019-09-24
c0662,39.208216,13.37156,128.77438706356918,2019-09-25
c0662,39.208216,13.37156,133.36867322023787,2019-09-26
c0662,39.208216,13.37156,128.66350458804354,2019-09-27
c0662,39.208216,13.37156,128.9803701961407,2019-09-28
c0662,39.208216,13.37156,129.72641805217398,2019-09-29
c0662,39.208216,13.37156,124.2079904657291,2019-09-30
c0662,39.208216,13.37156,121.84067724335335,2019-10-01
c0662,39.208216,13.37156,129.82827599040894,2019-10-02
c0662,39.208216,13.37156,142.262365879372,2019-10-03
c0662,39.208216,13.37156,130.39951194566964,2019-10-04
c0662,39.208216,13.37156,133.19965897377463,2019-10-05
c0662,39.208216,13.37156,131.81123229952075,2019-10-06
c0662,39.208216,13.37156,144.52333832489302,2019-10-07
c0662,39.208216,13.37156,133.1288000628272,2019-10-08
c0662,39.208216,13.37156,132.52283427497454,2019-10-09
c0662,39.208216,13.37156,132.99194524116433,2019-10-10
c0662,39.208216,13.37156,128.29478857102134,2019-10-11
c0662,39.208216,13.37156,128.42676638034104,2019-10-12
c0662,39.208216,13.37156,125.14309812573072,2019-10-13
c0662,39.208216,13.37156,122.94802554104848,2019-10-14
c0662,39.208216,13.37156,121.39509988379152,2019-10-15
c0662,39.208216,13.37156,124.16703681144811,2019-10-16
c0662,39.208216,13.37156,122.60144267322626,2019-10-17
c0662,39.208216,13.37156,129.25487334672613,2019-10-18
c0662,39.208216,13.37156,129.86206397693917,2019-10-19
c0662,39.208216,13.37156,125.16354688314748,2019-10-20
c0662,39.208216,13.37156,126.0060742033036,2019-10-21
c0662,39.208216,13.37156,126.00672879039554,2019-10-22
c0662,39.208216,13.37156,124.87585816559124,2019-10-23
c0662,39.208216,13.37156,126.93383466078228,2019-10-24
c0662,39.208216,13.37156,136.35266253350187,2019-10-25
c0662,39.208216,13.37156,134.61998118154187,2019-10-26
c0662,39.208216,13.37156,133.59098232741448,2019-10-27
c0662,39.208216,13.37156,136.1447777208974,2019-10-28
c0662,39.208216,13.37156,129.84814562237,2019-10-29
c0662,39.208216,13.37156,129.7574933680263,2019-10-30
c0662,39.208216,13.37156,129.4112017516185,2019-10-31
c0662,39.208216,13.37156,131.84909872723048,2019-11-01
c0662,39.208216,13.37156,126.177681120316,2019-11-02
c0662,39.208216,13.37156,138.88165027680083,2019-11-03
c0662,39.208216,13.37156,135.73801429510866,2019-11-04
c0662,39.208216,13.37156,133.94790450145214,2019-11-05
c0662,39.208216,13.37156,142.61318744287092,2019-11-06
c0662,39.208216,13.37156,140.52993002259217,2019-11-07
c0662,39.208216,13.37156,135.76423952831956,2019-11-08
c0662,39.208216,13.37156,141.71891986858682,2019-11-09
c0662,39.208216,13.37156,140.68565568253226,2019-11-10
c0662,39.208216,13.37156,142.75446830930275,2019-11-11
c0662,39.208216,13.37156,140.18059079552478,2019-11-13
c0662,39.208216,13.37156,142.76712581258872,2019-11-14
c0662,39.208216,13.37156,140.08427519194362,2019-11-15
c0662,39.208216,13.37156,132.13585954926677,2019-11-16
c0662,39.208216,13.37156,146.67190003975838,2019-11-17
c0662,39.208216,13.37156,148.28674189190286,2019-11-18
c0662,39.208216,13.37156,158.7347087880909,2019-11-19
c0662,39.208216,13.37156,142.45717164874247,2019-11-20
c0662,39.208216,13.37156,148.69067319894395,2019-11-21
c0662,39.208216,13.37156,144.76070368109768,2019-11-22
c0662,39.208216,13.37156,148.29850083860117,2019-11-23
c0662,39.208216,13.37156,155.25057533043875,2019-11-24
c0662,39.208216,13.37156,149.50440909079285,2019-11-25
c0662,39.208216,13.37156,132.10113356132118,2019-11-26
c0662,39.208216,13.37156,117.40524122242914,2019-11-27
c0662,39.208216,13.37156,119.59444959489352,2019-11-28
c0662,39.208216,13.37156,120.44633909622324,2019-11-29
c0662,39.208216,13.37156,129.3196833153227,2019-11-30
c0662,39.208216,13.37156,120.98260978211148,2019-12-01
c0662,39.208216,13.37156,120.64114924456072,2019-12-02
c0662,39.208216,13.37156,124.4560078591262,2019-12-03
c0662,39.208216,13.37156,125.17330131491973,2019-12-04
c0662,39.208216,13.37156,136.51023989580534,2019-12-05
c0662,39.208216,13.37156,144.0124124525694,2019-12-06
c0662,39.208216,13.37156,141.89731536857147,2019-12-07
c0662,39.208216,13.37156,137.0817366938039,2019-12-08
c0662,39.208216,13.37156,131.44704076263466,2019-12-09
c0662,39.208216,13.37156,140.47512376362906,2019-12-10
c0662,39.208216,13.37156,148.0658898131857,2019-12-11
c0662,39.208216,13.37156,149.88396896379254,2019-12-12
c0662,39.208216,13.37156,149.39111452028575,2019-12-13
c0662,39.208216,13.37156,135.57192568740777,2019-12-14
c0662,39.208216,13.37156,138.43145569950292,2019-12-15
c0662,39.208216,13.37156,138.15299024413957,2019-12-16
c0662,39.208216,13.37156,131.27375810713454,2019-12-17
c0662,39.208216,13.37156,139.62153888507805,2019-12-18
c0662,39.208216,13.37156,157.771086068107,2019-12-19
c0662,39.208216,13.37156,134.33632546783792,2019-12-20
c0662,39.208216,13.37156,140.35564981727504,2019-12-21
c0662,39.208216,13.37156,132.1132751464024,2019-12-22
c0662,39.208216,13.37156,137.03876800068426,2019-12-23
c0662,39.208216,13.37156,136.5723712453804,2019-12-24
c0662,39.208216,13.37156,133.70220049664343,2019-12-25
c0662,39.208216,13.37156,136.4318131678671,2019-12-26
c0662,39.208216,13.37156,150.30837636633595,2019-12-27
c0662,39.208216,13.37156,167.99387929736747,2019-12-28
c0662,39.208216,13.37156,169.598253776563,2019-12-29
c0662,39.208216,13.37156,172.90626988599544,2019-12-30
c0662,39.208216,13.37156,159.44190199803646,2019-12-31
c0662,39.208216,13.37156,149.02432052939616,2020-01-01
c0662,39.208216,13.37156,151.52644369798765,2020-01-02
c0662,39.208216,13.37156,149.07927974807333,2020-01-03
c0662,39.208216,13.37156,157.21163885203316,2020-01-04
c0662,39.208216,13.37156,156.7729554340827,2020-01-05
c0662,39.208216,13.37156,160.8292303022359,2020-01-06
c0662,39.208216,13.37156,165.30664008374188,2020-01-07
c0662,39.208216,13.37156,159.7191690785787,2020-01-08
c0662,39.208216,13.37156,146.751606534321,2020-01-09
c0662,39.208216,13.37156,154.72355613562064,2020-01-10
c0662,39.208216,13.37156,167.90215408669908,2020-01-11
c0662,39.208216,13.37156,159.91330778357613,2020-01-12
c0662,39.208216,13.37156,155.7889024435089,2020-01-13
c0662,39.208216,13.37156,150.32289855362197,2020-01-14
c0662,39.208216,13.37156,142.28903058902554,2020-01-15
c0662,39.208216,13.37156,148.96209218878175,2020-01-16
c0662,39.208216,13.37156,154.58242632281323,2020-01-17
c0662,39.208216,13.37156,160.88218464422778,2020-01-18
c0662,39.208216,13.37156,163.2978003772234,2020-01-19
c0662,39.208216,13.37156,169.20929704430654,2020-01-20
c0662,39.208216,13.37156,152.1013463619945,2020-01-21
c0662,39.208216,13.37156,145.03887264017467,2020-01-22
c0662,39.208216,13.37156,146.05161086050913,2020-01-23
c0662,39.208216,13.37156,134.90330699808223,2020-01-24
c0662,39.208216,13.37156,131.2148715188206,2020-01-25
c0662,39.208216,13.37156,141.38624496638485,2020-01-26
c0662,39.208216,13.37156,154.0519111786942,2020-01-27
c0662,39.208216,13.37156,159.654935077536,2020-01-28
c0662,39.208216,13.37156,162.70190629336477,2020-01-29
c0662,39.208216,13.37156,144.01786321473787,2020-01-30
c0662,39.208216,13.37156,140.28650341214149,2020-01-31
c0662,39.208216,13.37156,137.63017882011272,2020-02-01
c0662,39.208216,13.37156,143.11410633180853,2020-02-02
c0662,39.208216,13.37156,135.98191626516643,2020-02-03
c0662,39.208216,13.37156,134.49471050377636,2020-02-04
c0662,39.208216,13.37156,168.70526489067308,2020-02-05
c0662,39.208216,13.37156,164.95363857414503,2020-02-06
c0662,39.208216,13.37156,157.0375578269003,2020-02-07
c0662,39.208216,13.37156,147.43944144959588,2020-02-08
c0662,39.208216,13.37156,146.17316172153565,2020-02-09
c0662,39.208216,13.37156,133.13966269325095,2020-02-10
c0662,39.208216,13.37156,115.22044896678668,2020-02-11
c0662,39.208216,13.37156,125.00605843042068,2020-02-12
c0662,39.208216,13.37156,134.11203860499853,2020-02-13
c0662,39.208216,13.37156,147.2088855321931,2020-02-14
c0662,39.208216,13.37156,132.7588208304376,2020-02-15
c0662,39.208216,13.37156,145.6643339390891,2020-02-16
c0662,39.208216,13.37156,133.85359822759185,2020-02-17
c0662,39.208216,13.37156,138.35782740300314,2020-02-18
c0662,39.208216,13.37156,148.8934366481045,2020-02-19
c0662,39.208216,13.37156,138.857303692117,2020-02-20
c0662,39.208216,13.37156,143.55453526448088,2020-02-21
c0662,39.208216,13.37156,146.25664027013892,2020-02-22
c0662,39.208216,13.37156,139.82291754054037,2020-02-23
c0662,39.208216,13.37156,131.33445740655728,2020-02-24
c0662,39.208216,13.37156,131.48636083505932,2020-02-25
c0662,39.208216,13.37156,155.8264255586513,2020-02-26
c0662,39.208216,13.37156,158.0614923585063,2020-02-27
c0662,39.208216,13.37156,138.02059264228774,2020-02-28
c0662,39.208216,13.37156,133.5197558304993,2020-02-29
c0662,39.208216,13.37156,146.16439040043304,2020-03-01
c0662,39.208216,13.37156,149.56644335517865,2020-03-02
c0662,39.208216,13.37156,179.27807287497907,2020-03-03
c0662,39.208216,13.37156,177.48098802756004,2020-03-04
c0662,39.208216,13.37156,143.79870288754424,2020-03-05
c0662,39.208216,13.37156,140.8290816786779,2020-03-06
c0662,39.208216,13.37156,167.80751575135224,2020-03-07
c0662,39.208216,13.37156,175.4855172963782,2020-03-08
c0662,39.208216,13.37156,162.82404635618346,2020-03-09
c0662,39.208216,13.37156,167.6708974575132,2020-03-10
c0662,39.208216,13.37156,145.79862046159553,2020-03-11
c0662,39.208216,13.37156,136.87530077548644,2020-03-12
c0662,39.208216,13.37156,143.3381067076943,2020-03-13
c0662,39.208216,13.37156,139.99137220444243,2020-03-14
c0662,39.208216,13.37156,143.53663777585228,2020-03-15
c0662,39.208216,13.37156,143.6078609795024,2020-03-16
c0662,39.208216,13.37156,138.6178825232898,2020-03-17
c0662,39.208216,13.37156,144.6695435154946,2020-03-18
c0662,39.208216,13.37156,150.65330839589663,2020-03-19
c0662,39.208216,13.37156,149.93232166965856,2020-03-20
c0662,39.208216,13.37156,153.0045019584432,2020-03-21
c0662,39.208216,13.37156,163.62967043751803,2020-03-22
c0662,39.208216,13.37156,162.5934451830449,2020-03-23
c0662,39.208216,13.37156,168.00809779519008,2020-03-24
c0662,39.208216,13.37156,170.83823974305824,2020-03-25
c0662,39.208216,13.37156,183.25865723731084,2020-03-26
c0662,39.208216,13.37156,182.51215480331985,2020-03-27
c0662,39.208216,13.37156,168.72663080747006,2020-03-28
c0662,39.208216,13.37156,160.73906872909262,2020-03-29
c0662,39.208216,13.37156,170.92797959769197,2020-03-30
c0662,39.208216,13.37156,165.8737930888363,2020-03-31
c0662,39.208216,13.37156,172.60876937902927,2020-04-01
c0662,39.208216,13.37156,170.55014702377383,2020-04-02
c0662,39.208216,13.37156,176.75723264361636,2020-04-03
c0662,39.208216,13.37156,179.8049206954542,2020-04-04
c0662,39.208216,13.37156,174.71526889369363,2020-04-05
c0662,39.208216,13.37156,163.67947945343485,2020-04-06
c0662,39.208216,13.37156,151.16183880355507,2020-04-07
c0662,39.208216,13.37156,148.39750191501122,2020-04-08
c0662,39.208216,13.37156,166.57534530052877,2020-04-09
c0662,39.208216,13.37156,153.01636407904593,2020-04-10
c0662,39.208216,13.37156,147.48697282506282,2020-04-11
c0662,39.208216,13.37156,143.57023393337,2020-04-12
c0662,39.208216,13.37156,137.6184458146203,2020-04-13
c0662,39.208216,13.37156,146.04213853849456,2020-04-14
c0662,39.208216,13.37156,148.1361327748443,2020-04-15
c0662,39.208216,13.37156,142.87663028376636,2020-04-16
c0662,39.208216,13.37156,146.78692058938347,2020-04-17
c0662,39.208216,13.37156,142.4659107506906,2020-04-18
c0662,39.208216,13.37156,138.12167148617417,2020-04-19
c0662,39.208216,13.37156,140.25872328039912,2020-04-20
c0662,39.208216,13.37156,152.33300311139217,2020-04-21
c0662,39.208216,13.37156,167.04214561853266,2020-04-22
c0662,39.208216,13.37156,158.87703808268918,2020-04-23
c0662,39.208216,13.37156,152.56014158977942,2020-04-24
c0662,39.208216,13.37156,152.05425814154395,2020-04-25
c0662,39.208216,13.37156,154.74746480272452,2020-04-26
c0662,39.208216,13.37156,150.48058290656135,2020-04-27
c0662,39.208216,13.37156,151.45427693388896,2020-04-28
c0662,39.208216,13.37156,154.64871385860295,2020-04-29
c0662,39.208216,13.37156,153.06329731160832,2020-04-30
c0662,39.208216,13.37156,155.31516570157163,2020-05-01
c0662,39.208216,13.37156,149.90044446766882,2020-05-02
c0662,39.208216,13.37156,146.35823773417968,2020-05-03
c0662,39.208216,13.37156,140.9512720586471,2020-05-04
c0662,39.208216,13.37156,144.74895778518766,2020-05-05
c0662,39.208216,13.37156,144.66938456609776,2020-05-06
c0662,39.208216,13.37156,156.84346777399213,2020-05-07
c0662,39.208216,13.37156,141.11652566239343,2020-05-08
c0662,39.208216,13.37156,142.49125736474866,2020-05-09
c0662,39.208216,13.37156,141.90321380968263,2020-05-10
c0662,39.208216,13.37156,135.0431110665641,2020-05-11
c0662,39.208216,13.37156,140.81595977676776,2020-05-12
c0662,39.208216,13.37156,137.39614961835872,2020-05-13
c0662,39.208216,13.37156,136.0055728417674,2020-05-14
c0662,39.208216,13.37156,134.8456936194135,2020-05-15
c0662,39.208216,13.37156,137.19329755269413,2020-05-16
c0662,39.208216,13.37156,137.0997741042646,2020-05-17
c0662,39.208216,13.37156,138.86015566158875,2020-05-18
c0662,39.208216,13.37156,141.52153724727106,2020-05-19
c0662,39.208216,13.37156,152.38435728461164,2020-05-20
c0662,39.208216,13.37156,147.69462779897478,2020-05-21
c0662,39.208216,13.37156,145.8715503454194,2020-05-22
c0662,39.208216,13.37156,140.22107765463647,2020-05-23
c0662,39.208216,13.37156,145.98219417085494,2020-05-24
c0662,39.208216,13.37156,153.42966046573747,2020-05-25
c0662,39.208216,13.37156,155.23210604101072,2020-05-26
c0662,39.208216,13.37156,158.92301985467995,2020-05-27
c0662,39.208216,13.37156,153.48777776854524,2020-05-28
c0662,39.208216,13.37156,162.00123806126783,2020-05-29
c0662,39.208216,13.37156,163.89768521416673,2020-05-30
c0662,39.208216,13.37156,158.05908249210276,2020-05-31
c0662,39.208216,13.37156,152.1876107002314,2020-06-01
c0662,39.208216,13.37156,151.40368732419213,2020-06-02
c0662,39.208216,13.37156,153.34516029647727,2020-06-03
c0662,39.208216,13.37156,149.58575155518824,2020-06-04
c0662,39.208216,13.37156,155.94059263065932,2020-06-05
c0662,39.208216,13.37156,151.64850780414926,2020-06-06
c0662,39.208216,13.37156,144.46937681583842,2020-06-07
c0662,39.208216,13.37156,145.84974342356134,2020-06-08
c0662,39.208216,13.37156,151.5823737114985,2020-06-09
c0662,39.208216,13.37156,160.25812881013917,2020-06-10
c0662,39.208216,13.37156,156.551140706504,2020-06-11
c0662,39.208216,13.37156,,2020-06-13
c0662,39.208216,13.37156,144.13739596014983,2020-06-14
c0662,39.208216,13.37156,142.8203422567905,2020-06-15
c0662,39.208216,13.37156,144.72468621667286,2020-06-16
c0662,39.208216,13.37156,143.34771547238978,2020-06-17
c0662,39.208216,13.37156,135.43825391222614,2020-06-18
c0662,39.208216,13.37156,130.41326102601488,2020-06-19
c0662,39.208216,13.37156,138.22014540397245,2020-06-20
c0662,39.208216,13.37156,148.86085887867952,2020-06-21
c0662,39.208216,13.37156,146.63751332210973,2020-06-22
c0662,39.208216,13.37156,145.58846435387963,2020-06-23
c0662,39.208216,13.37156,145.4350938491032,2020-06-24
c0662,39.208216,13.37156,142.26628754145415,2020-06-25
c0662,39.208216,13.37156,135.4653862163259,2020-06-26
c0662,39.208216,13.37156,131.98795257693004,2020-06-27
c0662,39.208216,13.37156,131.763337774666,2020-06-28
c0662,39.208216,13.37156,129.68649698262445,2020-06-29
c0662,39.208216,13.37156,129.99446996348567,2020-06-30
c0662,39.208216,13.37156,131.81930238504555,2020-07-01
c0662,39.208216,13.37156,127.58545979993862,2020-07-02
c0662,39.208216,13.37156,130.19058825247862,2020-07-03
c0662,39.208216,13.37156,,2020-07-04
c0662,39.208216,13.37156,148.95811132834046,2020-07-05
c0662,39.208216,13.37156,142.51871711923735,2020-07-06
c0662,39.208216,13.37156,133.5979454108936,2020-07-07
c0662,39.208216,13.37156,130.92133107290408,2020-07-08
c0662,39.208216,13.37156,132.31866965672714,2020-07-09
c0662,39.208216,13.37156,134.3345996017841,2020-07-10
c0662,39.208216,13.37156,138.07498228978426,2020-07-11
c0662,39.208216,13.37156,128.97250153450037,2020-07-12
c0662,39.208216,13.37156,133.7490580117447,2020-07-13
c0662,39.208216,13.37156,135.55199316297256,2020-07-14
c0662,39.208216,13.37156,,2020-07-15
c0662,39.208216,13.37156,142.94400192578723,2020-07-16
c0662,39.208216,13.37156,142.99127284321037,2020-07-17
c0662,39.208216,13.37156,137.63193583280727,2020-07-18
c0662,39.208216,13.37156,140.8441571940625,2020-07-19
c0662,39.208216,13.37156,135.11830625028492,2020-07-20
c0662,39.208216,13.37156,132.2686581234218,2020-07-21
c0662,39.208216,13.37156,128.26367925502203,2020-07-22
c0662,39.208216,13.37156,129.85593882212478,2020-07-23
c0662,39.208216,13.37156,131.39804500940505,2020-07-24
c0662,39.208216,13.37156,136.13677236983477,2020-07-25
c0662,39.208216,13.37156,,2020-07-26
c0662,39.208216,13.37156,136.34692062706975,2020-07-27
c0662,39.208216,13.37156,133.3991102199002,2020-07-28
c0662,39.208216,13.37156,132.48590786644002,2020-07-29
c0662,39.208216,13.37156,130.99244690946344,2020-07-30
c0662,39.208216,13.37156,130.23302381373756,2020-07-31
c0662,39.208216,13.37156,133.6041199690603,2020-08-02
c0662,39.208216,13.37156,132.4953495994416,2020-08-03
c0662,39.208216,13.37156,143.46929965458554,2020-08-04
c0662,39.208216,13.37156,150.74887888384967,2020-08-05
c0662,39.208216,13.37156,146.02520454479912,2020-08-06
c0662,39.208216,13.37156,141.51537722486566,2020-08-07
c0662,39.208216,13.37156,142.85059536002086,2020-08-08
c0662,39.208216,13.37156,138.41246891282293,2020-08-09
c0662,39.208216,13.37156,136.5181705951364,2020-08-10
c0662,39.208216,13.37156,139.58258108488403,2020-08-11
c0662,39.208216,13.37156,134.88920578816908,2020-08-12
c0662,39.208216,13.37156,133.53322230192472,2020-08-13
c0662,39.208216,13.37156,130.76200482537888,2020-08-14
c0662,39.208216,13.37156,132.21005109973254,2020-08-15
c0662,39.208216,13.37156,133.68835363078855,2020-08-16
c0662,39.208216,13.37156,136.9688230223906,2020-08-17
c0662,39.208216,13.37156,135.9427655343163,2020-08-18
c0662,39.208216,13.37156,137.72767366263162,2020-08-19
c0662,39.208216,13.37156,131.4350651742116,2020-08-20
c0662,39.208216,13.37156,133.04977161331578,2020-08-21
c0662,39.208216,13.37156,129.40346006444034,2020-08-22
c0662,39.208216,13.37156,130.9116054439759,2020-08-23
c0662,39.208216,13.37156,131.20625081023155,2020-08-24
c0662,39.208216,13.37156,129.22336152674558,2020-08-25
c0662,39.208216,13.37156,128.0073640121739,2020-08-26
c0662,39.208216,13.37156,130.28292129236473,2020-08-27
c0662,39.208216,13.37156,131.21508679004435,2020-08-28
c0662,39.208216,13.37156,129.72609606698836,2020-08-29
c0662,39.208216,13.37156,127.00897856092432,2020-08-30
c0662,39.208216,13.37156,130.4643408192666,2020-08-31
c0662,39.208216,13.37156,133.41669916208332,2020-09-01
c0662,39.208216,13.37156,134.07456124309118,2020-09-02
c0662,39.208216,13.37156,136.99832100483928,2020-09-03
c0662,39.208216,13.37156,129.9055444886336,2020-09-04
c0662,39.208216,13.37156,127.6380735556443,2020-09-05
c0662,39.208216,13.37156,127.65470130174376,2020-09-06
c0662,39.208216,13.37156,129.73372077845676,2020-09-07
c0662,39.208216,13.37156,127.9521765941842,2020-09-08
c0662,39.208216,13.37156,126.82860553223392,2020-09-09
c0662,39.208216,13.37156,128.11073797883128,2020-09-10
c0662,39.208216,13.37156,131.70651387263706,2020-09-11
c0662,39.208216,13.37156,136.90200034476288,2020-09-12
c0662,39.208216,13.37156,135.68802208175833,2020-09-13
c0662,39.208216,13.37156,129.12391612880873,2020-09-15
c0662,39.208216,13.37156,122.81909285072392,2020-09-16
c0662,39.208216,13.37156,126.39467759363582,2020-09-17
c0662,39.208216,13.37156,125.21397219113987,2020-09-18
c0662,39.208216,13.37156,122.803349949249,2020-09-19
c0662,39.208216,13.37156,121.69585679761136,2020-09-20
c0662,39.208216,13.37156,127.05393967899518,2020-09-21
c0662,39.208216,13.37156,132.93683780565274,2020-09-22
c0662,39.208216,13.37156,131.9869768484516,2020-09-23
c0662,39.208216,13.37156,129.13258608529313,2020-09-24
c0662,39.208216,13.37156,126.03621928786336,2020-09-25
c0662,39.208216,13.37156,138.32442531842494,2020-09-26
c0662,39.208216,13.37156,135.85802542029234,2020-09-27
c0662,39.208216,13.37156,145.1247523559232,2020-09-28
c0662,39.208216,13.37156,132.47519754731,2020-09-29
c0662,39.208216,13.37156,125.03160974499062,2020-09-30
c0662,39.208216,13.37156,122.3060126026629,2020-10-01
c0662,39.208216,13.37156,130.2425780604415,2020-10-02
c0662,39.208216,13.37156,130.0628248996314,2020-10-03
c0662,39.208216,13.37156,131.08707542420618,2020-10-04
c0662,39.208216,13.37156,130.98183350514273,2020-10-05
c0662,39.208216,13.37156,133.23374862175427,2020-10-06
c0662,39.208216,13.37156,133.38147890624032,2020-10-07
c0662,39.208216,13.37156,132.38413925092,2020-10-08
c0662,39.208216,13.37156,127.01019080922106,2020-10-09
c0662,39.208216,13.37156,121.65958155442912,2020-10-10
c0662,39.208216,13.37156,122.07800826695792,2020-10-11
c0662,39.208216,13.37156,143.1347367008966,2020-10-12
c0662,39.208216,13.37156,135.66520563712663,2020-10-13
c0662,39.208216,13.37156,135.75868509353097,2020-10-14
c0662,39.208216,13.37156,132.39662694338543,2020-10-15
c0662,39.208216,13.37156,128.6371265164093,2020-10-16
c0662,39.208216,13.37156,128.84720868450017,2020-10-17
c0662,39.208216,13.37156,136.09408298760812,2020-10-18
c0662,39.208216,13.37156,136.20498667652532,2020-10-19
c0662,39.208216,13.37156,132.9939934463371,2020-10-20
c0662,39.208216,13.37156,128.28499058167918,2020-10-21
c0662,39.208216,13.37156,119.16830477958491,2020-10-22
c0662,39.208216,13.37156,118.24771535727298,2020-10-23
c0662,39.208216,13.37156,117.56221337820604,2020-10-24
c0662,39.208216,13.37156,123.42071611326544,2020-10-25
c0662,39.208216,13.37156,126.22817581013962,2020-10-26
c0662,39.208216,13.37156,144.89782953552398,2020-10-27
c0662,39.208216,13.37156,137.40607422511275,2020-10-28
c0662,39.208216,13.37156,131.01159623222276,2020-10-29
c0662,39.208216,13.37156,127.84606783419696,2020-10-30
c0662,39.208216,13.37156,124.93710916334727,2020-10-31
c0662,39.208216,13.37156,121.79079659330498,2020-11-01
c0662,39.208216,13.37156,123.96112578115516,2020-11-02
c0662,39.208216,13.37156,121.89377350368024,2020-11-03
c0662,39.208216,13.37156,124.49922973630662,2020-11-04
c0662,39.208216,13.37156,122.12356217487576,2020-11-05
c0662,39.208216,13.37156,126.15460363443592,2020-11-06
c0662,39.208216,13.37156,124.46149265423288,2020-11-07
c0662,39.208216,13.37156,122.93301908292813,2020-11-08
c0662,39.208216,13.37156,126.30825579780952,2020-11-09
c0662,39.208216,13.37156,126.10272438597912,2020-11-10
c0662,39.208216,13.37156,126.91711780172884,2020-11-11
c0662,39.208216,13.37156,128.0778326452283,2020-11-12
c0662,39.208216,13.37156,134.64925412665482,2020-11-13
c0662,39.208216,13.37156,135.4111895379596,2020-11-14
c0662,39.208216,13.37156,135.36728143536237,2020-11-15
c0662,39.208216,13.37156,132.88972274543778,2020-11-16
c0662,39.208216,13.37156,136.89254712000465,2020-11-17
c0662,39.208216,13.37156,118.96192538034708,2020-11-18
c0662,39.208216,13.37156,110.65594511835756,2020-11-19
c0662,39.208216,13.37156,116.16237265799352,2020-11-20
c0662,39.208216,13.37156,146.59603863532658,2020-11-21
c0662,39.208216,13.37156,140.04178455945808,2020-11-22
c0662,39.208216,13.37156,139.65942073341583,2020-11-23
c0662,39.208216,13.37156,131.99172310613994,2020-11-24
c0662,39.208216,13.37156,128.7955166187652,2020-11-25
c0662,39.208216,13.37156,124.71523658893284,2020-11-26
c0662,39.208216,13.37156,132.9273003004921,2020-11-27
c0662,39.208216,13.37156,133.02805949985714,2020-11-28
c0662,39.208216,13.37156,138.8316140926058,2020-11-29
c0662,39.208216,13.37156,129.73730531267418,2020-11-30
c0662,39.208216,13.37156,130.4462483943465,2020-12-01
c0662,39.208216,13.37156,136.3543459683084,2020-12-02
c0662,39.208216,13.37156,140.18757814670025,2020-12-03
c0662,39.208216,13.37156,140.2625418944345,2020-12-04
c0662,39.208216,13.37156,123.03118087908068,2020-12-05
c0662,39.208216,13.37156,133.88025932959906,2020-12-06
c0662,39.208216,13.37156,139.3884155336235,2020-12-07
c0662,39.208216,13.37156,145.53057148873484,2020-12-08
c0662,39.208216,13.37156,145.31504098728547,2020-12-09
c0662,39.208216,13.37156,142.015236166838,2020-12-10
c0662,39.208216,13.37156,131.876500052154,2020-12-11
c0662,39.208216,13.37156,134.99532640171446,2020-12-12
c0662,39.208216,13.37156,139.76396192648005,2020-12-13
c0662,39.208216,13.37156,120.81855431673628,2020-12-14
c0662,39.208216,13.37156,117.48765487043131,2020-12-15
c0662,39.208216,13.37156,120.44131619782164,2020-12-16
c0662,39.208216,13.37156,118.05331752745744,2020-12-17
c0662,39.208216,13.37156,124.92906025361312,2020-12-18
c0662,39.208216,13.37156,131.1091068381447,2020-12-19
c0662,39.208216,13.37156,129.16726204355757,2020-12-20
c0662,39.208216,13.37156,143.91246432943592,2020-12-21
c0662,39.208216,13.37156,138.49937490533478,2020-12-22
c0662,39.208216,13.37156,127.5438595636145,2020-12-23
c0662,39.208216,13.37156,138.12301425254162,2020-12-24
c0662,39.208216,13.37156,133.88572895880287,2020-12-25
c0662,39.208216,13.37156,142.48648484721068,2020-12-26
c0662,39.208216,13.37156,173.5162643356152,2020-12-27
c0662,39.208216,13.37156,137.82130530627276,2020-12-28
c0662,39.208216,13.37156,133.71620653953883,2020-12-29
c0662,39.208216,13.37156,149.40616667568847,2020-12-30
c0662,39.208216,13.37156,152.01778790114153,2020-12-31
c0662,39.208216,13.37156,156.73104857704035,2021-01-02
c0662,39.208216,13.37156,153.77501036325185,2021-01-03
c0662,39.208216,13.37156,136.9655406175458,2021-01-04
c0662,39.208216,13.37156,145.5236088975912,2021-01-05
c0662,39.208216,13.37156,144.91206044084868,2021-01-06
c0662,39.208216,13.37156,138.71693837088745,2021-01-07
c0662,39.208216,13.37156,145.8838063448174,2021-01-08
c0662,39.208216,13.37156,138.10828974619875,2021-01-09
c0662,39.208216,13.37156,137.69387078580738,2021-01-10
c0662,39.208216,13.37156,137.8625652181064,2021-01-11
c0662,39.208216,13.37156,149.19999123579228,2021-01-12
c0662,39.208216,13.37156,138.44951460573648,2021-01-13
c0662,39.208216,13.37156,134.01926181691016,2021-01-14
c0662,39.208216,13.37156,155.4211939738336,2021-01-15
c0662,39.208216,13.37156,174.5211359259481,2021-01-16
c0662,39.208216,13.37156,172.8909821525567,2021-01-17
c0662,39.208216,13.37156,172.58750374918628,2021-01-18
c0662,39.208216,13.37156,151.8382846353416,2021-01-19
c0662,39.208216,13.37156,152.3550178206555,2021-01-20
c0662,39.208216,13.37156,164.6862050463262,2021-01-21
c0662,39.208216,13.37156,148.58235459571753,2021-01-22
c0662,39.208216,13.37156,166.8591553381043,2021-01-23
c0662,39.208216,13.37156,162.4118643589367,2021-01-24
c0662,39.208216,13.37156,154.60300656476943,2021-01-25
c0662,39.208216,13.37156,162.61756300058752,2021-01-26
c0662,39.208216,13.37156,142.12242200062855,2021-01-27
c0662,39.208216,13.37156,150.81942403006607,2021-01-28
c0662,39.208216,13.37156,144.0916091282521,2021-01-29
c0662,39.208216,13.37156,150.0041782028182,2021-01-30
c0662,39.208216,13.37156,163.18034548210832,2021-01-31
c0662,39.208216,13.37156,144.22111357791005,2021-02-01
c0662,39.208216,13.37156,135.952853731477,2021-02-02
c0662,39.208216,13.37156,126.74954962993488,2021-02-03
c0662,39.208216,13.37156,135.39668507285148,2021-02-04
c0662,39.208216,13.37156,133.25945934839731,2021-02-05
c0662,39.208216,13.37156,131.17282524643278,2021-02-06
c0662,39.208216,13.37156,138.55563511148625,2021-02-07
c0662,39.208216,13.37156,149.18358899710208,2021-02-08
c0662,39.208216,13.37156,153.114804493983,2021-02-09
c0662,39.208216,13.37156,153.72173631154135,2021-02-10
c0662,39.208216,13.37156,148.17192180529375,2021-02-11
c0662,39.208216,13.37156,143.1533814574789,2021-02-12
c0662,39.208216,13.37156,163.99694509640062,2021-02-13
c0662,39.208216,13.37156,151.3422357411897,2021-02-14
c0662,39.208216,13.37156,155.65825527242697,2021-02-15
c0662,39.208216,13.37156,146.00134544670055,2021-02-16
c0662,39.208216,13.37156,141.11822930039529,2021-02-17
c0662,39.208216,13.37156,149.02888734466205,2021-02-18
c0662,39.208216,13.37156,168.00497873313793,2021-02-19
c0662,39.208216,13.37156,154.1870994191437,2021-02-20
c0662,39.208216,13.37156,140.25870999020182,2021-02-21
c0662,39.208216,13.37156,145.46419624776917,2021-02-22
c0662,39.208216,13.37156,137.02878566591392,2021-02-23
c0662,39.208216,13.37156,130.53991324203542,2021-02-24
c0662,39.208216,13.37156,145.9232993407474,2021-02-25
c0662,39.208216,13.37156,147.9740264952238,2021-02-26
c0662,39.208216,13.37156,134.0119524934838,2021-02-27
c0662,39.208216,13.37156,136.39830658971312,2021-02-28
c0662,39.208216,13.37156,133.58883169319532,2021-03-01
c0662,39.208216,13.37156,148.65327425186706,2021-03-02
c0662,39.208216,13.37156,136.73095831623462,2021-03-03
c0662,39.208216,13.37156,140.5445774211407,2021-03-04
c0662,39.208216,13.37156,140.41932712646673,2021-03-05
c0662,39.208216,13.37156,142.0933286357406,2021-03-06
c0662,39.208216,13.37156,155.18750503572505,2021-03-07
c0662,39.208216,13.37156,163.1604488659443,2021-03-08
c0662,39.208216,13.37156,159.3753054752592,2021-03-09
c0662,39.208216,13.37156,163.75593802273312,2021-03-10
c0662,39.208216,13.37156,150.64909736067966,2021-03-11
c0662,39.208216,13.37156,135.2647740174816,2021-03-12
c0662,39.208216,13.37156,158.03464129031616,2021-03-13
c0662,39.208216,13.37156,157.38849394209944,2021-03-14
c0662,39.208216,13.37156,178.88443165857657,2021-03-15
c0662,39.208216,13.37156,185.43325898830895,2021-03-16
c0662,39.208216,13.37156,181.49254002033535,2021-03-17
c0662,39.208216,13.37156,175.08011464061366,2021-03-18
c0662,39.208216,13.37156,184.9491279623074,2021-03-19
c0662,39.208216,13.37156,185.30058368421015,2021-03-20
c0662,39.208216,13.37156,183.04623273425864,2021-03-21
c0662,39.208216,13.37156,198.37517770770572,2021-03-22
c0662,39.208216,13.37156,174.3316480986689,2021-03-23
c0662,39.208216,13.37156,167.72197387493927,2021-03-24
c0662,39.208216,13.37156,150.84394515461145,2021-03-25
c0662,39.208216,13.37156,146.72280128512688,2021-03-26
c0662,39.208216,13.37156,142.7179854080166,2021-03-27
c0662,39.208216,13.37156,153.7415541147778,2021-03-28
c0662,39.208216,13.37156,155.7233174564549,2021-03-29
c0662,39.208216,13.37156,151.8573026014104,2021-03-30
c0662,39.208216,13.37156,159.7806557844775,2021-03-31
c0662,39.208216,13.37156,161.2726445896422,2021-04-01
c0662,39.208216,13.37156,162.55512171862608,2021-04-02
c0662,39.208216,13.37156,170.43831934160897,2021-04-03
c0662,39.208216,13.37156,157.8294120030816,2021-04-04
c0662,39.208216,13.37156,170.66286319007776,2021-04-05
c0662,39.208216,13.37156,169.70525307639627,2021-04-06
c0662,39.208216,13.37156,159.6841427816086,2021-04-07
c0662,39.208216,13.37156,161.48049017019065,2021-04-08
c0662,39.208216,13.37156,154.85849589263609,2021-04-09
c0662,39.208216,13.37156,153.1892214365297,2021-04-10
c0662,39.208216,13.37156,153.35909253141187,2021-04-11
c0662,39.208216,13.37156,163.9861082980196,2021-04-12
c0662,39.208216,13.37156,171.1203210020278,2021-04-13
c0662,39.208216,13.37156,166.60769835579984,2021-04-14
c0662,39.208216,13.37156,167.9266511746238,2021-04-15
c0662,39.208216,13.37156,171.01593950336934,2021-04-16
c0662,39.208216,13.37156,170.89292721875844,2021-04-17
c0662,39.208216,13.37156,184.86632964097913,2021-04-18
c0662,39.208216,13.37156,191.0365774590513,2021-04-19
c0662,39.208216,13.37156,167.1565255384018,2021-04-20
c0662,39.208216,13.37156,171.27982489088424,2021-04-21
c0662,39.208216,13.37156,162.60137621470278,2021-04-22
c0662,39.208216,13.37156,159.45355035001677,2021-04-23
c0662,39.208216,13.37156,157.62009568762974,2021-04-24
c0662,39.208216,13.37156,146.62846656061606,2021-04-25
c0662,39.208216,13.37156,140.07980617115206,2021-04-26
c0662,39.208216,13.37156,148.70551442957705,2021-04-27
c0662,39.208216,13.37156,149.22856940284865,2021-04-28
c0662,39.208216,13.37156,156.21674141331383,2021-04-29
c0662,39.208216,13.37156,144.940136233291,2021-04-30
c0662,39.208216,13.37156,136.79476733402245,2021-05-01
c0662,39.208216,13.37156,139.59597002306842,2021-05-02
c0662,39.208216,13.37156,145.30035436613585,2021-05-03
c0662,39.208216,13.37156,145.08288518288168,2021-05-04
c0662,39.208216,13.37156,152.63794925521088,2021-05-05
c0662,39.208216,13.37156,145.87536202267893,2021-05-06
c0662,39.208216,13.37156,147.7392080427269,2021-05-07
c0662,39.208216,13.37156,151.83905661546817,2021-05-08
c0662,39.208216,13.37156,143.08617299572174,2021-05-09
c0662,39.208216,13.37156,139.9542674153835,2021-05-10
c0662,39.208216,13.37156,141.13374210361593,2021-05-11
c0662,39.208216,13.37156,146.9019141584509,2021-05-12
c0662,39.208216,13.37156,154.2495173709185,2021-05-13
c0662,39.208216,13.37156,159.62156004540338,2021-05-14
c0662,39.208216,13.37156,147.23843625974754,2021-05-15
c0662,39.208216,13.37156,138.16917424087586,2021-05-16
c0662,39.208216,13.37156,137.8169178381252,2021-05-17
c0662,39.208216,13.37156,140.2540846848244,2021-05-18
c0662,39.208216,13.37156,147.0159605279265,2021-05-19
c0662,39.208216,13.37156,156.0046940549245,2021-05-20
c0662,39.208216,13.37156,146.9714989837653,2021-05-21
c0662,39.208216,13.37156,141.11405973310644,2021-05-22
c0662,39.208216,13.37156,135.36980235519923,2021-05-23
c0662,39.208216,13.37156,139.27146083446314,2021-05-24
c0662,39.208216,13.37156,151.08358662263484,2021-05-25
c0662,39.208216,13.37156,155.8016900095808,2021-05-26
c0662,39.208216,13.37156,154.96237701945643,2021-05-27
c0662,39.208216,13.37156,146.59593229158506,2021-05-28
c0662,39.208216,13.37156,158.35030754679676,2021-05-29
c0662,39.208216,13.37156,154.72880616835772,2021-05-30
c0662,39.208216,13.37156,157.765914859093,2021-05-31
c0662,39.208216,13.37156,155.90411009242905,2021-06-01
c0662,39.208216,13.37156,156.90860906584822,2021-06-02
c0662,39.208216,13.37156,151.30640757739886,2021-06-03
c0662,39.208216,13.37156,144.21796761063388,2021-06-04
c0662,39.208216,13.37156,137.4778134085938,2021-06-05
c0662,39.208216,13.37156,137.5853085343661,2021-06-06
c0662,39.208216,13.37156,140.52924046164165,2021-06-07
c0662,39.208216,13.37156,142.76110768825563,2021-06-08
c0662,39.208216,13.37156,151.9878595681767,2021-06-09
c0662,39.208216,13.37156,156.21288202205767,2021-06-10
c0662,39.208216,13.37156,156.4737119509712,2021-06-11
c0662,39.208216,13.37156,163.745403151306,2021-06-12
c0662,39.208216,13.37156,151.01501296335064,2021-06-13
c0662,39.208216,13.37156,150.90294908650372,2021-06-14
c0662,39.208216,13.37156,148.22298394681923,2021-06-15
c0662,39.208216,13.37156,151.4291130028535,2021-06-16
c0662,39.208216,13.37156,151.9349788547309,2021-06-17
c0662,39.208216,13.37156,142.44912546174965,2021-06-18
c0662,39.208216,13.37156,134.87483687065378,2021-06-19
c0662,39.208216,13.37156,133.70503904386408,2021-06-20
c0662,39.208216,13.37156,139.0512050721397,2021-06-21
c0662,39.208216,13.37156,138.27028519480177,2021-06-22
c0662,39.208216,13.37156,139.43249966845315,2021-06-23
c0662,39.208216,13.37156,136.41517256250518,2021-06-24
c0662,39.208216,13.37156,140.11599215909644,2021-06-25
c0662,39.208216,13.37156,138.76159564969203,2021-06-26
c0662,39.208216,13.37156,137.33433142503492,2021-06-27
c0662,39.208216,13.37156,139.59959218945488,2021-06-28
c0662,39.208216,13.37156,138.0877450012512,2021-06-29
c0662,39.208216,13.37156,135.7390512294732,2021-06-30
c0662,39.208216,13.37156,137.16083779156898,2021-07-01
c0662,39.208216,13.37156,140.94558447166412,2021-07-02
c0662,39.208216,13.37156,138.54767719134892,2021-07-03
c0662,39.208216,13.37156,139.17255605464894,2021-07-04
c0662,39.208216,13.37156,140.56654952837056,2021-07-05
c0662,39.208216,13.37156,141.05642116637037,2021-07-06
c0662,39.208216,13.37156,135.91952840323611,2021-07-07
c0662,39.208216,13.37156,133.0707468182154,2021-07-08
c0662,39.208216,13.37156,137.735989131322,2021-07-09
c0662,39.208216,13.37156,138.14963695514516,2021-07-10
c0662,39.208216,13.37156,140.7671944229023,2021-07-11
c0662,39.208216,13.37156,134.13511306531794,2021-07-12
c0662,39.208216,13.37156,132.08963113619623,2021-07-13
c0662,39.208216,13.37156,133.34688609186094,2021-07-14
c0662,39.208216,13.37156,134.74974885453418,2021-07-15
c0662,39.208216,13.37156,144.92468845015242,2021-07-16
c0662,39.208216,13.37156,148.11491440616825,2021-07-17
c0662,39.208216,13.37156,153.67965967517043,2021-07-18
c0662,39.208216,13.37156,151.25428743714428,2021-07-19
c0662,39.208216,13.37156,138.20757517435982,2021-07-20
c0662,39.208216,13.37156,138.07200589844516,2021-07-21
c0662,39.208216,13.37156,139.82406911890317,2021-07-22
c0662,39.208216,13.37156,135.90990680777858,2021-07-23
c0662,39.208216,13.37156,134.484626141218,2021-07-24
c0662,39.208216,13.37156,135.5868221852385,2021-07-25
c0662,39.208216,13.37156,136.517003686566,2021-07-26
c0662,39.208216,13.37156,138.05778337626484,2021-07-27
c0662,39.208216,13.37156,136.9762920783055,2021-07-28
c0662,39.208216,13.37156,137.73558175792937,2021-07-29
c0662,39.208216,13.37156,135.88821072832403,2021-07-30
c0662,39.208216,13.37156,132.48248156354504,2021-07-31
c0662,39.208216,13.37156,134.0339241355256,2021-08-01
c0662,39.208216,13.37156,133.01527653321247,2021-08-02
c0662,39.208216,13.37156,134.9485192622991,2021-08-03
c0662,39.208216,13.37156,135.6144246997323,2021-08-04
c0662,39.208216,13.37156,142.23613334348454,2021-08-05
c0662,39.208216,13.37156,140.12845200078948,2021-08-06
c0662,39.208216,13.37156,138.03013439919144,2021-08-07
c0662,39.208216,13.37156,133.85321652834506,2021-08-08
c0662,39.208216,13.37156,129.02108424313204,2021-08-09
c0662,39.208216,13.37156,127.53198120484906,2021-08-10
c0662,39.208216,13.37156,123.11813814659142,2021-08-11
c0662,39.208216,13.37156,128.7030029267228,2021-08-12
c0662,39.208216,13.37156,132.7376465056818,2021-08-13
c0662,39.208216,13.37156,135.9721683673073,2021-08-14
c0662,39.208216,13.37156,133.51323369596113,2021-08-15
c0662,39.208216,13.37156,134.70582692035202,2021-08-16
c0662,39.208216,13.37156,137.32929016088795,2021-08-17
c0662,39.208216,13.37156,139.98001855514477,2021-08-18
c0662,39.208216,13.37156,134.6885887794921,2021-08-19
c0662,39.208216,13.37156,135.0573964720508,2021-08-20
c0662,39.208216,13.37156,135.26296967338902,2021-08-21
c0662,39.208216,13.37156,134.34038965334713,2021-08-22
c0662,39.208216,13.37156,134.39224945405698,2021-08-23
c0662,39.208216,13.37156,132.01857538272452,2021-08-24
c0662,39.208216,13.37156,130.41651091691418,2021-08-25
c0662,39.208216,13.37156,134.17811534862489,2021-08-26
c0662,39.208216,13.37156,138.83260616429686,2021-08-27
c0662,39.208216,13.37156,142.5768522727552,2021-08-28
c0662,39.208216,13.37156,137.04752571061738,2021-08-29
c0662,39.208216,13.37156,136.21812507423806,2021-08-30
c0662,39.208216,13.37156,134.5151633270728,2021-08-31
c0662,39.208216,13.37156,133.86464510916653,2021-09-01
c0662,39.208216,13.37156,129.50056144931352,2021-09-02
c0662,39.208216,13.37156,129.18548794411527,2021-09-03
c0662,39.208216,13.37156,133.03840532758775,2021-09-04
c0662,39.208216,13.37156,133.6293623166336,2021-09-05
c0662,39.208216,13.37156,138.61047460913272,2021-09-06
c0662,39.208216,13.37156,144.59534617551932,2021-09-07
c0662,39.208216,13.37156,148.5068641028479,2021-09-08
c0662,39.208216,13.37156,144.4891215405498,2021-09-09
c0662,39.208216,13.37156,138.4615387908039,2021-09-10
c0662,39.208216,13.37156,143.1841300072389,2021-09-11
c0662,39.208216,13.37156,141.0350080530219,2021-09-12
c0662,39.208216,13.37156,139.8615161800015,2021-09-13
c0662,39.208216,13.37156,134.80186399389086,2021-09-14
c0662,39.208216,13.37156,131.82593496838814,2021-09-15
c0662,39.208216,13.37156,130.86684427711677,2021-09-16
c0662,39.208216,13.37156,130.34916200625509,2021-09-17
c0662,39.208216,13.37156,130.70009100927123,2021-09-18
c0662,39.208216,13.37156,136.57484134689358,2021-09-19
c0662,39.208216,13.37156,135.28397391292248,2021-09-20
c0662,39.208216,13.37156,132.84298768097509,2021-09-21
c0662,39.208216,13.37156,129.3356113333879,2021-09-22
c0662,39.208216,13.37156,128.099471131446,2021-09-23
c0662,39.208216,13.37156,132.97386527413002,2021-09-24
c0662,39.208216,13.37156,129.5967547298169,2021-09-25
c0662,39.208216,13.37156,126.95850173869906,2021-09-26
c0662,39.208216,13.37156,129.78451131166457,2021-09-27
c0662,39.208216,13.37156,130.61858973235272,2021-09-28
c0662,39.208216,13.37156,130.41265631447632,2021-09-30
c0662,39.208216,13.37156,134.90659766467232,2021-10-01
c0662,39.208216,13.37156,136.77225313010993,2021-10-02
c0662,39.208216,13.37156,140.09994512722795,2021-10-03
c0662,39.208216,13.37156,130.83045745119273,2021-10-04
c0662,39.208216,13.37156,134.72330034396057,2021-10-05
c0662,39.208216,13.37156,138.9426307021507,2021-10-06
c0662,39.208216,13.37156,153.82849715977454,2021-10-07
c0662,39.208216,13.37156,149.90361583764397,2021-10-08
c0662,39.208216,13.37156,140.32971680107448,2021-10-09
c0662,39.208216,13.37156,138.4064371221565,2021-10-10
c0662,39.208216,13.37156,134.1536044205751,2021-10-11
c0662,39.208216,13.37156,132.5667297643877,2021-10-12
c0662,39.208216,13.37156,143.21280222325055,2021-10-13
c0662,39.208216,13.37156,,2021-10-14
c0662,39.208216,13.37156,146.71495969509556,2021-10-15
c0662,39.208216,13.37156,145.37151245947314,2021-10-16
c0662,39.208216,13.37156,142.28470294119563,2021-10-17
c0662,39.208216,13.37156,145.33754381208394,2021-10-18
c0662,39.208216,13.37156,142.39003619475622,2021-10-19
c0662,39.208216,13.37156,134.9207477808598,2021-10-20
c0662,39.208216,13.37156,129.90445174597434,2021-10-21
c0662,39.208216,13.37156,125.74290671973152,2021-10-22
c0662,39.208216,13.37156,130.0818382473512,2021-10-23
c0662,39.208216,13.37156,132.56032884571795,2021-10-24
c0662,39.208216,13.37156,130.6788314664733,2021-10-25
c0662,39.208216,13.37156,132.20191846545208,2021-10-26
c0662,39.208216,13.37156,136.05316197949264,2021-10-27
c0662,39.208216,13.37156,135.38146648723688,2021-10-28
c0662,39.208216,13.37156,140.8880575618095,2021-10-29
c0662,39.208216,13.37156,141.1665417253678,2021-10-30
c0662,39.208216,13.37156,131.86288582293392,2021-10-31
c0662,39.208216,13.37156,131.30705628872244,2021-11-01
c0662,39.208216,13.37156,129.3602925121958,2021-11-02
c0662,39.208216,13.37156,126.36678734586953,2021-11-03
c0662,39.208216,13.37156,128.1176246896242,2021-11-04
c0662,39.208216,13.37156,126.9339602041123,2021-11-05
c0662,39.208216,13.37156,120.62456557039184,2021-11-06
c0662,39.208216,13.37156,121.94187239756867,2021-11-07
c0662,39.208216,13.37156,122.24520770338546,2021-11-08
c0662,39.208216,13.37156,121.67932685610565,2021-11-09
c0662,39.208216,13.37156,132.76564528103086,2021-11-10
c0662,39.208216,13.37156,135.74513085659834,2021-11-11
c0662,39.208216,13.37156,132.3386174782966,2021-11-12
c0662,39.208216,13.37156,130.99913485360196,2021-11-13
c0662,39.208216,13.37156,129.95819237773094,2021-11-14
c0662,39.208216,13.37156,127.70874307008552,2021-11-15
c0662,39.208216,13.37156,128.24784259404595,2021-11-16
c0662,39.208216,13.37156,128.06884645137805,2021-11-17
c0662,39.208216,13.37156,131.26339948650028,2021-11-18
c0662,39.208216,13.37156,133.24379939093637,2021-11-19
c0662,39.208216,13.37156,134.09804847605838,2021-11-20
c0662,39.208216,13.37156,136.65827179064075,2021-11-21
c0662,39.208216,13.37156,143.09588077900395,2021-11-22
c0662,39.208216,13.37156,147.404429348681,2021-11-23
c0662,39.208216,13.37156,136.80342152225865,2021-11-24
c0662,39.208216,13.37156,138.24803764178876,2021-11-25
c0662,39.208216,13.37156,146.48523892988837,2021-11-26
c0662,39.208216,13.37156,149.80543893399457,2021-11-27
c0662,39.208216,13.37156,138.29517902564774,2021-11-28
c0662,39.208216,13.37156,165.0030701307279,2021-11-29
c0662,39.208216,13.37156,150.7568196490309,2021-11-30
c0662,39.208216,13.37156,137.2181388839916,2021-12-01
c0662,39.208216,13.37156,143.40356686723456,2021-12-02
c0662,39.208216,13.37156,159.66546370295495,2021-12-03
c0662,39.208216,13.37156,140.27078974564253,2021-12-04
c0662,39.208216,13.37156,145.95737129075815,2021-12-05
c0662,39.208216,13.37156,173.16705366467843,2021-12-06
c0662,39.208216,13.37156,147.11366954184956,2021-12-07
c0662,39.208216,13.37156,142.61687210988848,2021-12-08
c0662,39.208216,13.37156,170.56416121932298,2021-12-09
c0662,39.208216,13.37156,159.8252463363959,2021-12-10
c0662,39.208216,13.37156,,2021-12-11
c0662,39.208216,13.37156,164.23432590726557,2021-12-12
c0662,39.208216,13.37156,141.97128684851984,2021-12-13
c0662,39.208216,13.37156,141.04804822261627,2021-12-14
c0662,39.208216,13.37156,154.09608335009548,2021-12-15
c0662,39.208216,13.37156,169.9489559563316,2021-12-16
c0662,39.208216,13.37156,150.72221283499402,2021-12-17
c0662,39.208216,13.37156,138.2814219475368,2021-12-18
c0662,39.208216,13.37156,138.21358942777522,2021-12-19
c0662,39.208216,13.37156,146.04039509777965,2021-12-20
c0662,39.208216,13.37156,151.13857242246445,2021-12-21
c0662,39.208216,13.37156,159.7189744240932,2021-12-22
c0662,39.208216,13.37156,154.65631854703702,2021-12-23
c0662,39.208216,13.37156,125.2485982962358,2021-12-24
c0662,39.208216,13.37156,152.46998535180717,2021-12-25
c0662,39.208216,13.37156,137.29690700223225,2021-12-26
c0662,39.208216,13.37156,121.94601485306748,2021-12-27
c0662,39.208216,13.37156,133.06503484065198,2021-12-28
c0662,39.208216,13.37156,134.67143003139364,2021-12-29
c0662,39.208216,13.37156,127.91425650174608,2021-12-30
c0662,39.208216,13.37156,123.02471081077526,2021-12-31
c0662,39.208216,13.37156,124.19131212675325,2022-01-01
c0662,39.208216,13.37156,125.09229777357436,2022-01-02
c0662,39.208216,13.37156,128.53904599162266,2022-01-03
c0662,39.208216,13.37156,131.23878215349987,2022-01-04
c0662,39.208216,13.37156,136.49930020422596,2022-01-05
c0662,39.208216,13.37156,156.84368618706156,2022-01-06
c0662,39.208216,13.37156,171.00402594153184,2022-01-07
c0662,39.208216,13.37156,158.2662773129764,2022-01-08
c0662,39.208216,13.37156,177.1717766418187,2022-01-09
c0662,39.208216,13.37156,187.2308036318125,2022-01-10
c0662,39.208216,13.37156,180.71430075854568,2022-01-11
c0662,39.208216,13.37156,171.7948121971201,2022-01-12
c0662,39.208216,13.37156,149.9107479534632,2022-01-13
c0662,39.208216,13.37156,147.5046183823577,2022-01-14
c0662,39.208216,13.37156,144.70495448234828,2022-01-15
c0662,39.208216,13.37156,147.85578444558496,2022-01-16
c0662,39.208216,13.37156,151.72733394156867,2022-01-17
c0662,39.208216,13.37156,154.00020259636628,2022-01-18
c0662,39.208216,13.37156,148.8941435678423,2022-01-19
c0662,39.208216,13.37156,145.89571683742486,2022-01-20
c0662,39.208216,13.37156,156.2546359422607,2022-01-21
c0662,39.208216,13.37156,141.00912974555743,2022-01-22
c0662,39.208216,13.37156,143.87949806092465,2022-01-23
c0662,39.208216,13.37156,160.21889485203317,2022-01-24
c0662,39.208216,13.37156,149.57379057062764,2022-01-25
c0662,39.208216,13.37156,154.57327943486237,2022-01-26
c0662,39.208216,13.37156,166.43069751283198,2022-01-27
c0662,39.208216,13.37156,165.38401495640528,2022-01-28
c0662,39.208216,13.37156,161.21392123641127,2022-01-29
c0662,39.208216,13.37156,141.32029532509443,2022-01-30
c0662,39.208216,13.37156,155.7128242342454,2022-01-31
c0662,39.208216,13.37156,167.22628361097676,2022-02-01
c0662,39.208216,13.37156,148.57125925970186,2022-02-02
c0662,39.208216,13.37156,141.70446612122458,2022-02-03
c0662,39.208216,13.37156,141.50786510771331,2022-02-04
c0662,39.208216,13.37156,145.7545315501485,2022-02-05
c0662,39.208216,13.37156,143.60865396280877,2022-02-06
c0662,39.208216,13.37156,153.85300345089632,2022-02-07
c0662,39.208216,13.37156,147.45605171596435,2022-02-08
c0662,39.208216,13.37156,142.38350021474417,2022-02-09
c0662,39.208216,13.37156,143.05165904271945,2022-02-10
c0662,39.208216,13.37156,146.58457980746422,2022-02-11
c0662,39.208216,13.37156,155.391385761416,2022-02-12
c0662,39.208216,13.37156,154.93926032306797,2022-02-13
c0662,39.208216,13.37156,152.01874236211216,2022-02-14
c0662,39.208216,13.37156,155.12017440490834,2022-02-15
c0662,39.208216,13.37156,182.9256151852083,2022-02-16
c0662,39.208216,13.37156,147.72697120277792,2022-02-17
c0662,39.208216,13.37156,136.11685376533524,2022-02-18
c0662,39.208216,13.37156,146.35744853371895,2022-02-19
c0662,39.208216,13.37156,143.29586182069414,2022-02-20
c0662,39.208216,13.37156,,2022-02-22
c0662,39.208216,13.37156,139.16393609034876,2022-02-23
c0662,39.208216,13.37156,148.62493564377004,2022-02-24
c0662,39.208216,13.37156,144.19589818338736,2022-02-25
c0662,39.208216,13.37156,151.8927183134578,2022-02-26
c0662,39.208216,13.37156,159.1141143764187,2022-02-27
c0662,39.208216,13.37156,161.05748018160375,2022-02-28
c0662,39.208216,13.37156,181.42824735564983,2022-03-01
c0662,39.208216,13.37156,160.2224786913312,2022-03-02
c0662,39.208216,13.37156,160.50913997179987,2022-03-03
c0662,39.208216,13.37156,162.7721379226785,2022-03-04
c0662,39.208216,13.37156,163.52612016556162,2022-03-05
c0662,39.208216,13.37156,155.30252681276062,2022-03-06
c0662,39.208216,13.37156,163.76153648084204,2022-03-07
c0662,39.208216,13.37156,157.33289388337255,2022-03-08
c0662,39.208216,13.37156,167.79678648729987,2022-03-09
c0662,39.208216,13.37156,158.45523455138925,2022-03-10
c0662,39.208216,13.37156,176.39907285235012,2022-03-11
c0662,39.208216,13.37156,160.89053155832312,2022-03-12
c0662,39.208216,13.37156,176.71018357816925,2022-03-13
c0662,39.208216,13.37156,148.3813755913826,2022-03-14
c0662,39.208216,13.37156,139.39305347278082,2022-03-15
c0662,39.208216,13.37156,152.92606370629773,2022-03-16
c0662,39.208216,13.37156,166.9737115363987,2022-03-17
c0662,39.208216,13.37156,156.41013965270196,2022-03-18
c0662,39.208216,13.37156,163.068271171153,2022-03-19
c0662,39.208216,13.37156,166.57360603114512,2022-03-20
c0662,39.208216,13.37156,173.05789556244747,2022-03-21
c0662,39.208216,13.37156,163.73401051495642,2022-03-22
c0662,39.208216,13.37156,156.83802605842513,2022-03-23
c0662,39.208216,13.37156,151.72708255717703,2022-03-24
c0662,39.208216,13.37156,152.0441632739367,2022-03-25
c0662,39.208216,13.37156,148.89949018277582,2022-03-26
c0662,39.208216,13.37156,151.64036611659503,2022-03-27
c0662,39.208216,13.37156,139.48240555732932,2022-03-28
c0662,39.208216,13.37156,151.83380614691123,2022-03-29
c0662,39.208216,13.37156,147.8863619220689,2022-03-30
c0662,39.208216,13.37156,169.28778309912133,2022-03-31
c0662,39.208216,13.37156,181.31174512876183,2022-04-01
c0662,39.208216,13.37156,184.3034373940656,2022-04-02
c0662,39.208216,13.37156,165.12782548277852,2022-04-03
c0662,39.208216,13.37156,153.02256259982207,2022-04-04
c0662,39.208216,13.37156,144.32342257358073,2022-04-05
c0662,39.208216,13.37156,142.4828104792746,2022-04-06
c0662,39.208216,13.37156,163.2560288312302,2022-04-07
c0662,39.208216,13.37156,157.65181231163209,2022-04-08
c0662,39.208216,13.37156,156.6038811143239,2022-04-09
c0662,39.208216,13.37156,154.28328748482485,2022-04-10
c0662,39.208216,13.37156,144.51198362123603,2022-04-11
c0662,39.208216,13.37156,145.70072985617117,2022-04-12
c0662,39.208216,13.37156,155.7048498448754,2022-04-13
c0662,39.208216,13.37156,146.24435408727155,2022-04-14
c0662,39.208216,13.37156,148.14639946503917,2022-04-15
c0662,39.208216,13.37156,151.2892023311066,2022-04-16
c0662,39.208216,13.37156,173.7622664543367,2022-04-17
c0662,39.208216,13.37156,169.28072879049554,2022-04-18
c0662,39.208216,13.37156,157.95848262076026,2022-04-19
c0662,39.208216,13.37156,152.52297969681803,2022-04-20
c0662,39.208216,13.37156,153.65598233101142,2022-04-21
c0662,39.208216,13.37156,172.43154853161323,2022-04-22
c0662,39.208216,13.37156,148.75328854798045,2022-04-23
c0662,39.208216,13.37156,149.32174200316882,2022-04-24
c0662,39.208216,13.37156,156.12904136636186,2022-04-25
c0662,39.208216,13.37156,160.3942619535073,2022-04-26
c0662,39.208216,13.37156,160.44988900092042,2022-04-27
c0662,39.208216,13.37156,156.6636612547692,2022-04-28
c0662,39.208216,13.37156,152.95054082699605,2022-04-29
c0662,39.208216,13.37156,163.99292614184833,2022-04-30
c0662,39.208216,13.37156,166.7411942142076,2022-05-01
c0662,39.208216,13.37156,160.35193274878768,2022-05-02
c0662,39.208216,13.37156,159.23902527921152,2022-05-03
c0662,39.208216,13.37156,164.92543183116808,2022-05-04
c0662,39.208216,13.37156,153.54212388310734,2022-05-05
c0662,39.208216,13.37156,166.57383575284942,2022-05-06
c0662,39.208216,13.37156,164.04796145933986,2022-05-07
c0662,39.208216,13.37156,170.09763604090185,2022-05-08
c0662,39.208216,13.37156,170.9424967766722,2022-05-09
c0662,39.208216,13.37156,163.423014509362,2022-05-10
c0662,39.208216,13.37156,166.3068517010047,2022-05-11
c0662,39.208216,13.37156,159.9360555243942,2022-05-12
c0662,39.208216,13.37156,153.1865553100443,2022-05-13
c0662,39.208216,13.37156,154.2513254306791,2022-05-14
c0662,39.208216,13.37156,148.88800561177007,2022-05-15
c0662,39.208216,13.37156,150.40671569840777,2022-05-16
c0662,39.208216,13.37156,153.37501854706903,2022-05-17
c0662,39.208216,13.37156,152.7164445331001,2022-05-18
c0662,39.208216,13.37156,152.95822851737728,2022-05-19
c0662,39.208216,13.37156,150.7089842392248,2022-05-20
c0662,39.208216,13.37156,156.9466944518508,2022-05-21
c0662,39.208216,13.37156,152.92358486616538,2022-05-22
c0662,39.208216,13.37156,149.64421156490118,2022-05-23
c0662,39.208216,13.37156,151.86506242255587,2022-05-24
c0662,39.208216,13.37156,145.75233975590305,2022-05-25
c0662,39.208216,13.37156,142.35830369628428,2022-05-26
c0662,39.208216,13.37156,148.71300584165635,2022-05-27
c0662,39.208216,13.37156,157.32121367100214,2022-05-28
c0662,39.208216,13.37156,155.8593467935087,2022-05-29
c0662,39.208216,13.37156,148.19604463566995,2022-05-30
c0662,39.208216,13.37156,143.97696212241,2022-05-31
c0662,39.208216,13.37156,141.02264350164117,2022-06-01
c0662,39.208216,13.37156,139.54193193612457,2022-06-02
c0662,39.208216,13.37156,133.54413662793783,2022-06-03
c0662,39.208216,13.37156,127.47722909942271,2022-06-04
c0662,39.208216,13.37156,125.58355218661087,2022-06-05
c0662,39.208216,13.37156,129.1166819127206,2022-06-06
c0662,39.208216,13.37156,138.5994743659793,2022-06-07
c0662,39.208216,13.37156,141.56781026558016,2022-06-08
c0662,39.208216,13.37156,149.1353790354425,2022-06-09
c0662,39.208216,13.37156,163.3373243218657,2022-06-10
c0662,39.208216,13.37156,144.8507728050405,2022-06-11
c0662,39.208216,13.37156,145.55399163454382,2022-06-12
c0662,39.208216,13.37156,141.96421788767907,2022-06-13
c0662,39.208216,13.37156,147.61854732432283,2022-06-14
c0662,39.208216,13.37156,144.8118141429869,2022-06-15
c0662,39.208216,13.37156,143.73901981265175,2022-06-16
c0662,39.208216,13.37156,144.5131978251479,2022-06-17
c0662,39.208216,13.37156,144.4918442974179,2022-06-18
c0662,39.208216,13.37156,141.89620772849358,2022-06-19
c0662,39.208216,13.37156,133.87774774490418,2022-06-20
c0662,39.208216,13.37156,130.65355844833954,2022-06-21
c0662,39.208216,13.37156,,2022-06-22
c0662,39.208216,13.37156,128.98698161843768,2022-06-23
c0662,39.208216,13.37156,131.93944574734084,2022-06-24
c0662,39.208216,13.37156,133.85295332017176,2022-06-25
c0662,39.208216,13.37156,133.941237918661,2022-06-26
c0662,39.208216,13.37156,131.8451625669545,2022-06-27
c0662,39.208216,13.37156,136.61236892477712,2022-06-28
c0662,39.208216,13.37156,138.94208425586766,2022-06-29
c0662,39.208216,13.37156,135.5432678737969,2022-06-30
c0662,39.208216,13.37156,133.26359461927848,2022-07-01
c0662,39.208216,13.37156,135.08986597545805,2022-07-02
c0662,39.208216,13.37156,137.09028233428248,2022-07-03
c0662,39.208216,13.37156,137.07612249260615,2022-07-04
c0662,39.208216,13.37156,136.8831384585053,2022-07-05
c0662,39.208216,13.37156,133.16480571561848,2022-07-06
c0662,39.208216,13.37156,135.82620014006665,2022-07-07
c0662,39.208216,13.37156,142.5118505277982,2022-07-08
c0662,39.208216,13.37156,144.12052703661945,2022-07-09
c0662,39.208216,13.37156,145.66176346000677,2022-07-10
c0662,39.208216,13.37156,141.03968386987853,2022-07-11
c0662,39.208216,13.37156,139.61895046206692,2022-07-12
c0662,39.208216,13.37156,141.95834570532196,2022-07-13
c0662,39.208216,13.37156,139.63635292694863,2022-07-14
c0662,39.208216,13.37156,139.67566731796924,2022-07-15
c0662,39.208216,13.37156,139.17497951631424,2022-07-16
c0662,39.208216,13.37156,137.4251679955009,2022-07-17
c0662,39.208216,13.37156,136.24858769752893,2022-07-18
c0662,39.208216,13.37156,140.02180139551075,2022-07-19
c0662,39.208216,13.37156,140.13735001487694,2022-07-20
c0662,39.208216,13.37156,138.23995226318416,2022-07-21
c0662,39.208216,13.37156,141.29214751802513,2022-07-22
c0662,39.208216,13.37156,136.62381329476796,2022-07-23
c0662,39.208216,13.37156,136.45304967425176,2022-07-24
c0662,39.208216,13.37156,137.3060253039215,2022-07-25
c0662,39.208216,13.37156,134.9438128472884,2022-07-26
c0662,39.208216,13.37156,133.13195942015162,2022-07-27
c0662,39.208216,13.37156,132.8667180208878,2022-07-28
c0662,39.208216,13.37156,131.8809094976546,2022-07-29
c0662,39.208216,13.37156,131.74855453393363,2022-07-30
c0662,39.208216,13.37156,132.30997602330152,2022-07-31
c0662,39.208216,13.37156,133.59282169563232,2022-08-01
c0662,39.208216,13.37156,136.64144735745705,2022-08-02
c0662,39.208216,13.37156,140.78773151600322,2022-08-03
c0662,39.208216,13.37156,143.22542625566277,2022-08-04
c0662,39.208216,13.37156,143.11184581206388,2022-08-05
c0662,39.208216,13.37156,137.35044038919543,2022-08-06
c0662,39.208216,13.37156,137.1145417369316,2022-08-07
c0662,39.208216,13.37156,134.47858890706277,2022-08-08
c0662,39.208216,13.37156,141.74416128760916,2022-08-09
c0662,39.208216,13.37156,139.26513745331394,2022-08-10
c0662,39.208216,13.37156,139.44408635705068,2022-08-11
c0662,39.208216,13.37156,147.73564154858997,2022-08-12
c0662,39.208216,13.37156,140.77181994139664,2022-08-13
c0662,39.208216,13.37156,135.75601252493516,2022-08-14
c0662,39.208216,13.37156,137.78396841820637,2022-08-15
c0662,39.208216,13.37156,139.09509554940917,2022-08-16
c0662,39.208216,13.37156,131.49051583508344,2022-08-17
c0662,39.208216,13.37156,129.36639305460176,2022-08-18
c0662,39.208216,13.37156,139.0799163453145,2022-08-19
c0662,39.208216,13.37156,137.0127908799139,2022-08-20
c0662,39.208216,13.37156,136.06460153940634,2022-08-21
c0662,39.208216,13.37156,142.35333391204873,2022-08-22
c0662,39.208216,13.37156,141.0002234018797,2022-08-23
c0662,39.208216,13.37156,140.4416291759255,2022-08-24
c0662,39.208216,13.37156,139.05493571690846,2022-08-25
c0662,39.208216,13.37156,138.18135199324115,2022-08-26
c0662,39.208216,13.37156,138.60452317186892,2022-08-27
c0662,39.208216,13.37156,140.2797674855955,2022-08-28
c0662,39.208216,13.37156,132.4013317703287,2022-08-29
c0662,39.208216,13.37156,134.973477270769,2022-08-31
c0662,39.208216,13.37156,137.5121185014707,2022-09-01
c0662,39.208216,13.37156,134.9082028719846,2022-09-02
c0662,39.208216,13.37156,130.86795485373054,2022-09-03
c0662,39.208216,13.37156,130.92448773225954,2022-09-04
c0662,39.208216,13.37156,128.6662884612294,2022-09-05
c0662,39.208216,13.37156,127.57243852105697,2022-09-06
c0662,39.208216,13.37156,128.1832277334852,2022-09-07
c0662,39.208216,13.37156,130.93617043691611,2022-09-08
c0662,39.208216,13.37156,132.58632381656267,2022-09-09
c0662,39.208216,13.37156,133.62030003685007,2022-09-10
c0662,39.208216,13.37156,132.7443187059462,2022-09-11
c0662,39.208216,13.37156,135.33179657040677,2022-09-12
c0662,39.208216,13.37156,136.53444400679646,2022-09-13
c0662,39.208216,13.37156,131.45035423943986,2022-09-14
c0662,39.208216,13.37156,130.00711736692423,2022-09-15
c0662,39.208216,13.37156,131.67946892192415,2022-09-16
c0662,39.208216,13.37156,132.49520585211226,2022-09-17
c0662,39.208216,13.37156,134.20929864779416,2022-09-18
c0662,39.208216,13.37156,137.15915844942728,2022-09-19
c0662,39.208216,13.37156,141.74496165679562,2022-09-20
c0662,39.208216,13.37156,143.99854581716895,2022-09-21
c0662,39.208216,13.37156,139.17738285137287,2022-09-22
c0662,39.208216,13.37156,139.7778391838898,2022-09-23
c0662,39.208216,13.37156,,2022-09-24
c0662,39.208216,13.37156,134.06851318056172,2022-09-25
c0662,39.208216,13.37156,129.32405459372734,2022-09-26
c0662,39.208216,13.37156,137.4660231801279,2022-09-27
c0662,39.208216,13.37156,133.92826106505237,2022-09-28
c0662,39.208216,13.37156,129.95868887050153,2022-09-29
c0662,39.208216,13.37156,127.24446109814149,2022-09-30
c0662,39.208216,13.37156,131.58702600916692,2022-10-01
c0662,39.208216,13.37156,120.9444421332621,2022-10-02
c0662,39.208216,13.37156,127.95092627499746,2022-10-03
c0662,39.208216,13.37156,132.16348938457315,2022-10-04
c0662,39.208216,13.37156,133.99214364864525,2022-10-05
c0662,39.208216,13.37156,132.56255789938467,2022-10-06
c0662,39.208216,13.37156,128.52902357849214,2022-10-07
c0662,39.208216,13.37156,126.95248745618628,2022-10-08
c0662,39.208216,13.37156,126.59642071195564,2022-10-09
c0662,39.208216,13.37156,131.04348899219912,2022-10-10
c0662,39.208216,13.37156,131.9490696973454,2022-10-11
c0662,39.208216,13.37156,127.89972415006072,2022-10-12
c0662,39.208216,13.37156,130.21422097062322,2022-10-13
c0662,39.208216,13.37156,130.8845214855377,2022-10-14
c0662,39.208216,13.37156,123.10560418495714,2022-10-15
c0662,39.208216,13.37156,125.0266588474216,2022-10-16
c0662,39.208216,13.37156,126.00830540033056,2022-10-17
c0662,39.208216,13.37156,120.81098153153606,2022-10-18
c0662,39.208216,13.37156,115.44209668612476,2022-10-19
c0662,39.208216,13.37156,116.223476770165,2022-10-20
c0662,39.208216,13.37156,116.05215477022304,2022-10-21
c0662,39.208216,13.37156,117.04848674375656,2022-10-22
c0662,39.208216,13.37156,117.40670001940023,2022-10-23
c0662,39.208216,13.37156,119.93476967600014,2022-10-24
c0662,39.208216,13.37156,128.22452392753556,2022-10-25
c0662,39.208216,13.37156,128.53350778207357,2022-10-26
c0662,39.208216,13.37156,128.2174162153401,2022-10-27
c0662,39.208216,13.37156,122.02730391713234,2022-10-28
c0662,39.208216,13.37156,121.79581089707813,2022-10-29
c0662,39.208216,13.37156,122.1970826629317,2022-10-30
c0662,39.208216,13.37156,119.73462184934932,2022-10-31
c0662,39.208216,13.37156,121.79410939628032,2022-11-01
c0662,39.208216,13.37156,124.78171064161596,2022-11-02
c0662,39.208216,13.37156,127.19015895813357,2022-11-03
c0662,39.208216,13.37156,126.87034467439466,2022-11-04
c0662,39.208216,13.37156,152.95238467514451,2022-11-05
c0662,39.208216,13.37156,128.07889585190068,2022-11-06
c0662,39.208216,13.37156,123.48544775313958,2022-11-07
c0662,39.208216,13.37156,119.29633754917975,2022-11-08
c0662,39.208216,13.37156,119.76110781636945,2022-11-09
c0662,39.208216,13.37156,128.06755358558684,2022-11-10
c0662,39.208216,13.37156,129.5123522259366,2022-11-11
c0662,39.208216,13.37156,130.65766809064067,2022-11-12
c0662,39.208216,13.37156,137.04747855419734,2022-11-13
c0662,39.208216,13.37156,133.49418091876325,2022-11-14
c0662,39.208216,13.37156,132.53770010123657,2022-11-15
c0662,39.208216,13.37156,,2022-11-16
c0662,39.208216,13.37156,120.62648919755048,2022-11-19
c0662,39.208216,13.37156,137.34263422074946,2022-11-20
c0662,39.208216,13.37156,126.25413060415964,2022-11-21
c0662,39.208216,13.37156,141.70332587798205,2022-11-22
c0662,39.208216,13.37156,134.37448363967468,2022-11-23
c0662,39.208216,13.37156,130.07540267329532,2022-11-24
c0662,39.208216,13.37156,125.86153257715918,2022-11-25
c0662,39.208216,13.37156,144.96728333317355,2022-11-26
c0662,39.208216,13.37156,135.0333892728673,2022-11-27
c0662,39.208216,13.37156,120.56280684091222,2022-11-28
c0662,39.208216,13.37156,137.11901749330025,2022-11-29
c0662,39.208216,13.37156,141.78430034099344,2022-11-30
c0662,39.208216,13.37156,130.3026181080426,2022-12-01
c0662,39.208216,13.37156,137.30270276161465,2022-12-02
c0662,39.208216,13.37156,141.1572509863991,2022-12-03
c0662,39.208216,13.37156,133.93980639977755,2022-12-04
c0662,39.208216,13.37156,123.6997551222599,2022-12-05
c0662,39.208216,13.37156,130.397663302328,2022-12-06
c0662,39.208216,13.37156,126.60647486919812,2022-12-07
c0662,39.208216,13.37156,125.34422099366972,2022-12-08
c0662,39.208216,13.37156,128.39510879988177,2022-12-09
c0662,39.208216,13.37156,135.51506648259002,2022-12-10
c0662,39.208216,13.37156,131.43601036869424,2022-12-11
c0662,39.208216,13.37156,133.41012768560918,2022-12-12
c0662,39.208216,13.37156,133.0095376785463,2022-12-13
c0662,39.208216,13.37156,124.60492272330268,2022-12-14
c0662,39.208216,13.37156,120.73059186389118,2022-12-15
c0662,39.208216,13.37156,126.98829335183343,2022-12-16
c0662,39.208216,13.37156,114.1175124695478,2022-12-17
c0662,39.208216,13.37156,121.1351391101161,2022-12-18
c0662,39.208216,13.37156,117.43153830963958,2022-12-19
c0662,39.208216,13.37156,120.80195031828634,2022-12-20
c0662,39.208216,13.37156,119.61482469543692,2022-12-21
c0662,39.208216,13.37156,134.8288381410635,2022-12-22
c0662,39.208216,13.37156,132.38892441555367,2022-12-23
c0662,39.208216,13.37156,127.06727960838998,2022-12-24
c0662,39.208216,13.37156,128.66457038165913,2022-12-25
c0662,39.208216,13.37156,121.94618947704176,2022-12-26
c0662,39.208216,13.37156,130.59217278762446,2022-12-27
c0662,39.208216,13.37156,147.47489561907605,2022-12-28
c0662,39.208216,13.37156,154.52828222355475,2022-12-29
c0662,39.208216,13.37156,149.88341675078368,2022-12-30
c0662,39.208216,13.37156,136.14585789895912,2022-12-31
c0662,39.208216,13.37156,134.90596281301552,2023-01-01
c0662,39.208216,13.37156,131.39891295684507,2023-01-02
c0662,39.208216,13.37156,125.4334614449318,2023-01-03
c0662,39.208216,13.37156,134.62136330051777,2023-01-04
c0662,39.208216,13.37156,141.5274364478675,2023-01-05
c0662,39.208216,13.37156,136.75374372945998,2023-01-06
c0662,39.208216,13.37156,133.91595276797923,2023-01-07
c0662,39.208216,13.37156,133.59700326898832,2023-01-08
c0662,39.208216,13.37156,147.8534770792481,2023-01-09
c0662,39.208216,13.37156,187.6204807103908,2023-01-10
c0662,39.208216,13.37156,145.21891914746837,2023-01-11
c0662,39.208216,13.37156,157.87330016286418,2023-01-12
c0662,39.208216,13.37156,145.0412973130771,2023-01-13
c0662,39.208216,13.37156,156.17691991556666,2023-01-14
c0662,39.208216,13.37156,143.66172146476777,2023-01-15
c0662,39.208216,13.37156,155.81999582179128,2023-01-16
c0662,39.208216,13.37156,147.66246989123488,2023-01-18
c0662,39.208216,13.37156,163.84207498898618,2023-01-19
c0662,39.208216,13.37156,163.54138863852006,2023-01-20
c0662,39.208216,13.37156,169.78614856797086,2023-01-21
c0662,39.208216,13.37156,174.65117138136367,2023-01-22
c0662,39.208216,13.37156,159.4827607439769,2023-01-23
c0662,39.208216,13.37156,160.79817028338485,2023-01-24
c0662,39.208216,13.37156,169.4479332572327,2023-01-25
c0662,39.208216,13.37156,179.07282625867322,2023-01-26
c0662,39.208216,13.37156,169.73162124984717,2023-01-27
c0662,39.208216,13.37156,190.37084405825573,2023-01-28
c0662,39.208216,13.37156,168.19256578693827,2023-01-29
c0662,39.208216,13.37156,168.67882016712807,2023-01-30
c0662,39.208216,13.37156,151.13599384571458,2023-01-31
c0662,39.208216,13.37156,149.60505516138454,2023-02-01
c0662,39.208216,13.37156,150.8448080491001,2023-02-02
c0662,39.208216,13.37156,148.98103509370313,2023-02-03
c0662,39.208216,13.37156,156.96046288741056,2023-02-04
c0662,39.208216,13.37156,153.4947859556114,2023-02-05
c0662,39.208216,13.37156,155.09341370161405,2023-02-06
c0662,39.208216,13.37156,144.82709338699047,2023-02-07
c0662,39.208216,13.37156,134.20497268564196,2023-02-08
c0662,39.208216,13.37156,145.9294457923304,2023-02-09
c0662,39.208216,13.37156,165.07989814498595,2023-02-10
c0662,39.208216,13.37156,160.1053936645972,2023-02-11
c0662,39.208216,13.37156,132.32308065605133,2023-02-12
c0662,39.208216,13.37156,130.49451408273453,2023-02-13
c0662,39.208216,13.37156,132.36421295072628,2023-02-14
c0662,39.208216,13.37156,132.46382258226672,2023-02-15
c0662,39.208216,13.37156,138.91881238404582,2023-02-16
c0662,39.208216,13.37156,141.77502999583146,2023-02-17
c0662,39.208216,13.37156,136.52785712185437,2023-02-18
c0662,39.208216,13.37156,139.06838593499648,2023-02-19
c0662,39.208216,13.37156,131.6491825239463,2023-02-20
c0662,39.208216,13.37156,131.51700861146145,2023-02-21
c0662,39.208216,13.37156,134.9477166342375,2023-02-22
c0662,39.208216,13.37156,140.73689342290555,2023-02-23
c0662,39.208216,13.37156,144.94042155232202,2023-02-24
c0662,39.208216,13.37156,149.4521954137461,2023-02-25
c0662,39.208216,13.37156,158.770375643692,2023-02-26
c0662,39.208216,13.37156,152.12647242003607,2023-02-27
c0662,39.208216,13.37156,163.17874703412895,2023-02-28
c0662,39.208216,13.37156,160.33093379982344,2023-03-01
c0662,39.208216,13.37156,156.57667747866597,2023-03-02
c0662,39.208216,13.37156,162.44484384528474,2023-03-03
c0662,39.208216,13.37156,159.5328826599277,2023-03-04
c0662,39.208216,13.37156,169.7698485917497,2023-03-05
c0662,39.208216,13.37156,160.40026963007233,2023-03-06
c0662,39.208216,13.37156,150.6003041853368,2023-03-07
c0662,39.208216,13.37156,146.80710865317087,2023-03-08
c0662,39.208216,13.37156,137.47944212367705,2023-03-09
c0662,39.208216,13.37156,149.81951158801542,2023-03-10
c0662,39.208216,13.37156,144.16419046045328,2023-03-11
c0662,39.208216,13.37156,160.84554889211034,2023-03-12
c0662,39.208216,13.37156,148.73272185734805,2023-03-13
c0662,39.208216,13.37156,144.63188143012286,2023-03-14
c0662,39.208216,13.37156,158.54986014241743,2023-03-15
c0662,39.208216,13.37156,149.4935892521291,2023-03-16
c0662,39.208216,13.37156,145.9669848970368,2023-03-17
c0662,39.208216,13.37156,143.65758904581764,2023-03-18
c0662,39.208216,13.37156,142.10837351669815,2023-03-19
c0662,39.208216,13.37156,154.76367468637616,2023-03-20
c0662,39.208216,13.37156,147.7795201274695,2023-03-21
c0662,39.208216,13.37156,143.03301139573347,2023-03-22
c0662,39.208216,13.37156,151.85140432222286,2023-03-23
c0662,39.208216,13.37156,133.29367080684457,2023-03-24
c0662,39.208216,13.37156,142.6034089807561,2023-03-25
c0662,39.208216,13.37156,125.8097561788884,2023-03-26
c0662,39.208216,13.37156,152.21413765302256,2023-03-27
c0662,39.208216,13.37156,148.26479271241925,2023-03-28
c0662,39.208216,13.37156,145.91797253951577,2023-03-29
c0662,39.208216,13.37156,133.8648208487894,2023-03-30
c0662,39.208216,13.37156,140.62756806152782,2023-03-31
c0662,39.208216,13.37156,145.6980917701183,2023-04-01
c0662,39.208216,13.37156,166.68415576505706,2023-04-02
c0662,39.208216,13.37156,164.5976849412494,2023-04-03
c0662,39.208216,13.37156,166.47607990526268,2023-04-04
c0662,39.208216,13.37156,186.7273337817472,2023-04-05
c0662,39.208216,13.37156,177.87917947778544,2023-04-06
c0662,39.208216,13.37156,172.8336953962945,2023-04-07
c0662,39.208216,13.37156,167.6042371140697,2023-04-08
c0662,39.208216,13.37156,177.7352630222047,2023-04-09
c0662,39.208216,13.37156,190.58969875184695,2023-04-10
c0662,39.208216,13.37156,150.62195254560342,2023-04-11
c0662,39.208216,13.37156,132.98432958239712,2023-04-12
c0662,39.208216,13.37156,139.86732486110458,2023-04-13
c0662,39.208216,13.37156,176.41923589934933,2023-04-14
c0662,39.208216,13.37156,174.35574381640515,2023-04-15
c0662,39.208216,13.37156,194.41827399686312,2023-04-16
c0662,39.208216,13.37156,190.54213576086633,2023-04-17
c0662,39.208216,13.37156,171.7136568402475,2023-04-18
c0662,39.208216,13.37156,148.87295560575353,2023-04-19
c0662,39.208216,13.37156,140.13432839121847,2023-04-20
c0662,39.208216,13.37156,150.91617732662894,2023-04-21
c0662,39.208216,13.37156,154.49770986694517,2023-04-22
c0662,39.208216,13.37156,157.96781175829975,2023-04-23
c0662,39.208216,13.37156,151.26479355175144,2023-04-24
c0662,39.208216,13.37156,150.56289750384863,2023-04-25
c0662,39.208216,13.37156,157.85934230134325,2023-04-26
c0662,39.208216,13.37156,150.46522378640734,2023-04-27
c0662,39.208216,13.37156,146.62850820749384,2023-04-28
c0662,39.208216,13.37156,142.75621772962418,2023-04-29
c0662,39.208216,13.37156,148.5706452537174,2023-04-30
c0662,39.208216,13.37156,148.08872037009766,2023-05-01
c0662,39.208216,13.37156,158.767983186893,2023-05-02
c0662,39.208216,13.37156,150.46999823805598,2023-05-03
c0662,39.208216,13.37156,161.52262372447092,2023-05-04
c0662,39.208216,13.37156,152.07784647833992,2023-05-05
c0662,39.208216,13.37156,151.68511262608152,2023-05-06
c0662,39.208216,13.37156,149.9614891608308,2023-05-07
c0662,39.208216,13.37156,163.00145677331113,2023-05-08
c0662,39.208216,13.37156,164.1516000337217,2023-05-09
c0662,39.208216,13.37156,162.77966678636673,2023-05-10
c0662,39.208216,13.37156,165.2683542470604,2023-05-11
c0662,39.208216,13.37156,158.75898569505276,2023-05-12
c0662,39.208216,13.37156,153.86000835038675,2023-05-13
c0662,39.208216,13.37156,152.0588753234047,2023-05-14
c0662,39.208216,13.37156,159.94546764853,2023-05-15
c0662,39.208216,13.37156,174.38054874095027,2023-05-16
c0662,39.208216,13.37156,164.1357718384644,2023-05-17
c0662,39.208216,13.37156,154.31534090853043,2023-05-18
c0662,39.208216,13.37156,151.8680097722418,2023-05-19
c0662,39.208216,13.37156,149.17633433057014,2023-05-20
c0662,39.208216,13.37156,151.47754947625413,2023-05-21
c0662,39.208216,13.37156,151.0842469633452,2023-05-22
c0662,39.208216,13.37156,149.82877600341828,2023-05-23
c0662,39.208216,13.37156,151.15142026155607,2023-05-24
c0662,39.208216,13.37156,154.9396956507889,2023-05-25
c0662,39.208216,13.37156,152.78367895889923,2023-05-26
c0662,39.208216,13.37156,151.2339798429743,2023-05-27
c0662,39.208216,13.37156,151.48308886053675,2023-05-28
c0662,39.208216,13.37156,153.85596567309923,2023-05-29
c0662,39.208216,13.37156,149.9538551810208,2023-05-30
c0662,39.208216,13.37156,151.0735930730665,2023-05-31
c0662,39.208216,13.37156,147.7193567510784,2023-06-01
c0662,39.208216,13.37156,150.9973539908833,2023-06-02
c0662,39.208216,13.37156,151.70910433262998,2023-06-03
c0662,39.208216,13.37156,146.2728747696737,2023-06-04
c0662,39.208216,13.37156,147.6851705964173,2023-06-05
c0662,39.208216,13.37156,146.22419055340697,2023-06-06
c0662,39.208216,13.37156,154.03843994415357,2023-06-07
c0662,39.208216,13.37156,139.1915048199034,2023-06-08
c0662,39.208216,13.37156,141.2245654830103,2023-06-09
c0662,39.208216,13.37156,149.07484539042926,2023-06-10
c0662,39.208216,13.37156,145.48219851595366,2023-06-11
c0662,39.208216,13.37156,152.04966237190584,2023-06-12
c0662,39.208216,13.37156,156.1911168930555,2023-06-13
c0662,39.208216,13.37156,145.44514837112692,2023-06-14
c0662,39.208216,13.37156,150.68900346176525,2023-06-15
c0662,39.208216,13.37156,154.8058795646745,2023-06-16
c0662,39.208216,13.37156,146.60454808939056,2023-06-17
c0662,39.208216,13.37156,146.1547177121674,2023-06-18
c0662,39.208216,13.37156,140.61549691855498,2023-06-19
c0662,39.208216,13.37156,138.7237242648168,2023-06-20
c0662,39.208216,13.37156,136.12027645333742,2023-06-21
c0662,39.208216,13.37156,138.91952481588748,2023-06-22
c0662,39.208216,13.37156,144.18388650730196,2023-06-23
c0662,39.208216,13.37156,154.16822189952876,2023-06-24
c0662,39.208216,13.37156,144.9541625827147,2023-06-25
c0662,39.208216,13.37156,143.99191728293286,2023-06-26
c0662,39.208216,13.37156,145.58605665112594,2023-06-27
c0662,39.208216,13.37156,147.91262438101367,2023-06-28
c0662,39.208216,13.37156,146.58632322483425,2023-06-29
c0662,39.208216,13.37156,140.21539050811194,2023-06-30
c0662,39.208216,13.37156,147.06791996245414,2023-07-01
c0662,39.208216,13.37156,149.08723063027196,2023-07-02
c0662,39.208216,13.37156,141.86006427790875,2023-07-03
c0662,39.208216,13.37156,141.18404094532374,2023-07-04
c0662,39.208216,13.37156,141.23758111259167,2023-07-05
c0662,39.208216,13.37156,131.56586757161708,2023-07-06
c0662,39.208216,13.37156,129.84620475259146,2023-07-07
c0662,39.208216,13.37156,128.18688175426223,2023-07-08
c0662,39.208216,13.37156,128.4280805719638,2023-07-09
c0662,39.208216,13.37156,131.5848484308301,2023-07-10
c0662,39.208216,13.37156,134.64536602191367,2023-07-11
c0662,39.208216,13.37156,131.07300049052628,2023-07-12
c0662,39.208216,13.37156,130.93446574048093,2023-07-13
c0662,39.208216,13.37156,134.73196088217145,2023-07-14
c0662,39.208216,13.37156,134.08533280444885,2023-07-15
c0662,39.208216,13.37156,128.20408358415438,2023-07-16
c0662,39.208216,13.37156,127.74035330909348,2023-07-17
c0662,39.208216,13.37156,128.49571447644797,2023-07-18
c0662,39.208216,13.37156,,2023-07-19
c0662,39.208216,13.37156,132.45894374487256,2023-07-20
c0662,39.208216,13.37156,130.34108098209524,2023-07-21
c0662,39.208216,13.37156,131.06558862726587,2023-07-22
c0662,39.208216,13.37156,132.27711652428667,2023-07-23
c0662,39.208216,13.37156,131.1536488409962,2023-07-24
c0662,39.208216,13.37156,136.12413187273287,2023-07-25
c0662,39.208216,13.37156,142.9879456581289,2023-07-26
c0662,39.208216,13.37156,135.3641416531675,2023-07-27
c0662,39.208216,13.37156,134.52660447556448,2023-07-28
c0662,39.208216,13.37156,137.29093506759654,2023-07-29
c0662,39.208216,13.37156,138.1287169780805,2023-07-30
c0662,39.208216,13.37156,138.77872288172594,2023-07-31
c0662,39.208216,13.37156,140.05612333276986,2023-08-01
c0662,39.208216,13.37156,132.8499132692817,2023-08-02
c0662,39.208216,13.37156,134.31100288304415,2023-08-03
c0662,39.208216,13.37156,133.48026365726818,2023-08-04
c0662,39.208216,13.37156,155.05819803328578,2023-08-05
c0662,39.208216,13.37156,129.93795985595668,2023-08-06
c0662,39.208216,13.37156,133.8779202250537,2023-08-07
c0662,39.208216,13.37156,139.82327722102187,2023-08-10
c0662,39.208216,13.37156,140.20690247542765,2023-08-11
c0662,39.208216,13.37156,139.87755558858515,2023-08-12
c0662,39.208216,13.37156,,2023-08-13
c0662,39.208216,13.37156,139.3965098134159,2023-08-14
c0662,39.208216,13.37156,,2023-08-15
c0662,39.208216,13.37156,127.78786230955156,2023-08-16
c0662,39.208216,13.37156,128.36626967666825,2023-08-17
c0662,39.208216,13.37156,128.12477031743143,2023-08-18
c0662,39.208216,13.37156,130.0359451446315,2023-08-19
c0662,39.208216,13.37156,138.44084889403186,2023-08-20
c0662,39.208216,13.37156,137.46701004143978,2023-08-21
c0662,39.208216,13.37156,139.93353554218024,2023-08-22
c0662,39.208216,13.37156,139.1419782286256,2023-08-23
c0662,39.208216,13.37156,135.07168295205835,2023-08-24
c0662,39.208216,13.37156,132.51705867350998,2023-08-25
c0662,39.208216,13.37156,132.99455384394466,2023-08-26
c0662,39.208216,13.37156,128.92270440740262,2023-08-27
c0662,39.208216,13.37156,133.05546086059968,2023-08-28
c0662,39.208216,13.37156,138.99250488577272,2023-08-29
c0662,39.208216,13.37156,140.26840358013112,2023-08-30
c0662,39.208216,13.37156,139.88058574633288,2023-08-31
c0662,39.208216,13.37156,137.28259407782153,2023-09-01
c0662,39.208216,13.37156,138.89961502340202,2023-09-02
c0662,39.208216,13.37156,135.7569403081761,2023-09-03
c0662,39.208216,13.37156,128.0291313395203,2023-09-04
c0662,39.208216,13.37156,139.686694193385,2023-09-05
c0662,39.208216,13.37156,140.01137873844212,2023-09-06
c0662,39.208216,13.37156,138.1618551142643,2023-09-07
c0662,39.208216,13.37156,136.79753639600148,2023-09-08
c0662,39.208216,13.37156,136.65063179221977,2023-09-09
c0662,39.208216,13.37156,133.34007655146442,2023-09-10
c0662,39.208216,13.37156,130.43773184471632,2023-09-11
c0662,39.208216,13.37156,133.97670002012975,2023-09-12
c0662,39.208216,13.37156,133.0347967040628,2023-09-13
c0662,39.208216,13.37156,133.87307600538873,2023-09-14
c0662,39.208216,13.37156,137.13862181055788,2023-09-15
c0662,39.208216,13.37156,132.92702622167593,2023-09-16
c0662,39.208216,13.37156,128.86580443940437,2023-09-17
c0662,39.208216,13.37156,123.5016964755734,2023-09-18
c0662,39.208216,13.37156,122.9745670898419,2023-09-19
c0662,39.208216,13.37156,123.56128188816795,2023-09-20
c0662,39.208216,13.37156,126.10966197548304,2023-09-21
c0662,39.208216,13.37156,127.35759047987594,2023-09-22
c0662,39.208216,13.37156,137.42439107869774,2023-09-23
c0662,39.208216,13.37156,139.04204932956898,2023-09-24
c0662,39.208216,13.37156,140.8439408171885,2023-09-25
c0662,39.208216,13.37156,134.87428507748476,2023-09-26
c0662,39.208216,13.37156,127.53239020413824,2023-09-27
c0662,39.208216,13.37156,129.18881743154225,2023-09-28
c0662,39.208216,13.37156,129.5312431452733,2023-09-29
c0662,39.208216,13.37156,126.3809717209495,2023-09-30
c0662,39.208216,13.37156,121.53534493330088,2023-10-01
c0662,39.208216,13.37156,123.17856588646204,2023-10-02
c0662,39.208216,13.37156,125.08652713123938,2023-10-03
c0662,39.208216,13.37156,123.55792189595088,2023-10-04
c0662,39.208216,13.37156,134.2278427317272,2023-10-05
c0662,39.208216,13.37156,130.55414920751872,2023-10-06
c0662,39.208216,13.37156,132.3948529864942,2023-10-07
c0662,39.208216,13.37156,131.82210585753694,2023-10-08
c0662,39.208216,13.37156,127.72602902765732,2023-10-09
c0662,39.208216,13.37156,124.4326002623999,2023-10-10
c0662,39.208216,13.37156,128.27005396077664,2023-10-11
c0662,39.208216,13.37156,125.55793585928122,2023-10-12
c0662,39.208216,13.37156,126.6647950650621,2023-10-13
c0662,39.208216,13.37156,126.64066671533374,2023-10-14
c0662,39.208216,13.37156,127.78216661176856,2023-10-15
c0662,39.208216,13.37156,124.36589314077042,2023-10-16
c0662,39.208216,13.37156,125.63091924826064,2023-10-17
c0662,39.208216,13.37156,125.24470987091,2023-10-18
c0662,39.208216,13.37156,126.07118782922753,2023-10-19
c0662,39.208216,13.37156,122.13793296601033,2023-10-20
c0662,39.208216,13.37156,136.74212239684212,2023-10-21
c0662,39.208216,13.37156,124.78673871646576,2023-10-22
c0662,39.208216,13.37156,119.49714723106489,2023-10-23
c0662,39.208216,13.37156,119.30041678995735,2023-10-24
c0662,39.208216,13.37156,129.57365995148464,2023-10-25
c0662,39.208216,13.37156,122.79469631238332,2023-10-26
c0662,39.208216,13.37156,114.9509828016502,2023-10-27
c0662,39.208216,13.37156,124.1512657562693,2023-10-28
c0662,39.208216,13.37156,123.5413331480142,2023-10-29
c0662,39.208216,13.37156,122.22998202791892,2023-10-30
c0662,39.208216,13.37156,129.3266407240884,2023-10-31
c0662,39.208216,13.37156,131.08771646420206,2023-11-01
c0662,39.208216,13.37156,127.6096842857158,2023-11-02
c0662,39.208216,13.37156,130.56522200891175,2023-11-03
c0662,39.208216,13.37156,132.8289625357029,2023-11-04
c0662,39.208216,13.37156,119.53545512012415,2023-11-05
c0662,39.208216,13.37156,126.21343088466004,2023-11-06
c0662,39.208216,13.37156,128.19514312170264,2023-11-07
c0662,39.208216,13.37156,141.46291823997427,2023-11-08
c0662,39.208216,13.37156,139.31479984801467,2023-11-09
c0662,39.208216,13.37156,144.83926442163494,2023-11-10
c0662,39.208216,13.37156,141.04424574822994,2023-11-11
c0662,39.208216,13.37156,134.3324809747176,2023-11-12
c0662,39.208216,13.37156,127.92207927430276,2023-11-13
c0662,39.208216,13.37156,113.13967114459346,2023-11-14
c0662,39.208216,13.37156,113.4194497267938,2023-11-15
c0662,39.208216,13.37156,117.26432220787254,2023-11-16
c0662,39.208216,13.37156,128.4232087140665,2023-11-17
c0662,39.208216,13.37156,126.75048651841068,2023-11-18
c0662,39.208216,13.37156,125.05732011231495,2023-11-19
c0662,39.208216,13.37156,125.311070756739,2023-11-20
c0662,39.208216,13.37156,133.07245184723337,2023-11-21
c0662,39.208216,13.37156,144.29335322545114,2023-11-23
c0662,39.208216,13.37156,131.11787652064805,2023-11-24
c0662,39.208216,13.37156,135.94557243058335,2023-11-25
c0662,39.208216,13.37156,144.034305856858,2023-11-26
c0662,39.208216,13.37156,136.38847500785704,2023-11-27
c0662,39.208216,13.37156,129.75088059340544,2023-11-28
c0662,39.208216,13.37156,130.54587894383482,2023-11-29
c0662,39.208216,13.37156,128.49316569084434,2023-11-30
c0662,39.208216,13.37156,122.42843661987052,2023-12-01
c0662,39.208216,13.37156,122.9956756309802,2023-12-02
c0662,39.208216,13.37156,134.2210376792654,2023-12-03
c0662,39.208216,13.37156,130.0324170579787,2023-12-04
c0662,39.208216,13.37156,143.04721721650938,2023-12-05
c0662,39.208216,13.37156,142.99607955037922,2023-12-06
c0662,39.208216,13.37156,154.50404732300075,2023-12-07
c0662,39.208216,13.37156,138.067716924408,2023-12-08
c0662,39.208216,13.37156,160.91155538618125,2023-12-09
c0662,39.208216,13.37156,150.31280651273764,2023-12-10
c0662,39.208216,13.37156,130.4545043719225,2023-12-11
c0662,39.208216,13.37156,127.00244967152958,2023-12-12
c0662,39.208216,13.37156,117.64754839802376,2023-12-13
c0662,39.208216,13.37156,132.9713683533765,2023-12-14
c0662,39.208216,13.37156,146.12041468223094,2023-12-15
c0662,39.208216,13.37156,150.20491684015118,2023-12-16
c0662,39.208216,13.37156,142.82710298483565,2023-12-17
c0662,39.208216,13.37156,135.3421876511403,2023-12-18
c0662,39.208216,13.37156,133.78166755606426,2023-12-19
c0662,39.208216,13.37156,129.85601868306046,2023-12-20
c0662,39.208216,13.37156,133.0863619646745,2023-12-21
c0662,39.208216,13.37156,128.7100577325729,2023-12-22
c0662,39.208216,13.37156,126.86681963719184,2023-12-23
c0662,39.208216,13.37156,122.53211516332098,2023-12-24
c0662,39.208216,13.37156,121.51466626015826,2023-12-25
c0662,39.208216,13.37156,129.12609398051023,2023-12-26
c0662,39.208216,13.37156,129.06672364817285,2023-12-27
c0662,39.208216,13.37156,128.6369990720761,2023-12-28
c0662,39.208216,13.37156,138.22870717511802,2023-12-29
c0662,39.208216,13.37156,144.06214959679355,2023-12-30
c0662,39.208216,13.37156,142.63317901352718,2023-12-31
c0662,39.208216,13.37156,139.25680816895908,2024-01-01
c0662,39.208216,13.37156,136.04992950123423,2024-01-02
c0662,39.208216,13.37156,128.77229239253109,2024-01-03
c0662,39.208216,13.37156,129.58345827290168,2024-01-04
c0662,39.208216,13.37156,140.87256605719116,2024-01-05
c0662,39.208216,13.37156,159.59706181835992,2024-01-06
c0662,39.208216,13.37156,170.68080991734362,2024-01-07
c0662,39.208216,13.37156,175.71586889802438,2024-01-08
c0662,39.208216,13.37156,159.91852692376662,2024-01-09
c0662,39.208216,13.37156,142.18709138483027,2024-01-10
c0662,39.208216,13.37156,155.18375783830265,2024-01-11
c0662,39.208216,13.37156,149.7602982359475,2024-01-12
c0662,39.208216,13.37156,160.76967741970367,2024-01-13
c0662,39.208216,13.37156,148.040299941037,2024-01-14
c0662,39.208216,13.37156,145.64488415354597,2024-01-15
c0662,39.208216,13.37156,151.09622391337612,2024-01-16
c0662,39.208216,13.37156,153.51892913596018,2024-01-17
c0662,39.208216,13.37156,147.28017195609033,2024-01-18
c0662,39.208216,13.37156,147.81347904974436,2024-01-19
c0662,39.208216,13.37156,161.23531704203333,2024-01-20
c0662,39.208216,13.37156,152.99394356168273,2024-01-21
c0662,39.208216,13.37156,162.86054943489313,2024-01-22
c0662,39.208216,13.37156,171.85159380438807,2024-01-23
c0662,39.208216,13.37156,151.93945611594495,2024-01-24
c0662,39.208216,13.37156,147.38767846181776,2024-01-25
c0662,39.208216,13.37156,144.5983946571399,2024-01-26
c0662,39.208216,13.37156,145.6434877986986,2024-01-27
c0662,39.208216,13.37156,157.64027381881215,2024-01-28
c0662,39.208216,13.37156,164.05915683061116,2024-01-29
c0662,39.208216,13.37156,147.28744456399644,2024-01-30
c0662,39.208216,13.37156,141.1917590059465,2024-01-31
c0662,39.208216,13.37156,153.54951833094367,2024-02-01
c0662,39.208216,13.37156,177.87117917755145,2024-02-02
c0662,39.208216,13.37156,157.71348814039007,2024-02-03
c0662,39.208216,13.37156,156.21886994901618,2024-02-04
c0662,39.208216,13.37156,151.82648540929273,2024-02-05
c0662,39.208216,13.37156,145.16604408981829,2024-02-06
c0662,39.208216,13.37156,155.10082406232826,2024-02-07
c0662,39.208216,13.37156,139.8248802905337,2024-02-08
c0662,39.208216,13.37156,147.5035992433755,2024-02-09
c0662,39.208216,13.37156,152.98999005274058,2024-02-10
c0662,39.208216,13.37156,202.8999894299888,2024-02-11
c0662,39.208216,13.37156,170.90329867593647,2024-02-12
c0662,39.208216,13.37156,159.02864954135896,2024-02-13
c0662,39.208216,13.37156,162.80972297090787,2024-02-14
c0662,39.208216,13.37156,143.06906357047723,2024-02-15
c0662,39.208216,13.37156,137.15815974579257,2024-02-16
c0662,39.208216,13.37156,158.407438529918,2024-02-17
c0662,39.208216,13.37156,151.9790905452329,2024-02-18
c0662,39.208216,13.37156,134.58593299981646,2024-02-19
c0662,39.208216,13.37156,172.73659662336058,2024-02-20
c0662,39.208216,13.37156,163.4212063718851,2024-02-21
c0662,39.208216,13.37156,152.85304411961187,2024-02-22
c0662,39.208216,13.37156,149.4376306649412,2024-02-23
c0662,39.208216,13.37156,186.4748969101192,2024-02-24
c0662,39.208216,13.37156,220.23763540461337,2024-02-25
c0662,39.208216,13.37156,162.90503023135778,2024-02-26
c0662,39.208216,13.37156,171.75149646370858,2024-02-27
c0662,39.208216,13.37156,199.60502255232825,2024-02-28
c0662,39.208216,13.37156,191.12899783275537,2024-02-29
c0662,39.208216,13.37156,173.66157560598614,2024-03-01
c0662,39.208216,13.37156,164.5328186173818,2024-03-02
c0662,39.208216,13.37156,169.4546827947543,2024-03-03
c0662,39.208216,13.37156,205.82227025139417,2024-03-04
c0662,39.208216,13.37156,172.88906581462135,2024-03-05
c0662,39.208216,13.37156,183.34814759269528,2024-03-06
c0662,39.208216,13.37156,158.32325678511896,2024-03-07
c0662,39.208216,13.37156,169.92629664902125,2024-03-08
c0662,39.208216,13.37156,174.09822288156286,2024-03-09
c0662,39.208216,13.37156,173.42119601282312,2024-03-10
c0662,39.208216,13.37156,209.6366790002733,2024-03-11
c0662,39.208216,13.37156,209.35603710343463,2024-03-12
c0662,39.208216,13.37156,184.8734011173275,2024-03-13
c0662,39.208216,13.37156,177.20852968613903,2024-03-14
c0662,39.208216,13.37156,143.26018794846485,2024-03-15
c0662,39.208216,13.37156,161.4621704962236,2024-03-16
c0662,39.208216,13.37156,163.91083953772608,2024-03-17
c0662,39.208216,13.37156,142.87478271605866,2024-03-18
c0662,39.208216,13.37156,160.1731192608056,2024-03-19
c0662,39.208216,13.37156,168.6603336766307,2024-03-20
c0662,39.208216,13.37156,163.7028889818642,2024-03-21
c0662,39.208216,13.37156,185.97602768633132,2024-03-22
c0662,39.208216,13.37156,171.29141900908618,2024-03-23
c0662,39.208216,13.37156,174.8730476014185,2024-03-24
c0662,39.208216,13.37156,168.85134656894837,2024-03-25
c0662,39.208216,13.37156,169.56124527376488,2024-03-26
c0662,39.208216,13.37156,169.29906853531813,2024-03-27
c0662,39.208216,13.37156,167.0809566629673,2024-03-28
c0662,39.208216,13.37156,146.4471830304209,2024-03-29
c0662,39.208216,13.37156,155.54541321627715,2024-03-30
c0662,39.208216,13.37156,164.78314013503564,2024-03-31
c0662,39.208216,13.37156,156.67527969548516,2024-04-01
c0662,39.208216,13.37156,156.72779663501467,2024-04-02
c0662,39.208216,13.37156,141.79965876993157,2024-04-03
c0662,39.208216,13.37156,163.8684787268414,2024-04-04
c0662,39.208216,13.37156,160.86050533214177,2024-04-05
c0662,39.208216,13.37156,161.8017712315843,2024-04-06
c0662,39.208216,13.37156,167.44298901064374,2024-04-07
c0662,39.208216,13.37156,155.47665093123845,2024-04-08
c0662,39.208216,13.37156,151.47001747044413,2024-04-09
c0662,39.208216,13.37156,165.38199913806582,2024-04-10
c0662,39.208216,13.37156,174.81316604955364,2024-04-11
c0662,39.208216,13.37156,156.99071260418418,2024-04-12
c0662,39.208216,13.37156,157.4664883024136,2024-04-13
c0662,39.208216,13.37156,145.5062887838368,2024-04-14
c0662,39.208216,13.37156,154.79827168625752,2024-04-15
c0662,39.208216,13.37156,152.20627608468274,2024-04-16
c0662,39.208216,13.37156,173.38873996763428,2024-04-17
c0662,39.208216,13.37156,163.51782945358798,2024-04-18
c0662,39.208216,13.37156,192.1459737533057,2024-04-19
c0662,39.208216,13.37156,166.17304878309034,2024-04-20
c0662,39.208216,13.37156,176.55638070553366,2024-04-21
c0662,39.208216,13.37156,178.0967331968034,2024-04-22
c0662,39.208216,13.37156,187.9009255025024,2024-04-23
c0662,39.208216,13.37156,199.19208672644035,2024-04-24
c0662,39.208216,13.37156,196.40978258918304,2024-04-25
c0662,39.208216,13.37156,185.26266196096503,2024-04-26
c0662,39.208216,13.37156,161.82325795200208,2024-04-27
c0662,39.208216,13.37156,158.07198895606624,2024-04-28
c0662,39.208216,13.37156,154.29157843760987,2024-04-29
c0662,39.208216,13.37156,150.45098262140118,2024-04-30
c0662,39.208216,13.37156,164.61962860130498,2024-05-01
c0662,39.208216,13.37156,165.24703236190484,2024-05-02
c0662,39.208216,13.37156,163.04978272600596,2024-05-03
c0662,39.208216,13.37156,169.73301460291836,2024-05-04
c0662,39.208216,13.37156,155.6826831292491,2024-05-05
c0662,39.208216,13.37156,158.29486732139844,2024-05-06
c0662,39.208216,13.37156,161.46426222259075,2024-05-07
c0662,39.208216,13.37156,182.71050886613423,2024-05-08
c0662,39.208216,13.37156,181.69821722221744,2024-05-09
c0662,39.208216,13.37156,181.20108726361016,2024-05-10
c0662,39.208216,13.37156,172.5605126156733,2024-05-13
c0662,39.208216,13.37156,164.01301047935775,2024-05-14
c0662,39.208216,13.37156,164.8770145156508,2024-05-15
c0662,39.208216,13.37156,162.52804351835715,2024-05-16
c0662,39.208216,13.37156,162.61385772961742,2024-05-17
c0662,39.208216,13.37156,158.4531190022308,2024-05-18
c0662,39.208216,13.37156,157.08217203872888,2024-05-19
c0662,39.208216,13.37156,145.27887367250355,2024-05-20
c0662,39.208216,13.37156,154.9333569118593,2024-05-21
c0662,39.208216,13.37156,157.1826234096236,2024-05-22
c0662,39.208216,13.37156,158.07792536279456,2024-05-23
c0662,39.208216,13.37156,158.33907127444863,2024-05-24
c0662,39.208216,13.37156,181.963470752182,2024-05-25
c0662,39.208216,13.37156,161.71155852067466,2024-05-26
c0662,39.208216,13.37156,159.15877566878453,2024-05-27
c0662,39.208216,13.37156,164.29626245486548,2024-05-28
c0662,39.208216,13.37156,172.18025674815766,2024-05-29
c0662,39.208216,13.37156,153.93644480681724,2024-05-30
c0662,39.208216,13.37156,151.65403844683823,2024-05-31
c0662,39.208216,13.37156,155.7293832402121,2024-06-01
c0662,39.208216,13.37156,159.4153680011235,2024-06-02
c0662,39.208216,13.37156,164.41740689885418,2024-06-03
c0662,39.208216,13.37156,157.59139944944602,2024-06-04
c0662,39.208216,13.37156,159.29962167210164,2024-06-05
c0662,39.208216,13.37156,153.88339729004613,2024-06-06
c0662,39.208216,13.37156,147.5017814721298,2024-06-07
c0662,39.208216,13.37156,143.0543353771083,2024-06-08
c0662,39.208216,13.37156,138.12825140913978,2024-06-09
c0662,39.208216,13.37156,146.47613369494755,2024-06-10
c0662,39.208216,13.37156,141.8830611008225,2024-06-11
c0662,39.208216,13.37156,142.58253523129042,2024-06-12
c0662,39.208216,13.37156,152.35519309802416,2024-06-13
c0662,39.208216,13.37156,149.95369272929767,2024-06-14
c0662,39.208216,13.37156,149.05290432538945,2024-06-15
c0662,39.208216,13.37156,144.57694822780792,2024-06-16
c0662,39.208216,13.37156,147.36517324257989,2024-06-17
c0662,39.208216,13.37156,140.97763863723168,2024-06-18
c0662,39.208216,13.37156,137.68590475527174,2024-06-19
c0662,39.208216,13.37156,130.50800793953437,2024-06-20
c0662,39.208216,13.37156,135.24376709539365,2024-06-21
c0662,39.208216,13.37156,139.93848346734725,2024-06-22
c0662,39.208216,13.37156,149.91989291737426,2024-06-23
c0662,39.208216,13.37156,164.47856773866292,2024-06-24
c0662,39.208216,13.37156,147.43900518999803,2024-06-25
c0662,39.208216,13.37156,144.69546074434083,2024-06-26
c0662,39.208216,13.37156,149.66130099206592,2024-06-27
c0662,39.208216,13.37156,141.31396088310427,2024-06-28
c0662,39.208216,13.37156,136.81806109236285,2024-06-29
c0662,39.208216,13.37156,137.87875804781288,2024-06-30
c0662,39.208216,13.37156,134.47503829042446,2024-07-01
c0662,39.208216,13.37156,147.76936806565328,2024-07-02
c0662,39.208216,13.37156,165.1080504869768,2024-07-03
c0662,39.208216,13.37156,151.15985653764426,2024-07-04
c0662,39.208216,13.37156,146.49387505630918,2024-07-05
c0662,39.208216,13.37156,145.99108593587715,2024-07-06
c0662,39.208216,13.37156,137.322909514158,2024-07-07
c0662,39.208216,13.37156,137.29015482876233,2024-07-08
c0662,39.208216,13.37156,135.85110712013324,2024-07-09
c0662,39.208216,13.37156,137.66907045442312,2024-07-10
c0662,39.208216,13.37156,139.6375904622593,2024-07-11
c0662,39.208216,13.37156,134.9083159511564,2024-07-12
c0662,39.208216,13.37156,134.2956198684627,2024-07-13
c0662,39.208216,13.37156,137.72410138668712,2024-07-14
c0662,39.208216,13.37156,135.00127804440248,2024-07-15
c0662,39.208216,13.37156,138.07386519322503,2024-07-16
c0662,39.208216,13.37156,143.68040088283698,2024-07-17
c0662,39.208216,13.37156,139.47409583065354,2024-07-18
c0662,39.208216,13.37156,138.32710770705552,2024-07-19
c0662,39.208216,13.37156,136.20272997189264,2024-07-20
c0662,39.208216,13.37156,138.45515381074637,2024-07-21
c0662,39.208216,13.37156,147.17228490499633,2024-07-22
c0662,39.208216,13.37156,140.98496290251234,2024-07-23
c0662,39.208216,13.37156,142.02827014066796,2024-07-24
c0662,39.208216,13.37156,139.34974250931606,2024-07-25
c0662,39.208216,13.37156,137.78893577466377,2024-07-28
c0662,39.208216,13.37156,137.4817318071514,2024-07-29
c0662,39.208216,13.37156,140.8958925869654,2024-07-31
c0662,39.208216,13.37156,136.85373386064646,2024-08-01
c0662,39.208216,13.37156,140.873677330106,2024-08-03
c0662,39.208216,13.37156,141.14487381033862,2024-08-04
c0662,39.208216,13.37156,143.73150258516847,2024-08-05
c0662,39.208216,13.37156,142.3699106688881,2024-08-06
c0662,39.208216,13.37156,136.57176515058578,2024-08-07
c0662,39.208216,13.37156,143.01825529331285,2024-08-08
c0662,39.208216,13.37156,138.7936217750072,2024-08-09
c0662,39.208216,13.37156,139.25934680485332,2024-08-10
c0662,39.208216,13.37156,133.067880195497,2024-08-11
c0662,39.208216,13.37156,135.6093481658078,2024-08-12
c0662,39.208216,13.37156,135.10829283893105,2024-08-13
c0662,39.208216,13.37156,134.22668544902467,2024-08-14
c0662,39.208216,13.37156,136.53139954003458,2024-08-15
c0662,39.208216,13.37156,135.2874093682956,2024-08-16
c0662,39.208216,13.37156,,2024-08-17
c0662,39.208216,13.37156,143.4211482462199,2024-08-18
c0662,39.208216,13.37156,154.72455632445298,2024-08-19
c0662,39.208216,13.37156,148.32826777265905,2024-08-20
c0662,39.208216,13.37156,135.91386103813406,2024-08-21
c0662,39.208216,13.37156,139.2680272378935,2024-08-22
c0662,39.208216,13.37156,140.31685880576515,2024-08-23
c0662,39.208216,13.37156,148.35797518485853,2024-08-24
c0662,39.208216,13.37156,141.38664659596182,2024-08-25
c0662,39.208216,13.37156,139.54133589409383,2024-08-26
c0662,39.208216,13.37156,141.73970130378208,2024-08-27
c0662,39.208216,13.37156,143.66604018873525,2024-08-28
c0662,39.208216,13.37156,144.6630907855676,2024-08-29
c0662,39.208216,13.37156,140.0071541839111,2024-08-30
c0662,39.208216,13.37156,140.68102890295282,2024-08-31
c0662,39.208216,13.37156,139.40626487257987,2024-09-01
c0662,39.208216,13.37156,139.2963478350017,2024-09-02
c0662,39.208216,13.37156,138.46227554687098,2024-09-03
c0662,39.208216,13.37156,139.133116936035,2024-09-04
c0662,39.208216,13.37156,136.02093440142986,2024-09-05
c0662,39.208216,13.37156,135.50044260768777,2024-09-06
c0662,39.208216,13.37156,131.51502367474365,2024-09-07
c0662,39.208216,13.37156,129.78979750104222,2024-09-08
c0662,39.208216,13.37156,139.59878829276346,2024-09-09
c0662,39.208216,13.37156,146.54866832471637,2024-09-10
c0662,39.208216,13.37156,141.18925053033445,2024-09-11
c0662,39.208216,13.37156,144.1766251139462,2024-09-12
c0662,39.208216,13.37156,138.28351682339002,2024-09-13
c0662,39.208216,13.37156,142.94077594395733,2024-09-14
c0662,39.208216,13.37156,147.22401706746703,2024-09-15
c0662,39.208216,13.37156,140.93678691827466,2024-09-16
c0662,39.208216,13.37156,151.15546452194735,2024-09-17
c0662,39.208216,13.37156,145.85401913600805,2024-09-18
c0662,39.208216,13.37156,143.12502629203377,2024-09-19
c0662,39.208216,13.37156,144.1054672570793,2024-09-20
c0662,39.208216,13.37156,137.40033794684095,2024-09-21
c0662,39.208216,13.37156,139.7670730850516,2024-09-22
c0662,39.208216,13.37156,136.84752239516018,2024-09-23
c0662,39.208216,13.37156,,2024-09-24
c0662,39.208216,13.37156,142.95154884134007,2024-09-25
c0662,39.208216,13.37156,131.85168158825124,2024-09-26
c0662,39.208216,13.37156,128.1725989880044,2024-09-27
c0662,39.208216,13.37156,129.96711093309116,2024-09-28
c0662,39.208216,13.37156,135.90398102481464,2024-09-29
c0662,39.208216,13.37156,131.51900222548042,2024-09-30
c0662,39.208216,13.37156,129.61081479079053,2024-10-01
c0662,39.208216,13.37156,132.3369193485209,2024-10-02
c0662,39.208216,13.37156,130.06691089322112,2024-10-03
c0662,39.208216,13.37156,132.0234757657454,2024-10-04
c0662,39.208216,13.37156,134.13742306014828,2024-10-05
c0662,39.208216,13.37156,127.55455589697104,2024-10-06
c0662,39.208216,13.37156,123.95778750679884,2024-10-07
c0662,39.208216,13.37156,124.90184773315256,2024-10-08
c0662,39.208216,13.37156,127.6554477430261,2024-10-09
c0662,39.208216,13.37156,123.73967282620993,2024-10-10
c0662,39.208216,13.37156,124.44296992158326,2024-10-11
c0662,39.208216,13.37156,126.48071009759488,2024-10-12
c0662,39.208216,13.37156,126.83843126732262,2024-10-13
c0662,39.208216,13.37156,128.07607553616813,2024-10-14
c0662,39.208216,13.37156,124.42940175488076,2024-10-15
c0662,39.208216,13.37156,126.55636117888048,2024-10-16
c0662,39.208216,13.37156,124.90808082790063,2024-10-17
c0662,39.208216,13.37156,128.73941182959683,2024-10-18
c0662,39.208216,13.37156,138.17722880942938,2024-10-19
c0662,39.208216,13.37156,141.88583289865744,2024-10-20
c0662,39.208216,13.37156,135.38226848842,2024-10-21
c0662,39.208216,13.37156,132.42956355361352,2024-10-22
c0662,39.208216,13.37156,127.6520925872793,2024-10-23
c0662,39.208216,13.37156,120.80312597697704,2024-10-24
c0662,39.208216,13.37156,,2024-10-25
c0662,39.208216,13.37156,127.34217383709242,2024-10-26
c0662,39.208216,13.37156,133.29546991878212,2024-10-27
c0662,39.208216,13.37156,132.10699433615193,2024-10-28
c0662,39.208216,13.37156,133.64615867806867,2024-10-29
c0662,39.208216,13.37156,125.47649577682454,2024-10-30
c0662,39.208216,13.37156,125.02053860892347,2024-10-31
c0662,39.208216,13.37156,124.02422829232036,2024-11-02
c0662,39.208216,13.37156,124.71427745776192,2024-11-03
c0662,39.208216,13.37156,123.47348812740128,2024-11-04
c0662,39.208216,13.37156,128.25313603267028,2024-11-05
c0662,39.208216,13.37156,131.99971233937342,2024-11-06
c0662,39.208216,13.37156,133.41594083871914,2024-11-07
c0662,39.208216,13.37156,136.59224242730338,2024-11-08
c0662,39.208216,13.37156,129.0108928878361,2024-11-09
c0662,39.208216,13.37156,135.82019150486522,2024-11-10
c0662,39.208216,13.37156,136.60384553937376,2024-11-11
c0662,39.208216,13.37156,,2024-11-12
c0662,39.208216,13.37156,128.805383582588,2024-11-13
c0662,39.208216,13.37156,124.76688169638544,2024-11-14
c0662,39.208216,13.37156,129.96009351826828,2024-11-15
c0662,39.208216,13.37156,125.51776967030852,2024-11-16
c0662,39.208216,13.37156,127.47380178465232,2024-11-17
c0662,39.208216,13.37156,129.11193050685318,2024-11-18
c0662,39.208216,13.37156,127.13661475353751,2024-11-19
c0662,39.208216,13.37156,127.08792605754924,2024-11-20
c0662,39.208216,13.37156,127.64770187679788,2024-11-21
c0662,39.208216,13.37156,,2024-11-22
c0662,39.208216,13.37156,131.18746139311617,2024-11-23
c0662,39.208216,13.37156,132.54674707469576,2024-11-24
c0662,39.208216,13.37156,130.9068211660049,2024-11-25
c0662,39.208216,13.37156,137.0820331143058,2024-11-26
c0662,39.208216,13.37156,140.64567629108103,2024-11-27
c0662,39.208216,13.37156,138.80990105125872,2024-11-28
c0662,39.208216,13.37156,147.834063181792,2024-11-29
c0662,39.208216,13.37156,155.9143916169771,2024-11-30
c0662,39.208216,13.37156,146.01536883897168,2024-12-01
c0662,39.208216,13.37156,130.44188928762702,2024-12-02
c0662,39.208216,13.37156,,2024-12-03
c0662,39.208216,13.37156,137.683890209244,2024-12-04
c0662,39.208216,13.37156,154.48227382305203,2024-12-05
c0662,39.208216,13.37156,141.51417352987082,2024-12-06
c0662,39.208216,13.37156,135.04902579682064,2024-12-07
c0662,39.208216,13.37156,145.36061645616667,2024-12-08
c0662,39.208216,13.37156,141.46857914279903,2024-12-09
c0662,39.208216,13.37156,141.07534568882855,2024-12-10
c0662,39.208216,13.37156,123.05876512730704,2024-12-11
c0662,39.208216,13.37156,127.30570202043003,2024-12-12
c0662,39.208216,13.37156,122.53575583969408,2024-12-13
c0662,39.208216,13.37156,126.63623368178106,2024-12-14
c0662,39.208216,13.37156,155.6917971497552,2024-12-15
c0662,39.208216,13.37156,138.40383920998468,2024-12-16
c0662,39.208216,13.37156,132.80160324187634,2024-12-17
c0662,39.208216,13.37156,146.9913528820038,2024-12-18
c0662,39.208216,13.37156,124.11293901719452,2024-12-19
c0662,39.208216,13.37156,151.92217418868748,2024-12-20
c0662,39.208216,13.37156,149.53287559769493,2024-12-21
c0662,39.208216,13.37156,145.3609954065042,2024-12-22
c0662,39.208216,13.37156,177.22410267551,2024-12-23
c0662,39.208216,13.37156,187.46696196885264,2024-12-24
c0662,39.208216,13.37156,179.72107370741014,2024-12-25
c0662,39.208216,13.37156,172.10288515540043,2024-12-26
c0662,39.208216,13.37156,158.22744033567565,2024-12-27
c0662,39.208216,13.37156,144.55501367352622,2024-12-28
c0662,39.208216,13.37156,135.10953990580188,2024-12-29
c0662,39.208216,13.37156,137.64355549132276,2024-12-30
c0662,39.208216,13.37156,137.26719585372243,2025-01-01
c0662,39.208216,13.37156,147.5672516312941,2025-01-02
c0662,39.208216,13.37156,150.16888736979544,2025-01-03
c0662,39.208216,13.37156,149.81725943783113,2025-01-04
c0662,39.208216,13.37156,143.68054618197374,2025-01-05
c0662,39.208216,13.37156,134.38134530612058,2025-01-06
c0662,39.208216,13.37156,146.48674450561126,2025-01-07
c0662,39.208216,13.37156,138.24592444363267,2025-01-08
c0662,39.208216,13.37156,150.23939101234996,2025-01-09
c0662,39.208216,13.37156,149.11988811688585,2025-01-10
c0662,39.208216,13.37156,136.5100337526915,2025-01-11
c0662,39.208216,13.37156,169.3392426247683,2025-01-12
c0662,39.208216,13.37156,169.19367329245554,2025-01-13
c0662,39.208216,13.37156,158.60329876619423,2025-01-14
c0662,39.208216,13.37156,159.1250867291616,2025-01-15
c0662,39.208216,13.37156,163.54642643206887,2025-01-16
c0662,39.208216,13.37156,155.17732497054274,2025-01-17
c0662,39.208216,13.37156,162.21846745254626,2025-01-18
c0662,39.208216,13.37156,156.59565106808392,2025-01-19
c0662,39.208216,13.37156,143.5908898868236,2025-01-20
c0662,39.208216,13.37156,146.7686282171892,2025-01-21
c0662,39.208216,13.37156,147.0483179604205,2025-01-22
c0662,39.208216,13.37156,142.04989153985562,2025-01-23
c0662,39.208216,13.37156,146.52099721749167,2025-01-24
c0662,39.208216,13.37156,135.7188899330336,2025-01-25
c0662,39.208216,13.37156,144.64331528993148,2025-01-26
c0662,39.208216,13.37156,151.1258995828762,2025-01-27
c0662,39.208216,13.37156,142.73639139731543,2025-01-28
c0662,39.208216,13.37156,170.78690868853488,2025-01-29
c0662,39.208216,13.37156,165.78213746343255,2025-01-30
c0662,39.208216,13.37156,157.15452974101575,2025-01-31
c0662,39.208216,13.37156,154.3041826865066,2025-02-01
c0662,39.208216,13.37156,156.11807691832308,2025-02-02
c0662,39.208216,13.37156,162.84822798967122,2025-02-03
c0662,39.208216,13.37156,156.14020392880755,2025-02-04
c0662,39.208216,13.37156,155.6457131742561,2025-02-05
c0662,39.208216,13.37156,152.43190352150526,2025-02-06
c0662,39.208216,13.37156,152.76387045225863,2025-02-07
c0662,39.208216,13.37156,155.18862082300012,2025-02-08
c0662,39.208216,13.37156,156.74989551823583,2025-02-09
c0662,39.208216,13.37156,144.06966531232837,2025-02-10
c0662,39.208216,13.37156,147.03907437499328,2025-02-11
c0662,39.208216,13.37156,148.75078748563644,2025-02-12
c0662,39.208216,13.37156,153.33063355312044,2025-02-13
c0662,39.208216,13.37156,155.75067291136887,2025-02-14
c0662,39.208216,13.37156,170.24401371271256,2025-02-15
c0662,39.208216,13.37156,147.58598742151895,2025-02-16
c0662,39.208216,13.37156,173.35800024162225,2025-02-17
c0662,39.208216,13.37156,150.55368839500758,2025-02-18
c0662,39.208216,13.37156,165.8319790391202,2025-02-19
c0662,39.208216,13.37156,175.5307766616276,2025-02-20
c0662,39.208216,13.37156,173.101566492426,2025-02-21
c0662,39.208216,13.37156,157.30098183883726,2025-02-22
c0662,39.208216,13.37156,168.99997448315776,2025-02-23
c0662,39.208216,13.37156,177.62900964468608,2025-02-24
c0662,39.208216,13.37156,166.34261491581142,2025-02-25
c0662,39.208216,13.37156,173.03029587175152,2025-02-26
c0662,39.208216,13.37156,179.92739514222032,2025-02-27
c0662,39.208216,13.37156,170.50698597691766,2025-02-28
c0662,39.208216,13.37156,177.0190658224293,2025-03-01
c0662,39.208216,13.37156,147.85512187308268,2025-03-02
c0662,39.208216,13.37156,141.31866426833702,2025-03-03
c0662,39.208216,13.37156,126.73534404712,2025-03-04
c0662,39.208216,13.37156,145.85915440389292,2025-03-05
c0662,39.208216,13.37156,141.47611917777826,2025-03-06
c0662,39.208216,13.37156,150.84753782155624,2025-03-07
c0662,39.208216,13.37156,141.30192961775606,2025-03-08
c0662,39.208216,13.37156,147.13872803446174,2025-03-09
c0662,39.208216,13.37156,142.42449410265598,2025-03-10
c0662,39.208216,13.37156,154.40110814459783,2025-03-11
c0662,39.208216,13.37156,165.21526095091028,2025-03-12
c0662,39.208216,13.37156,152.8120543825825,2025-03-13
c0662,39.208216,13.37156,150.64789383402064,2025-03-14
c0662,39.208216,13.37156,161.7019507454083,2025-03-15
c0662,39.208216,13.37156,160.27905106621316,2025-03-16
c0662,39.208216,13.37156,163.2855134844451,2025-03-17
c0662,39.208216,13.37156,150.13804108719134,2025-03-18
c0662,39.208216,13.37156,158.03831101151275,2025-03-19
c0662,39.208216,13.37156,162.12166195319236,2025-03-20
c0662,39.208216,13.37156,154.3663039435626,2025-03-21
c0662,39.208216,13.37156,147.2364549826914,2025-03-22
c0662,39.208216,13.37156,150.33370491653048,2025-03-24
c0662,39.208216,13.37156,153.2802459865131,2025-03-25
c0662,39.208216,13.37156,178.77798736862923,2025-03-26
c0662,39.208216,13.37156,149.1168284364022,2025-03-27
c0662,39.208216,13.37156,168.66555159144744,2025-03-28
c0662,39.208216,13.37156,168.09605100264048,2025-03-29
c0662,39.208216,13.37156,168.0613542107385,2025-03-30
c0662,39.208216,13.37156,191.01512129880348,2025-03-31
c0662,39.208216,13.37156,176.87245029003634,2025-04-01
c0662,39.208216,13.37156,165.028159568268,2025-04-02
c0662,39.208216,13.37156,154.7305529424478,2025-04-03
c0662,39.208216,13.37156,156.43931807227855,2025-04-04
c0662,39.208216,13.37156,163.61678909887866,2025-04-05
c0662,39.208216,13.37156,166.2508307076047,2025-04-06
c0662,39.208216,13.37156,164.8937202922547,2025-04-07
c0662,39.208216,13.37156,174.05710989883931,2025-04-08
c0662,39.208216,13.37156,168.26062535289225,2025-04-09
c0662,39.208216,13.37156,167.45146489614714,2025-04-10
c0662,39.208216,13.37156,153.7667566366176,2025-04-11
c0662,39.208216,13.37156,148.67869102890344,2025-04-12
c0662,39.208216,13.37156,149.14256903114062,2025-04-13
c0662,39.208216,13.37156,145.25209278341563,2025-04-14
c0662,39.208216,13.37156,140.32183076628172,2025-04-15
c0662,39.208216,13.37156,146.2416287312607,2025-04-16
c0662,39.208216,13.37156,176.84326545213605,2025-04-17
c0662,39.208216,13.37156,143.65290115727134,2025-04-18
c0662,39.208216,13.37156,141.69975517645028,2025-04-19
c0662,39.208216,13.37156,148.44489180736758,2025-04-20
c0662,39.208216,13.37156,160.9103177910237,2025-04-21
c0662,39.208216,13.37156,150.5710576707545,2025-04-22
c0662,39.208216,13.37156,174.83977854425666,2025-04-23
c0662,39.208216,13.37156,161.67579849800904,2025-04-24
c0662,39.208216,13.37156,156.48779795105952,2025-04-25
c0662,39.208216,13.37156,145.47609040846808,2025-04-26
c0662,39.208216,13.37156,151.908936442767,2025-04-27
c0662,39.208216,13.37156,161.78144474562885,2025-04-28
c0662,39.208216,13.37156,162.0737862378331,2025-04-29
c0662,39.208216,13.37156,163.33184006569084,2025-04-30
c0662,39.208216,13.37156,159.8137767001924,2025-05-01
c0662,39.208216,13.37156,151.82519058211685,2025-05-02
c0662,39.208216,13.37156,151.4142030498583,2025-05-03
c0662,39.208216,13.37156,148.9906052983887,2025-05-04
c0662,39.208216,13.37156,162.5674731698498,2025-05-06
c0662,39.208216,13.37156,155.74529822095275,2025-05-07
c0662,39.208216,13.37156,155.39067058126284,2025-05-08
c0662,39.208216,13.37156,162.72093728930304,2025-05-09
c0662,39.208216,13.37156,156.1242396795289,2025-05-10
c0662,39.208216,13.37156,154.00460547330368,2025-05-11
c0662,39.208216,13.37156,154.19114863289724,2025-05-12
c0662,39.208216,13.37156,158.27887338012414,2025-05-13
c0662,39.208216,13.37156,152.10375224744536,2025-05-14
c0662,39.208216,13.37156,163.20084940580216,2025-05-15
c0662,39.208216,13.37156,165.78988771903082,2025-05-16
c0662,39.208216,13.37156,161.50725052375955,2025-05-17
c0662,39.208216,13.37156,149.6227445085323,2025-05-18
c0662,39.208216,13.37156,150.19432486271575,2025-05-19
c0662,39.208216,13.37156,152.30180101539398,2025-05-20
c0662,39.208216,13.37156,160.75929130864702,2025-05-21
c0662,39.208216,13.37156,,2025-05-22
c0662,39.208216,13.37156,155.17956530278497,2025-05-23
c0662,39.208216,13.37156,157.85705132433097,2025-05-24
c0662,39.208216,13.37156,158.5412663384292,2025-05-25
c0662,39.208216,13.37156,153.5740319440171,2025-05-26
c0662,39.208216,13.37156,156.70178610353508,2025-05-27
c0662,39.208216,13.37156,153.0154472037681,2025-05-28
c0662,39.208216,13.37156,155.61572715069252,2025-05-29
c0662,39.208216,13.37156,145.5002680807023,2025-05-30
c0662,39.208216,13.37156,147.27916486988354,2025-05-31
c0662,39.208216,13.37156,149.02989052309096,2025-06-01
c0662,39.208216,13.37156,145.6649037532627,2025-06-02
c0662,39.208216,13.37156,143.1939852660976,2025-06-03
c0662,39.208216,13.37156,144.5736271120618,2025-06-04
c0662,39.208216,13.37156,149.50343471253734,2025-06-05
c0662,39.208216,13.37156,142.01251011473474,2025-06-06
c0662,39.208216,13.37156,137.92282219070188,2025-06-07
c0662,39.208216,13.37156,138.24177800992763,2025-06-08
c0662,39.208216,13.37156,138.2098477509562,2025-06-09
c0662,39.208216,13.37156,141.39058331665527,2025-06-10
c0662,39.208216,13.37156,147.98597492660394,2025-06-11
c0662,39.208216,13.37156,143.18805778097905,2025-06-12
c0662,39.208216,13.37156,142.39994378327344,2025-06-13
c0662,39.208216,13.37156,141.7058699165827,2025-06-14
c0662,39.208216,13.37156,139.89953105468825,2025-06-15
c0662,39.208216,13.37156,140.00562284964747,2025-06-16
c0662,39.208216,13.37156,148.15739479548236,2025-06-17
c0662,39.208216,13.37156,155.8512818171026,2025-06-18
c0662,39.208216,13.37156,155.82470994979568,2025-06-19
c0662,39.208216,13.37156,149.98858373439708,2025-06-20
c0662,39.208216,13.37156,145.8766598278991,2025-06-21
c0662,39.208216,13.37156,144.37660002945267,2025-06-22
c0662,39.208216,13.37156,142.05429981647077,2025-06-23
c0662,39.208216,13.37156,135.44633258553716,2025-06-24
c0662,39.208216,13.37156,136.53998596189157,2025-06-25
c0662,39.208216,13.37156,134.55690536779292,2025-06-26
c0662,39.208216,13.37156,136.04260294569443,2025-06-27
c0662,39.208216,13.37156,139.82378002997746,2025-06-28
c0662,39.208216,13.37156,133.0105499075437,2025-06-29
c0662,39.208216,13.37156,132.40744756983628,2025-06-30
c0662,39.208216,13.37156,133.29333690422868,2025-07-01
c0662,39.208216,13.37156,136.2637492034046,2025-07-02
c0662,39.208216,13.37156,136.84733852258134,2025-07-03
c0662,39.208216,13.37156,135.84862194039982,2025-07-04
c0662,39.208216,13.37156,136.8560051135869,2025-07-05
c0662,39.208216,13.37156,135.7705895447198,2025-07-06
c0662,39.208216,13.37156,134.81584554994646,2025-07-07
c0662,39.208216,13.37156,137.88467273554463,2025-07-08
c0662,39.208216,13.37156,139.74289002003664,2025-07-09
c0662,39.208216,13.37156,141.69371065093728,2025-07-10
c0662,39.208216,13.37156,139.63235535372797,2025-07-11
c0662,39.208216,13.37156,139.7073127068043,2025-07-12
c0662,39.208216,13.37156,140.0553167890723,2025-07-13
c0662,39.208216,13.37156,133.78432112424247,2025-07-14
c0662,39.208216,13.37156,134.4012883399696,2025-07-15
c0662,39.208216,13.37156,133.19601131514546,2025-07-16
c0662,39.208216,13.37156,137.6079754745089,2025-07-17
c0662,39.208216,13.37156,137.64265389824345,2025-07-18
c0662,39.208216,13.37156,137.3224869243305,2025-07-19
c0662,39.208216,13.37156,132.6846476259146,2025-07-20
c0662,39.208216,13.37156,132.87752017645093,2025-07-21
c0662,39.208216,13.37156,134.32593160803754,2025-07-22
c0662,39.208216,13.37156,133.0639529378351,2025-07-23
c0662,39.208216,13.37156,132.80611268161277,2025-07-24
c0662,39.208216,13.37156,131.52106114238205,2025-07-25
c0662,39.208216,13.37156,136.4665638183925,2025-07-26
c0662,39.208216,13.37156,137.7726351199911,2025-07-27
c0662,39.208216,13.37156,137.88751382301584,2025-07-28
c0662,39.208216,13.37156,140.88031480360263,2025-07-29
c0662,39.208216,13.37156,138.2807109732193,2025-07-30
c0662,39.208216,13.37156,135.89254255069582,2025-07-31
c0662,39.208216,13.37156,139.95792182214657,2025-08-01
c0662,39.208216,13.37156,140.92748864769325,2025-08-02
c0662,39.208216,13.37156,142.540481759321,2025-08-03
c0662,39.208216,13.37156,145.38642727323628,2025-08-04
c0662,39.208216,13.37156,140.7550123011796,2025-08-05
c0662,39.208216,13.37156,135.8615518598735,2025-08-06
c0662,39.208216,13.37156,136.3792775874463,2025-08-07
c0662,39.208216,13.37156,131.46057319220668,2025-08-08
c0662,39.208216,13.37156,131.34494056311,2025-08-09
c0662,39.208216,13.37156,128.9411195555302,2025-08-10
c0662,39.208216,13.37156,129.84589952094774,2025-08-11
c0662,39.208216,13.37156,132.04198667862906,2025-08-12
c0662,39.208216,13.37156,134.4382261660201,2025-08-13
c0662,39.208216,13.37156,134.59813912934789,2025-08-14
c0662,39.208216,13.37156,137.2171858078984,2025-08-15
c0662,39.208216,13.37156,134.16224780370283,2025-08-16
c0662,39.208216,13.37156,138.84447945076494,2025-08-17
c0662,39.208216,13.37156,138.4453174288215,2025-08-18
c0662,39.208216,13.37156,137.1301121616517,2025-08-19
c0662,39.208216,13.37156,135.5391224260834,2025-08-20
c0662,39.208216,13.37156,138.53070226444518,2025-08-21
c0662,39.208216,13.37156,135.10973381906928,2025-08-22
c0662,39.208216,13.37156,134.37968117095645,2025-08-23
c0662,39.208216,13.37156,133.92570816311408,2025-08-24
c0662,39.208216,13.37156,137.87665538945862,2025-08-25
c0662,39.208216,13.37156,137.580433228348,2025-08-26
c0662,39.208216,13.37156,130.3190941253841,2025-08-27
c0662,39.208216,13.37156,131.88909694430342,2025-08-28
c0662,39.208216,13.37156,131.13128022631616,2025-08-29
c0662,39.208216,13.37156,138.3258685678326,2025-08-30
c0662,39.208216,13.37156,133.5882540964502,2025-08-31
c0662,39.208216,13.37156,128.57597087207878,2025-09-01
c0662,39.208216,13.37156,131.56970254019257,2025-09-02
c0662,39.208216,13.37156,131.27314009823974,2025-09-03
c0662,39.208216,13.37156,131.7305361662866,2025-09-04
c0662,39.208216,13.37156,133.27059124467183,2025-09-05
c0662,39.208216,13.37156,137.31737318163067,2025-09-06
c0662,39.208216,13.37156,137.1521131497211,2025-09-07
c0662,39.208216,13.37156,132.16401583935814,2025-09-08
c0662,39.208216,13.37156,130.9105915217153,2025-09-09
c0662,39.208216,13.37156,130.90229838058505,2025-09-10
c0662,39.208216,13.37156,134.33763404146242,2025-09-11
c0662,39.208216,13.37156,129.1754750339494,2025-09-12
c0662,39.208216,13.37156,127.13453733296802,2025-09-13
c0662,39.208216,13.37156,132.3394855703498,2025-09-14
c0662,39.208216,13.37156,127.00048681145324,2025-09-15
c0662,39.208216,13.37156,126.00853325803244,2025-09-16
c0662,39.208216,13.37156,124.7116093872995,2025-09-17
c0662,39.208216,13.37156,124.48330748834272,2025-09-18
c0662,39.208216,13.37156,125.35364754079784,2025-09-19
c0662,39.208216,13.37156,128.110019451269,2025-09-20
c0662,39.208216,13.37156,130.19394810646412,2025-09-21
c0662,39.208216,13.37156,131.0578372235531,2025-09-22
c0662,39.208216,13.37156,131.05063223522723,2025-09-23
c0662,39.208216,13.37156,131.86053614536294,2025-09-24
c0662,39.208216,13.37156,130.2116147415939,2025-09-25
c0662,39.208216,13.37156,130.88885453653833,2025-09-26
c0662,39.208216,13.37156,136.26885143467928,2025-09-27
c0662,39.208216,13.37156,130.50597857128778,2025-09-28
c0662,39.208216,13.37156,130.5987345159511,2025-09-29
c0662,39.208216,13.37156,129.53015979937967,2025-09-30
c0662,39.208216,13.37156,131.50778471023915,2025-10-01
c0662,39.208216,13.37156,140.3630597747739,2025-10-02
c0662,39.208216,13.37156,142.45783429472576,2025-10-03
c0662,39.208216,13.37156,131.2853321655718,2025-10-04
c0662,39.208216,13.37156,125.84974121945912,2025-10-05
c0662,39.208216,13.37156,142.56063918442078,2025-10-06
c0662,39.208216,13.37156,131.06102119549357,2025-10-07
c0662,39.208216,13.37156,129.24278795310494,2025-10-08
c0662,39.208216,13.37156,130.86403069414143,2025-10-09
c0662,39.208216,13.37156,135.24875626651618,2025-10-10
c0662,39.208216,13.37156,133.39360992094896,2025-10-11
c0662,39.208216,13.37156,134.57581363185537,2025-10-12
c0662,39.208216,13.37156,133.36137429196506,2025-10-13
c0662,39.208216,13.37156,134.00801180857852,2025-10-14
c0662,39.208216,13.37156,133.55499798101033,2025-10-15
c0662,39.208216,13.37156,133.4875735746797,2025-10-16
c0662,39.208216,13.37156,128.81532936472277,2025-10-17
c0662,39.208216,13.37156,129.9307042277983,2025-10-18
c0662,39.208216,13.37156,127.84660001962403,2025-10-19
c0662,39.208216,13.37156,126.35628630961452,2025-10-20
c0662,39.208216,13.37156,125.67543433336309,2025-10-21
c0662,39.208216,13.37156,128.0306921989231,2025-10-22
c0662,39.208216,13.37156,128.8189566703853,2025-10-23
c0662,39.208216,13.37156,128.6145478566415,2025-10-24
c0662,39.208216,13.37156,125.92189446548171,2025-10-25
c0662,39.208216,13.37156,127.74005035432418,2025-10-26
c0662,39.208216,13.37156,137.10297312364972,2025-10-27
c0662,39.208216,13.37156,134.0702093726544,2025-10-28
c0662,39.208216,13.37156,134.013803777015,2025-10-29
c0662,39.208216,13.37156,125.12424114083484,2025-10-30
c0662,39.208216,13.37156,134.4236243846371,2025-10-31
c0662,39.208216,13.37156,128.70236077687926,2025-11-01
c0662,39.208216,13.37156,128.27144582436688,2025-11-02
c0662,39.208216,13.37156,135.01342461582323,2025-11-03
c0662,39.208216,13.37156,129.02184289914254,2025-11-04
c0662,39.208216,13.37156,124.45973563659436,2025-11-05
c0662,39.208216,13.37156,123.31147597369036,2025-11-06
c0662,39.208216,13.37156,141.3966190762477,2025-11-07
c0662,39.208216,13.37156,135.78600507577454,2025-11-08
c0662,39.208216,13.37156,142.11533692329792,2025-11-09
c0662,39.208216,13.37156,125.75735792674482,2025-11-10
c0662,39.208216,13.37156,126.4214859476568,2025-11-11
c0662,39.208216,13.37156,132.18825334344407,2025-11-12
c0662,39.208216,13.37156,125.5266775148516,2025-11-13
c0662,39.208216,13.37156,123.19084141704695,2025-11-14
c0662,39.208216,13.37156,122.43543200487814,2025-11-15
c0662,39.208216,13.37156,125.24440751769389,2025-11-16
c0662,39.208216,13.37156,126.5874173458106,2025-11-17
c0662,39.208216,13.37156,138.28763780901085,2025-11-18
c0662,39.208216,13.37156,139.8251833791185,2025-11-19
c0662,39.208216,13.37156,131.96541977630827,2025-11-20
c0662,39.208216,13.37156,145.05119248394058,2025-11-21
c0662,39.208216,13.37156,154.6746415554598,2025-11-22
c0662,39.208216,13.37156,154.51546367649848,2025-11-23
c0662,39.208216,13.37156,153.77962042905844,2025-11-24
c0662,39.208216,13.37156,153.81246121735853,2025-11-25
c0662,39.208216,13.37156,157.04396729741387,2025-11-26
c0662,39.208216,13.37156,157.45267315008556,2025-11-27
c0662,39.208216,13.37156,158.81036296354105,2025-11-28
c0662,39.208216,13.37156,136.69467875954115,2025-11-30
c0662,39.208216,13.37156,144.4690188293433,2025-12-01
c0662,39.208216,13.37156,155.51662770167593,2025-12-02
c0662,39.208216,13.37156,143.7445556321382,2025-12-03
c0662,39.208216,13.37156,155.6227892932286,2025-12-04
c0662,39.208216,13.37156,167.19041527049018,2025-12-05
c0662,39.208216,13.37156,146.56157570859375,2025-12-06
c0662,39.208216,13.37156,142.52837776096308,2025-12-07
c0662,39.208216,13.37156,140.50094347524097,2025-12-08
c0662,39.208216,13.37156,131.59915452343063,2025-12-09
c0662,39.208216,13.37156,147.76208411476054,2025-12-10
c0662,39.208216,13.37156,145.1214882304781,2025-12-11
c0662,39.208216,13.37156,133.38635423336385,2025-12-12
c0662,39.208216,13.37156,129.19828438630736,2025-12-13
c0662,39.208216,13.37156,127.79933390786827,2025-12-14
c0662,39.208216,13.37156,139.7696914868727,2025-12-15
c0662,39.208216,13.37156,135.67868885314536,2025-12-16
c0662,39.208216,13.37156,153.03295183535656,2025-12-17
c0662,39.208216,13.37156,150.05255297262673,2025-12-18
c0662,39.208216,13.37156,140.21115038507338,2025-12-22
c0662,39.208216,13.37156,166.22470017948407,2025-12-23
c0662,39.208216,13.37156,174.69645999399225,2025-12-24
c0662,39.208216,13.37156,176.68817180827685,2025-12-25
c0662,39.208216,13.37156,148.76583532339896,2025-12-26
c0662,39.208216,13.37156,144.1021220611418,2025-12-27
c0662,39.208216,13.37156,137.5746598097413,2025-12-28
c0662,39.208216,13.37156,143.71886553477674,2025-12-29
c0662,39.208216,13.37156,148.2905394825457,2025-12-30
