cell_id,lat_center,lon_center,mean,date
c1352,43.037045,16.369142,142.29286330293488,2019-01-01
c1352,43.037045,16.369142,155.33122245038322,2019-01-02
c1352,43.037045,16.369142,155.6043137738106,2019-01-03
c1352,43.037045,16.369142,155.3970669393336,2019-01-04
c1352,43.037045,16.369142,135.51476687251537,2019-01-05
c1352,43.037045,16.369142,130.11860696130665,2019-01-06
c1352,43.037045,16.369142,160.24779971829068,2019-01-07
c1352,43.037045,16.369142,143.5748956328909,2019-01-08
c1352,43.037045,16.369142,169.43931125428102,2019-01-09
c1352,43.037045,16.369142,200.88136377417615,2019-01-10
c1352,43.037045,16.369142,,2019-01-11
c1352,43.037045,16.369142,146.3565753317223,2019-01-12
c1352,43.037045,16.369142,163.99268036608095,2019-01-13
c1352,43.037045,16.369142,152.88583970682566,2019-01-14
c1352,43.037045,16.369142,148.00677963336844,2019-01-15
c1352,43.037045,16.369142,136.46039613966502,2019-01-16
c1352,43.037045,16.369142,126.9296583106128,2019-01-17
c1352,43.037045,16.369142,130.0556986534718,2019-01-18
c1352,43.037045,16.369142,149.1007378444531,2019-01-19
c1352,43.037045,16.369142,152.25234694469847,2019-01-20
c1352,43.037045,16.369142,147.504214762354,2019-01-21
c1352,43.037045,16.369142,148.11467712984634,2019-01-22
c1352,43.037045,16.369142,157.83368379043566,2019-01-23
c1352,43.037045,16.369142,180.80764218500724,2019-01-24
c1352,43.037045,16.369142,181.81811895503265,2019-01-25
c1352,43.037045,16.369142,164.5214083224228,2019-01-26
c1352,43.037045,16.369142,139.49257735094344,2019-01-27
c1352,43.037045,16.369142,142.50966345787745,2019-01-28
c1352,43.037045,16.369142,149.77420416304085,2019-01-29
c1352,43.037045,16.369142,148.8476949832566,2019-01-30
c1352,43.037045,16.369142,176.5313267197853,2019-01-31
c1352,43.037045,16.369142,138.1365473140506,2019-02-01
c1352,43.037045,16.369142,139.48142763246054,2019-02-02
c1352,43.037045,16.369142,149.16867618825478,2019-02-03
c1352,43.037045,16.369142,147.52016412568403,2019-02-04
c1352,43.037045,16.369142,143.4912391398473,2019-02-05
c1352,43.037045,16.369142,155.4123400892336,2019-02-06
c1352,43.037045,16.369142,135.4755906214328,2019-02-07
c1352,43.037045,16.369142,165.43686967465248,2019-02-08
c1352,43.037045,16.369142,159.9498103826298,2019-02-09
c1352,43.037045,16.369142,134.45938267852426,2019-02-10
c1352,43.037045,16.369142,184.97251160713355,2019-02-11
c1352,43.037045,16.369142,202.68921496346516,2019-02-12
c1352,43.037045,16.369142,156.85636156271622,2019-02-13
c1352,43.037045,16.369142,139.47164720563478,2019-02-14
c1352,43.037045,16.369142,156.13302911010229,2019-02-15
c1352,43.037045,16.369142,167.39321995687754,2019-02-16
c1352,43.037045,16.369142,140.09380169872605,2019-02-17
c1352,43.037045,16.369142,128.73886290303747,2019-02-18
c1352,43.037045,16.369142,126.5224707451063,2019-02-19
c1352,43.037045,16.369142,155.13526145982095,2019-02-20
c1352,43.037045,16.369142,157.30737971263665,2019-02-21
c1352,43.037045,16.369142,178.31433537577058,2019-02-22
c1352,43.037045,16.369142,204.36090732001287,2019-02-23
c1352,43.037045,16.369142,164.84297844156615,2019-02-24
c1352,43.037045,16.369142,147.41902952645384,2019-02-25
c1352,43.037045,16.369142,148.2446489559801,2019-02-26
c1352,43.037045,16.369142,146.99743511826415,2019-02-27
c1352,43.037045,16.369142,128.02787334734373,2019-02-28
c1352,43.037045,16.369142,146.1826948711715,2019-03-01
c1352,43.037045,16.369142,155.09396877709278,2019-03-02
c1352,43.037045,16.369142,155.21643090569998,2019-03-03
c1352,43.037045,16.369142,140.75034631284544,2019-03-04
c1352,43.037045,16.369142,152.97661450447256,2019-03-05
c1352,43.037045,16.369142,148.10575621871905,2019-03-06
c1352,43.037045,16.369142,140.52994939671424,2019-03-07
c1352,43.037045,16.369142,149.40504800710124,2019-03-08
c1352,43.037045,16.369142,155.94938232474283,2019-03-09
c1352,43.037045,16.369142,132.83410713832714,2019-03-10
c1352,43.037045,16.369142,161.97905115877737,2019-03-11
c1352,43.037045,16.369142,178.81535394537352,2019-03-12
c1352,43.037045,16.369142,143.26072299351762,2019-03-13
c1352,43.037045,16.369142,188.4330137549051,2019-03-14
c1352,43.037045,16.369142,170.67593150124512,2019-03-15
c1352,43.037045,16.369142,151.24977039171458,2019-03-16
c1352,43.037045,16.369142,145.9942359320719,2019-03-17
c1352,43.037045,16.369142,155.39217018732967,2019-03-18
c1352,43.037045,16.369142,154.35254179353478,2019-03-19
c1352,43.037045,16.369142,153.6372463455165,2019-03-20
c1352,43.037045,16.369142,153.31472616800428,2019-03-21
c1352,43.037045,16.369142,147.17641216215475,2019-03-22
c1352,43.037045,16.369142,146.78768953520088,2019-03-23
c1352,43.037045,16.369142,138.98948158182577,2019-03-24
c1352,43.037045,16.369142,140.97944934579434,2019-03-25
c1352,43.037045,16.369142,180.725067592705,2019-03-26
c1352,43.037045,16.369142,173.53761142721893,2019-03-27
c1352,43.037045,16.369142,166.84023097392463,2019-03-28
c1352,43.037045,16.369142,165.89248021544697,2019-03-29
c1352,43.037045,16.369142,168.09842788406038,2019-03-30
c1352,43.037045,16.369142,166.11794523151403,2019-03-31
c1352,43.037045,16.369142,152.15534905667127,2019-04-01
c1352,43.037045,16.369142,151.466252764687,2019-04-02
c1352,43.037045,16.369142,,2019-04-03
c1352,43.037045,16.369142,160.8365962136261,2019-04-04
c1352,43.037045,16.369142,158.8978394127461,2019-04-05
c1352,43.037045,16.369142,152.223610655868,2019-04-06
c1352,43.037045,16.369142,173.16742965606457,2019-04-07
c1352,43.037045,16.369142,175.4422529899329,2019-04-08
c1352,43.037045,16.369142,171.33869926070912,2019-04-09
c1352,43.037045,16.369142,161.9835379794702,2019-04-10
c1352,43.037045,16.369142,180.86087103238305,2019-04-11
c1352,43.037045,16.369142,174.842963724167,2019-04-12
c1352,43.037045,16.369142,172.5652820095997,2019-04-13
c1352,43.037045,16.369142,171.2083743325416,2019-04-14
c1352,43.037045,16.369142,167.58993901121622,2019-04-16
c1352,43.037045,16.369142,162.6996027192905,2019-04-17
c1352,43.037045,16.369142,176.57356591700557,2019-04-18
c1352,43.037045,16.369142,165.33642174705415,2019-04-19
c1352,43.037045,16.369142,154.27926052496662,2019-04-20
c1352,43.037045,16.369142,161.49364327401932,2019-04-21
c1352,43.037045,16.369142,152.4748365465499,2019-04-22
c1352,43.037045,16.369142,159.31035443473863,2019-04-23
c1352,43.037045,16.369142,145.96377438973474,2019-04-24
c1352,43.037045,16.369142,163.04089248195126,2019-04-25
c1352,43.037045,16.369142,145.11432133674828,2019-04-26
c1352,43.037045,16.369142,184.20621005557803,2019-04-27
c1352,43.037045,16.369142,161.95522868499452,2019-04-28
c1352,43.037045,16.369142,177.68835135760577,2019-04-29
c1352,43.037045,16.369142,176.69352382338147,2019-04-30
c1352,43.037045,16.369142,178.81300036613507,2019-05-01
c1352,43.037045,16.369142,169.6943470324954,2019-05-02
c1352,43.037045,16.369142,163.67005463097658,2019-05-03
c1352,43.037045,16.369142,160.12189791725248,2019-05-04
c1352,43.037045,16.369142,170.233692609421,2019-05-05
c1352,43.037045,16.369142,196.49312056439456,2019-05-06
c1352,43.037045,16.369142,169.51428050670123,2019-05-07
c1352,43.037045,16.369142,162.40093733349914,2019-05-08
c1352,43.037045,16.369142,174.87685328845868,2019-05-09
c1352,43.037045,16.369142,157.14866498628382,2019-05-10
c1352,43.037045,16.369142,153.5330642274712,2019-05-11
c1352,43.037045,16.369142,166.37571622938918,2019-05-12
c1352,43.037045,16.369142,169.91747634922427,2019-05-13
c1352,43.037045,16.369142,173.58332186153896,2019-05-14
c1352,43.037045,16.369142,168.29537121597284,2019-05-15
c1352,43.037045,16.369142,161.6286146731105,2019-05-16
c1352,43.037045,16.369142,154.68590305325512,2019-05-17
c1352,43.037045,16.369142,161.4983007737177,2019-05-18
c1352,43.037045,16.369142,157.64850410407823,2019-05-19
c1352,43.037045,16.369142,165.52713114993043,2019-05-20
c1352,43.037045,16.369142,160.79845152990023,2019-05-21
c1352,43.037045,16.369142,155.08976015213278,2019-05-22
c1352,43.037045,16.369142,158.41056134428035,2019-05-23
c1352,43.037045,16.369142,153.53289199024695,2019-05-24
c1352,43.037045,16.369142,153.02483080393296,2019-05-25
c1352,43.037045,16.369142,151.2574275386294,2019-05-26
c1352,43.037045,16.369142,165.12631271108413,2019-05-27
c1352,43.037045,16.369142,170.2887740509166,2019-05-28
c1352,43.037045,16.369142,176.96778291272545,2019-05-29
c1352,43.037045,16.369142,162.56643840361758,2019-05-30
c1352,43.037045,16.369142,162.3884575081438,2019-05-31
c1352,43.037045,16.369142,159.1288754489828,2019-06-01
c1352,43.037045,16.369142,162.2125128228213,2019-06-02
c1352,43.037045,16.369142,156.62646203045557,2019-06-03
c1352,43.037045,16.369142,155.03889103178858,2019-06-04
c1352,43.037045,16.369142,152.1793726870862,2019-06-05
c1352,43.037045,16.369142,150.6085524394637,2019-06-06
c1352,43.037045,16.369142,146.14886922776765,2019-06-07
c1352,43.037045,16.369142,144.79664386106728,2019-06-08
c1352,43.037045,16.369142,142.6170259245577,2019-06-09
c1352,43.037045,16.369142,143.42087905388394,2019-06-10
c1352,43.037045,16.369142,143.9135640659064,2019-06-11
c1352,43.037045,16.369142,147.0289530697877,2019-06-12
c1352,43.037045,16.369142,144.64724619313748,2019-06-13
c1352,43.037045,16.369142,136.53870582295,2019-06-14
c1352,43.037045,16.369142,137.2234002571391,2019-06-15
c1352,43.037045,16.369142,150.64271274183207,2019-06-16
c1352,43.037045,16.369142,147.85780772422328,2019-06-17
c1352,43.037045,16.369142,146.30436672270554,2019-06-18
c1352,43.037045,16.369142,137.20834913222978,2019-06-19
c1352,43.037045,16.369142,142.97537016515693,2019-06-20
c1352,43.037045,16.369142,149.59080442196128,2019-06-21
c1352,43.037045,16.369142,152.22124743036244,2019-06-22
c1352,43.037045,16.369142,160.31437371338671,2019-06-23
c1352,43.037045,16.369142,157.33260315107907,2019-06-24
c1352,43.037045,16.369142,152.6513149796359,2019-06-25
c1352,43.037045,16.369142,151.47869016580583,2019-06-26
c1352,43.037045,16.369142,144.60454435759178,2019-06-27
c1352,43.037045,16.369142,143.912987944156,2019-06-28
c1352,43.037045,16.369142,146.74196736454752,2019-06-29
c1352,43.037045,16.369142,145.35914918690298,2019-06-30
c1352,43.037045,16.369142,140.97308976450148,2019-07-01
c1352,43.037045,16.369142,139.31023942225704,2019-07-02
c1352,43.037045,16.369142,141.1827740476534,2019-07-03
c1352,43.037045,16.369142,142.24935943436603,2019-07-04
c1352,43.037045,16.369142,146.31217471596912,2019-07-05
c1352,43.037045,16.369142,139.72924565084415,2019-07-06
c1352,43.037045,16.369142,137.78621412200678,2019-07-07
c1352,43.037045,16.369142,141.0660750768807,2019-07-08
c1352,43.037045,16.369142,142.4491203047507,2019-07-09
c1352,43.037045,16.369142,154.00448154971272,2019-07-10
c1352,43.037045,16.369142,150.77401476807336,2019-07-11
c1352,43.037045,16.369142,152.18344820757554,2019-07-12
c1352,43.037045,16.369142,152.81221859870985,2019-07-13
c1352,43.037045,16.369142,154.69770368388035,2019-07-14
c1352,43.037045,16.369142,,2019-07-15
c1352,43.037045,16.369142,162.30696754562504,2019-07-16
c1352,43.037045,16.369142,152.87968764136684,2019-07-17
c1352,43.037045,16.369142,154.45406338716867,2019-07-18
c1352,43.037045,16.369142,152.64982580617175,2019-07-19
c1352,43.037045,16.369142,145.71388290151063,2019-07-20
c1352,43.037045,16.369142,144.35679399104507,2019-07-21
c1352,43.037045,16.369142,149.8731061973217,2019-07-22
c1352,43.037045,16.369142,138.2901812257354,2019-07-23
c1352,43.037045,16.369142,136.0350893780969,2019-07-24
c1352,43.037045,16.369142,137.0264608427273,2019-07-25
c1352,43.037045,16.369142,141.2649550299877,2019-07-26
c1352,43.037045,16.369142,139.12967280567722,2019-07-27
c1352,43.037045,16.369142,161.5845252895115,2019-07-28
c1352,43.037045,16.369142,153.85373055842712,2019-07-29
c1352,43.037045,16.369142,141.50720713286083,2019-07-30
c1352,43.037045,16.369142,138.3498128645302,2019-07-31
c1352,43.037045,16.369142,137.87609390455324,2019-08-01
c1352,43.037045,16.369142,134.43005246630628,2019-08-02
c1352,43.037045,16.369142,142.7500001689599,2019-08-03
c1352,43.037045,16.369142,146.7783943066051,2019-08-04
c1352,43.037045,16.369142,148.48697785544414,2019-08-05
c1352,43.037045,16.369142,143.92534275412865,2019-08-06
c1352,43.037045,16.369142,143.86558615481243,2019-08-07
c1352,43.037045,16.369142,139.35597475954376,2019-08-08
c1352,43.037045,16.369142,139.66748099196084,2019-08-09
c1352,43.037045,16.369142,134.3381010218342,2019-08-10
c1352,43.037045,16.369142,130.21810446461114,2019-08-11
c1352,43.037045,16.369142,128.86320769150504,2019-08-12
c1352,43.037045,16.369142,127.89299840125284,2019-08-13
c1352,43.037045,16.369142,143.52732981613798,2019-08-14
c1352,43.037045,16.369142,140.2377982211609,2019-08-15
c1352,43.037045,16.369142,143.06384729576487,2019-08-16
c1352,43.037045,16.369142,135.37448566395213,2019-08-17
c1352,43.037045,16.369142,128.8515486619618,2019-08-18
c1352,43.037045,16.369142,132.3286381823206,2019-08-19
c1352,43.037045,16.369142,129.3596127402751,2019-08-20
c1352,43.037045,16.369142,129.81953880952796,2019-08-21
c1352,43.037045,16.369142,,2019-08-22
c1352,43.037045,16.369142,130.58945305083813,2019-08-23
c1352,43.037045,16.369142,140.27846797986408,2019-08-24
c1352,43.037045,16.369142,141.09584244136454,2019-08-25
c1352,43.037045,16.369142,137.44454584264582,2019-08-26
c1352,43.037045,16.369142,138.1781119112375,2019-08-27
c1352,43.037045,16.369142,130.13375025336384,2019-08-28
c1352,43.037045,16.369142,133.67891119106545,2019-08-29
c1352,43.037045,16.369142,132.98185722822095,2019-08-30
c1352,43.037045,16.369142,133.13410799599163,2019-08-31
c1352,43.037045,16.369142,132.47767152182558,2019-09-01
c1352,43.037045,16.369142,134.054699568939,2019-09-02
c1352,43.037045,16.369142,130.736788624207,2019-09-03
c1352,43.037045,16.369142,130.2502899759976,2019-09-04
c1352,43.037045,16.369142,131.86787487776544,2019-09-05
c1352,43.037045,16.369142,137.52965955496248,2019-09-06
c1352,43.037045,16.369142,148.0946819453563,2019-09-07
c1352,43.037045,16.369142,139.8370713696339,2019-09-08
c1352,43.037045,16.369142,139.62548230593418,2019-09-09
c1352,43.037045,16.369142,135.64068924553317,2019-09-10
c1352,43.037045,16.369142,136.63467329730972,2019-09-11
c1352,43.037045,16.369142,146.9917508853381,2019-09-12
c1352,43.037045,16.369142,124.04775184620368,2019-09-13
c1352,43.037045,16.369142,124.76163787023712,2019-09-14
c1352,43.037045,16.369142,126.38019833152634,2019-09-15
c1352,43.037045,16.369142,131.9220330732731,2019-09-16
c1352,43.037045,16.369142,128.79573110343796,2019-09-17
c1352,43.037045,16.369142,134.63696407515894,2019-09-18
c1352,43.037045,16.369142,136.67868700331732,2019-09-19
c1352,43.037045,16.369142,136.48323207538402,2019-09-20
c1352,43.037045,16.369142,136.8588694304089,2019-09-21
c1352,43.037045,16.369142,133.42089024748117,2019-09-22
c1352,43.037045,16.369142,137.6484865442586,2019-09-23
c1352,43.037045,16.369142,132.22933289513836,2019-09-24
c1352,43.037045,16.369142,126.6794660417395,2019-09-25
c1352,43.037045,16.369142,129.17638669673417,2019-09-26
c1352,43.037045,16.369142,122.1081356462259,2019-09-27
c1352,43.037045,16.369142,125.30778160331764,2019-09-28
c1352,43.037045,16.369142,125.40521416742992,2019-09-29
c1352,43.037045,16.369142,123.71305074787104,2019-09-30
c1352,43.037045,16.369142,120.53076162053638,2019-10-01
c1352,43.037045,16.369142,125.20337460671904,2019-10-02
c1352,43.037045,16.369142,135.1030736875227,2019-10-03
c1352,43.037045,16.369142,131.185026249776,2019-10-04
c1352,43.037045,16.369142,131.63755728656062,2019-10-05
c1352,43.037045,16.369142,123.6845123635444,2019-10-06
c1352,43.037045,16.369142,132.4761376175251,2019-10-07
c1352,43.037045,16.369142,120.44484837456817,2019-10-08
c1352,43.037045,16.369142,119.27930090853164,2019-10-09
c1352,43.037045,16.369142,124.31910344407277,2019-10-10
c1352,43.037045,16.369142,119.13396440968526,2019-10-11
c1352,43.037045,16.369142,121.67872683242024,2019-10-12
c1352,43.037045,16.369142,120.28733242195976,2019-10-13
c1352,43.037045,16.369142,121.44663582949416,2019-10-14
c1352,43.037045,16.369142,121.19945380229296,2019-10-15
c1352,43.037045,16.369142,124.10183759028976,2019-10-16
c1352,43.037045,16.369142,122.61331422019256,2019-10-17
c1352,43.037045,16.369142,128.39522144424453,2019-10-18
c1352,43.037045,16.369142,125.6719972031297,2019-10-19
c1352,43.037045,16.369142,124.19908027292082,2019-10-20
c1352,43.037045,16.369142,121.3156555595869,2019-10-21
c1352,43.037045,16.369142,123.72217286463828,2019-10-22
c1352,43.037045,16.369142,125.83054079362624,2019-10-23
c1352,43.037045,16.369142,129.00926136396697,2019-10-24
c1352,43.037045,16.369142,133.2922220021781,2019-10-25
c1352,43.037045,16.369142,134.2044460268457,2019-10-26
c1352,43.037045,16.369142,133.39584950172926,2019-10-27
c1352,43.037045,16.369142,119.25976709165904,2019-10-28
c1352,43.037045,16.369142,116.35347981344836,2019-10-29
c1352,43.037045,16.369142,125.95247927744715,2019-10-30
c1352,43.037045,16.369142,134.67500775899904,2019-10-31
c1352,43.037045,16.369142,132.2667712562462,2019-11-01
c1352,43.037045,16.369142,123.58101024334694,2019-11-02
c1352,43.037045,16.369142,135.27699496098023,2019-11-03
c1352,43.037045,16.369142,135.9798985770807,2019-11-04
c1352,43.037045,16.369142,132.35893294615985,2019-11-05
c1352,43.037045,16.369142,134.735572561405,2019-11-06
c1352,43.037045,16.369142,135.95344114150907,2019-11-07
c1352,43.037045,16.369142,127.33759528065366,2019-11-08
c1352,43.037045,16.369142,131.33508422802504,2019-11-09
c1352,43.037045,16.369142,139.4716063143674,2019-11-10
c1352,43.037045,16.369142,135.94243101552186,2019-11-11
c1352,43.037045,16.369142,141.596890158475,2019-11-13
c1352,43.037045,16.369142,139.1779310361748,2019-11-14
c1352,43.037045,16.369142,134.28461905982317,2019-11-15
c1352,43.037045,16.369142,125.6590781265364,2019-11-16
c1352,43.037045,16.369142,139.65261806849614,2019-11-17
c1352,43.037045,16.369142,139.31848564389304,2019-11-18
c1352,43.037045,16.369142,149.8312399192758,2019-11-19
c1352,43.037045,16.369142,149.33252487865863,2019-11-20
c1352,43.037045,16.369142,142.21117720766745,2019-11-21
c1352,43.037045,16.369142,144.29193455046794,2019-11-22
c1352,43.037045,16.369142,146.8522014094881,2019-11-23
c1352,43.037045,16.369142,146.45399915247947,2019-11-24
c1352,43.037045,16.369142,134.65131004471976,2019-11-25
c1352,43.037045,16.369142,132.2277258292484,2019-11-26
c1352,43.037045,16.369142,117.65475438273144,2019-11-27
c1352,43.037045,16.369142,117.10078508212172,2019-11-28
c1352,43.037045,16.369142,121.2625350142036,2019-11-29
c1352,43.037045,16.369142,128.71880545242345,2019-11-30
c1352,43.037045,16.369142,117.75030619043488,2019-12-01
c1352,43.037045,16.369142,117.27886120397316,2019-12-02
c1352,43.037045,16.369142,130.27203695369693,2019-12-03
c1352,43.037045,16.369142,124.7835287212438,2019-12-04
c1352,43.037045,16.369142,131.88240944089478,2019-12-05
c1352,43.037045,16.369142,136.65150385156443,2019-12-06
c1352,43.037045,16.369142,139.20183757531194,2019-12-07
c1352,43.037045,16.369142,124.8226281989978,2019-12-08
c1352,43.037045,16.369142,122.2365047518741,2019-12-09
c1352,43.037045,16.369142,134.53754099087314,2019-12-10
c1352,43.037045,16.369142,145.09173000721316,2019-12-11
c1352,43.037045,16.369142,146.4500635150461,2019-12-12
c1352,43.037045,16.369142,154.69641490464844,2019-12-13
c1352,43.037045,16.369142,136.19932582460706,2019-12-14
c1352,43.037045,16.369142,137.21685607195766,2019-12-15
c1352,43.037045,16.369142,139.20291607600473,2019-12-16
c1352,43.037045,16.369142,129.89490613134208,2019-12-17
c1352,43.037045,16.369142,131.8031514715039,2019-12-18
c1352,43.037045,16.369142,141.3919411789861,2019-12-19
c1352,43.037045,16.369142,136.5933576656043,2019-12-20
c1352,43.037045,16.369142,145.86823241538866,2019-12-21
c1352,43.037045,16.369142,147.31166877085025,2019-12-22
c1352,43.037045,16.369142,166.85699825762504,2019-12-23
c1352,43.037045,16.369142,157.6403687565047,2019-12-24
c1352,43.037045,16.369142,144.72540910006154,2019-12-25
c1352,43.037045,16.369142,141.80865441290678,2019-12-26
c1352,43.037045,16.369142,163.33182498438504,2019-12-27
c1352,43.037045,16.369142,190.57302594601995,2019-12-28
c1352,43.037045,16.369142,171.3016747111279,2019-12-29
c1352,43.037045,16.369142,160.85362011432076,2019-12-30
c1352,43.037045,16.369142,144.23255149086472,2019-12-31
c1352,43.037045,16.369142,149.5411727730738,2020-01-01
c1352,43.037045,16.369142,154.98448189946322,2020-01-02
c1352,43.037045,16.369142,159.1337632442074,2020-01-03
c1352,43.037045,16.369142,164.6769947542876,2020-01-04
c1352,43.037045,16.369142,164.08137855184205,2020-01-05
c1352,43.037045,16.369142,157.76174791159028,2020-01-06
c1352,43.037045,16.369142,161.4328657940501,2020-01-07
c1352,43.037045,16.369142,169.9190322437248,2020-01-08
c1352,43.037045,16.369142,147.2959445393037,2020-01-09
c1352,43.037045,16.369142,150.84231008432903,2020-01-10
c1352,43.037045,16.369142,154.2498639596156,2020-01-11
c1352,43.037045,16.369142,155.78395369018253,2020-01-12
c1352,43.037045,16.369142,146.11191767389116,2020-01-13
c1352,43.037045,16.369142,152.71817231764587,2020-01-14
c1352,43.037045,16.369142,147.34762040980937,2020-01-15
c1352,43.037045,16.369142,139.46720433168028,2020-01-16
c1352,43.037045,16.369142,148.29232152820094,2020-01-17
c1352,43.037045,16.369142,157.4081932565658,2020-01-18
c1352,43.037045,16.369142,176.64299774427613,2020-01-19
c1352,43.037045,16.369142,167.92214016295176,2020-01-20
c1352,43.037045,16.369142,161.18668076905635,2020-01-21
c1352,43.037045,16.369142,162.20518113044545,2020-01-22
c1352,43.037045,16.369142,168.3698186225932,2020-01-23
c1352,43.037045,16.369142,146.8807143668002,2020-01-24
c1352,43.037045,16.369142,139.0541129582474,2020-01-25
c1352,43.037045,16.369142,138.16356297230612,2020-01-26
c1352,43.037045,16.369142,147.09869823791556,2020-01-27
c1352,43.037045,16.369142,156.1304952404339,2020-01-28
c1352,43.037045,16.369142,175.6668159113261,2020-01-29
c1352,43.037045,16.369142,143.74319538812335,2020-01-30
c1352,43.037045,16.369142,137.38875930877697,2020-01-31
c1352,43.037045,16.369142,132.03515066849323,2020-02-01
c1352,43.037045,16.369142,146.84869390361433,2020-02-02
c1352,43.037045,16.369142,146.0230803570766,2020-02-03
c1352,43.037045,16.369142,152.7592572696173,2020-02-04
c1352,43.037045,16.369142,183.43995582801105,2020-02-05
c1352,43.037045,16.369142,168.54786046668062,2020-02-06
c1352,43.037045,16.369142,162.23449475119224,2020-02-07
c1352,43.037045,16.369142,150.28788123238974,2020-02-08
c1352,43.037045,16.369142,146.86932421412592,2020-02-09
c1352,43.037045,16.369142,123.67959993173032,2020-02-10
c1352,43.037045,16.369142,122.22437214748436,2020-02-11
c1352,43.037045,16.369142,141.15276800609212,2020-02-12
c1352,43.037045,16.369142,146.01267109116694,2020-02-13
c1352,43.037045,16.369142,183.8790495949947,2020-02-14
c1352,43.037045,16.369142,141.4751731058575,2020-02-15
c1352,43.037045,16.369142,137.84760518871337,2020-02-16
c1352,43.037045,16.369142,134.22103997041046,2020-02-17
c1352,43.037045,16.369142,147.5673831602409,2020-02-18
c1352,43.037045,16.369142,152.12415002302487,2020-02-19
c1352,43.037045,16.369142,151.29416080418468,2020-02-20
c1352,43.037045,16.369142,152.31882846324118,2020-02-21
c1352,43.037045,16.369142,148.67328584516167,2020-02-22
c1352,43.037045,16.369142,141.73770955443814,2020-02-23
c1352,43.037045,16.369142,143.13499956234844,2020-02-24
c1352,43.037045,16.369142,151.41849306875983,2020-02-25
c1352,43.037045,16.369142,157.16152291768958,2020-02-26
c1352,43.037045,16.369142,166.66454599051164,2020-02-27
c1352,43.037045,16.369142,160.4834399298026,2020-02-28
c1352,43.037045,16.369142,134.31817506280402,2020-02-29
c1352,43.037045,16.369142,157.65284619288474,2020-03-01
c1352,43.037045,16.369142,155.7431854083773,2020-03-02
c1352,43.037045,16.369142,172.8652228752532,2020-03-03
c1352,43.037045,16.369142,182.67111918212524,2020-03-04
c1352,43.037045,16.369142,158.07915769787195,2020-03-05
c1352,43.037045,16.369142,148.76563320725265,2020-03-06
c1352,43.037045,16.369142,167.70208646531418,2020-03-07
c1352,43.037045,16.369142,175.33161636255937,2020-03-08
c1352,43.037045,16.369142,166.10046132830675,2020-03-09
c1352,43.037045,16.369142,172.04472117642325,2020-03-10
c1352,43.037045,16.369142,147.86024642368164,2020-03-11
c1352,43.037045,16.369142,136.67257472053345,2020-03-12
c1352,43.037045,16.369142,142.22547239254249,2020-03-13
c1352,43.037045,16.369142,141.88569739668966,2020-03-14
c1352,43.037045,16.369142,159.51649322748816,2020-03-15
c1352,43.037045,16.369142,153.3194617619498,2020-03-16
c1352,43.037045,16.369142,155.6123182060117,2020-03-17
c1352,43.037045,16.369142,171.07071277180577,2020-03-18
c1352,43.037045,16.369142,158.64562121716205,2020-03-19
c1352,43.037045,16.369142,160.24570411349504,2020-03-20
c1352,43.037045,16.369142,153.10776451678908,2020-03-21
c1352,43.037045,16.369142,153.4547951124189,2020-03-22
c1352,43.037045,16.369142,170.87042966952535,2020-03-23
c1352,43.037045,16.369142,199.90547476202877,2020-03-24
c1352,43.037045,16.369142,173.00130092479776,2020-03-25
c1352,43.037045,16.369142,177.4459042346555,2020-03-26
c1352,43.037045,16.369142,174.43120201754311,2020-03-27
c1352,43.037045,16.369142,190.9233435308961,2020-03-28
c1352,43.037045,16.369142,180.745625886555,2020-03-29
c1352,43.037045,16.369142,173.07852911665333,2020-03-30
c1352,43.037045,16.369142,176.27233195400063,2020-03-31
c1352,43.037045,16.369142,194.45056402986364,2020-04-01
c1352,43.037045,16.369142,178.69911002493564,2020-04-02
c1352,43.037045,16.369142,182.7897299270516,2020-04-03
c1352,43.037045,16.369142,176.2379599498143,2020-04-04
c1352,43.037045,16.369142,170.19179657965992,2020-04-05
c1352,43.037045,16.369142,159.4879064749809,2020-04-06
c1352,43.037045,16.369142,139.0658777480336,2020-04-07
c1352,43.037045,16.369142,143.06286377982508,2020-04-08
c1352,43.037045,16.369142,161.29047056063345,2020-04-09
c1352,43.037045,16.369142,148.02859501580758,2020-04-10
c1352,43.037045,16.369142,137.84497871767462,2020-04-11
c1352,43.037045,16.369142,139.68927450782175,2020-04-12
c1352,43.037045,16.369142,153.9296605539785,2020-04-13
c1352,43.037045,16.369142,164.64496676147652,2020-04-14
c1352,43.037045,16.369142,155.71346342205567,2020-04-15
c1352,43.037045,16.369142,149.8147269102241,2020-04-16
c1352,43.037045,16.369142,154.8244700934175,2020-04-17
c1352,43.037045,16.369142,150.43296796022966,2020-04-18
c1352,43.037045,16.369142,145.8814972476628,2020-04-19
c1352,43.037045,16.369142,142.10506992158665,2020-04-20
c1352,43.037045,16.369142,150.640761413692,2020-04-21
c1352,43.037045,16.369142,152.24526865796668,2020-04-22
c1352,43.037045,16.369142,156.8991833037116,2020-04-23
c1352,43.037045,16.369142,139.47734303647312,2020-04-24
c1352,43.037045,16.369142,144.0342055578834,2020-04-25
c1352,43.037045,16.369142,154.103022143307,2020-04-26
c1352,43.037045,16.369142,155.40582169849392,2020-04-27
c1352,43.037045,16.369142,152.2614839520849,2020-04-28
c1352,43.037045,16.369142,155.55436335796702,2020-04-29
c1352,43.037045,16.369142,156.06057882240404,2020-04-30
c1352,43.037045,16.369142,168.44095879363908,2020-05-01
c1352,43.037045,16.369142,168.3110117843856,2020-05-02
c1352,43.037045,16.369142,169.21933460521345,2020-05-03
c1352,43.037045,16.369142,152.9030431888033,2020-05-04
c1352,43.037045,16.369142,147.08544887662316,2020-05-05
c1352,43.037045,16.369142,159.12595409516302,2020-05-06
c1352,43.037045,16.369142,163.8520213979724,2020-05-07
c1352,43.037045,16.369142,148.46496371069327,2020-05-08
c1352,43.037045,16.369142,146.8783704426823,2020-05-09
c1352,43.037045,16.369142,146.13999636915148,2020-05-10
c1352,43.037045,16.369142,146.67871407027275,2020-05-11
c1352,43.037045,16.369142,150.54365926301463,2020-05-12
c1352,43.037045,16.369142,140.2621456436855,2020-05-13
c1352,43.037045,16.369142,139.36648380518278,2020-05-14
c1352,43.037045,16.369142,138.67155947568227,2020-05-15
c1352,43.037045,16.369142,137.54182133203642,2020-05-16
c1352,43.037045,16.369142,140.61892730318428,2020-05-17
c1352,43.037045,16.369142,142.6925954190277,2020-05-18
c1352,43.037045,16.369142,145.28731200492825,2020-05-19
c1352,43.037045,16.369142,156.75361741167868,2020-05-20
c1352,43.037045,16.369142,145.18587768609677,2020-05-21
c1352,43.037045,16.369142,150.4058359629807,2020-05-22
c1352,43.037045,16.369142,136.65948866364954,2020-05-23
c1352,43.037045,16.369142,150.89997809278046,2020-05-24
c1352,43.037045,16.369142,166.81648712452684,2020-05-25
c1352,43.037045,16.369142,175.8110326292645,2020-05-26
c1352,43.037045,16.369142,168.69189554601036,2020-05-27
c1352,43.037045,16.369142,156.42723451083754,2020-05-28
c1352,43.037045,16.369142,156.32220666065402,2020-05-29
c1352,43.037045,16.369142,160.6925523615233,2020-05-30
c1352,43.037045,16.369142,164.32045517071498,2020-05-31
c1352,43.037045,16.369142,159.44446536889578,2020-06-01
c1352,43.037045,16.369142,148.16113266164493,2020-06-02
c1352,43.037045,16.369142,151.91882089754736,2020-06-03
c1352,43.037045,16.369142,153.28806371091454,2020-06-04
c1352,43.037045,16.369142,155.8104518005136,2020-06-05
c1352,43.037045,16.369142,149.11666206689398,2020-06-06
c1352,43.037045,16.369142,146.147279021649,2020-06-07
c1352,43.037045,16.369142,152.1112505891127,2020-06-08
c1352,43.037045,16.369142,152.7462954546222,2020-06-09
c1352,43.037045,16.369142,160.27842895116336,2020-06-10
c1352,43.037045,16.369142,166.60019153264,2020-06-11
c1352,43.037045,16.369142,142.5276021445921,2020-06-13
c1352,43.037045,16.369142,157.26080476860702,2020-06-14
c1352,43.037045,16.369142,162.54391909255486,2020-06-15
c1352,43.037045,16.369142,154.47351677033123,2020-06-16
c1352,43.037045,16.369142,153.80731814407864,2020-06-17
c1352,43.037045,16.369142,146.46096113275377,2020-06-18
c1352,43.037045,16.369142,147.04354906786017,2020-06-19
c1352,43.037045,16.369142,151.58050782061255,2020-06-20
c1352,43.037045,16.369142,153.53676273164143,2020-06-21
c1352,43.037045,16.369142,141.32414970610563,2020-06-22
c1352,43.037045,16.369142,141.8263415731974,2020-06-23
c1352,43.037045,16.369142,141.37828969097137,2020-06-24
c1352,43.037045,16.369142,144.70258343294228,2020-06-25
c1352,43.037045,16.369142,137.13076199036357,2020-06-26
c1352,43.037045,16.369142,133.78652194147972,2020-06-27
c1352,43.037045,16.369142,138.2779105589825,2020-06-28
c1352,43.037045,16.369142,131.73626948372896,2020-06-29
c1352,43.037045,16.369142,127.73258533734126,2020-06-30
c1352,43.037045,16.369142,131.64712048849157,2020-07-01
c1352,43.037045,16.369142,136.172142296665,2020-07-02
c1352,43.037045,16.369142,133.01321707467662,2020-07-03
c1352,43.037045,16.369142,,2020-07-04
c1352,43.037045,16.369142,146.47768088979058,2020-07-05
c1352,43.037045,16.369142,137.7958657102105,2020-07-06
c1352,43.037045,16.369142,140.2154439045268,2020-07-07
c1352,43.037045,16.369142,133.80119612543777,2020-07-08
c1352,43.037045,16.369142,135.99840511952874,2020-07-09
c1352,43.037045,16.369142,136.32117781748414,2020-07-10
c1352,43.037045,16.369142,135.02457908428852,2020-07-11
c1352,43.037045,16.369142,134.74533694126762,2020-07-12
c1352,43.037045,16.369142,136.6229287252255,2020-07-13
c1352,43.037045,16.369142,141.4563920861817,2020-07-14
c1352,43.037045,16.369142,,2020-07-15
c1352,43.037045,16.369142,143.9357579410004,2020-07-16
c1352,43.037045,16.369142,148.69345527695913,2020-07-17
c1352,43.037045,16.369142,161.30999062477838,2020-07-18
c1352,43.037045,16.369142,152.67662593614617,2020-07-19
c1352,43.037045,16.369142,142.45512888263994,2020-07-20
c1352,43.037045,16.369142,129.4711828337736,2020-07-21
c1352,43.037045,16.369142,135.47821706867407,2020-07-22
c1352,43.037045,16.369142,132.58138246300643,2020-07-23
c1352,43.037045,16.369142,134.51429238316675,2020-07-24
c1352,43.037045,16.369142,148.17134296253528,2020-07-25
c1352,43.037045,16.369142,139.44043668785494,2020-07-26
c1352,43.037045,16.369142,138.50202871950134,2020-07-27
c1352,43.037045,16.369142,136.3019613743403,2020-07-28
c1352,43.037045,16.369142,132.89784403582124,2020-07-29
c1352,43.037045,16.369142,133.58003122879734,2020-07-30
c1352,43.037045,16.369142,134.15761055155951,2020-07-31
c1352,43.037045,16.369142,132.9373735633812,2020-08-02
c1352,43.037045,16.369142,134.09016140716503,2020-08-03
c1352,43.037045,16.369142,143.3331745910467,2020-08-04
c1352,43.037045,16.369142,153.73230305798182,2020-08-05
c1352,43.037045,16.369142,147.0998776956576,2020-08-06
c1352,43.037045,16.369142,148.61707945225987,2020-08-07
c1352,43.037045,16.369142,144.45582508276735,2020-08-08
c1352,43.037045,16.369142,138.04615823298184,2020-08-09
c1352,43.037045,16.369142,134.391807621995,2020-08-10
c1352,43.037045,16.369142,134.3969846925628,2020-08-11
c1352,43.037045,16.369142,135.90645672652022,2020-08-12
c1352,43.037045,16.369142,132.49907620338405,2020-08-13
c1352,43.037045,16.369142,134.59803872103834,2020-08-14
c1352,43.037045,16.369142,139.91897493137228,2020-08-15
c1352,43.037045,16.369142,137.10906132292448,2020-08-16
c1352,43.037045,16.369142,138.92785101649167,2020-08-17
c1352,43.037045,16.369142,146.01975977756967,2020-08-18
c1352,43.037045,16.369142,144.81422908168227,2020-08-19
c1352,43.037045,16.369142,133.78575906495877,2020-08-20
c1352,43.037045,16.369142,131.20656165839003,2020-08-21
c1352,43.037045,16.369142,129.58398600720187,2020-08-22
c1352,43.037045,16.369142,130.07527888154064,2020-08-23
c1352,43.037045,16.369142,132.17448394980883,2020-08-24
c1352,43.037045,16.369142,133.45010509995134,2020-08-25
c1352,43.037045,16.369142,130.4644098919744,2020-08-26
c1352,43.037045,16.369142,130.03511400107567,2020-08-27
c1352,43.037045,16.369142,132.84256099619563,2020-08-28
c1352,43.037045,16.369142,133.12132922209648,2020-08-29
c1352,43.037045,16.369142,129.83024911341013,2020-08-30
c1352,43.037045,16.369142,130.39580686374336,2020-08-31
c1352,43.037045,16.369142,139.7047212629567,2020-09-01
c1352,43.037045,16.369142,137.1639754421389,2020-09-02
c1352,43.037045,16.369142,141.5817450774194,2020-09-03
c1352,43.037045,16.369142,130.5869247155796,2020-09-04
c1352,43.037045,16.369142,127.36976152865398,2020-09-05
c1352,43.037045,16.369142,126.02533509071992,2020-09-06
c1352,43.037045,16.369142,124.57091372615928,2020-09-07
c1352,43.037045,16.369142,125.9184659310664,2020-09-08
c1352,43.037045,16.369142,123.517301796228,2020-09-09
c1352,43.037045,16.369142,122.85727849153524,2020-09-10
c1352,43.037045,16.369142,128.22870903169073,2020-09-11
c1352,43.037045,16.369142,130.47440645344489,2020-09-12
c1352,43.037045,16.369142,129.39694184063785,2020-09-13
c1352,43.037045,16.369142,128.20542956178878,2020-09-15
c1352,43.037045,16.369142,120.44686605966108,2020-09-16
c1352,43.037045,16.369142,118.71489075307572,2020-09-17
c1352,43.037045,16.369142,124.4979386887743,2020-09-18
c1352,43.037045,16.369142,127.04539518716932,2020-09-19
c1352,43.037045,16.369142,123.14487317956548,2020-09-20
c1352,43.037045,16.369142,126.22296608639178,2020-09-21
c1352,43.037045,16.369142,132.2829668430949,2020-09-22
c1352,43.037045,16.369142,132.9316298733128,2020-09-23
c1352,43.037045,16.369142,124.84561861728156,2020-09-24
c1352,43.037045,16.369142,125.33945659852446,2020-09-25
c1352,43.037045,16.369142,151.35354640755676,2020-09-26
c1352,43.037045,16.369142,135.1165624905377,2020-09-27
c1352,43.037045,16.369142,146.13131356201544,2020-09-28
c1352,43.037045,16.369142,132.38169108561124,2020-09-29
c1352,43.037045,16.369142,125.36589181510456,2020-09-30
c1352,43.037045,16.369142,126.72429092055984,2020-10-01
c1352,43.037045,16.369142,127.29961476779714,2020-10-02
c1352,43.037045,16.369142,126.21938911806076,2020-10-03
c1352,43.037045,16.369142,133.40312700640908,2020-10-04
c1352,43.037045,16.369142,134.9770883981908,2020-10-05
c1352,43.037045,16.369142,131.49008404686575,2020-10-06
c1352,43.037045,16.369142,139.06280310924248,2020-10-07
c1352,43.037045,16.369142,125.82621398550562,2020-10-08
c1352,43.037045,16.369142,119.6637548547811,2020-10-09
c1352,43.037045,16.369142,116.01587082207526,2020-10-10
c1352,43.037045,16.369142,119.51424933657576,2020-10-11
c1352,43.037045,16.369142,129.1755023654975,2020-10-12
c1352,43.037045,16.369142,131.20281243575317,2020-10-13
c1352,43.037045,16.369142,133.00639172851407,2020-10-14
c1352,43.037045,16.369142,140.18318021248945,2020-10-15
c1352,43.037045,16.369142,133.7537427879422,2020-10-16
c1352,43.037045,16.369142,133.1892329093684,2020-10-17
c1352,43.037045,16.369142,130.55711704336977,2020-10-18
c1352,43.037045,16.369142,129.6839502893293,2020-10-19
c1352,43.037045,16.369142,128.05519726947915,2020-10-20
c1352,43.037045,16.369142,123.52676563160252,2020-10-21
c1352,43.037045,16.369142,117.74400690316588,2020-10-22
c1352,43.037045,16.369142,113.38521917678491,2020-10-23
c1352,43.037045,16.369142,117.54468064756873,2020-10-24
c1352,43.037045,16.369142,124.90265299621822,2020-10-25
c1352,43.037045,16.369142,122.86883704697944,2020-10-26
c1352,43.037045,16.369142,136.30563113012195,2020-10-27
c1352,43.037045,16.369142,140.21087008719348,2020-10-28
c1352,43.037045,16.369142,129.73807346339842,2020-10-29
c1352,43.037045,16.369142,137.16533404703733,2020-10-30
c1352,43.037045,16.369142,122.03341516596458,2020-10-31
c1352,43.037045,16.369142,129.72566934044374,2020-11-01
c1352,43.037045,16.369142,124.4133086714866,2020-11-02
c1352,43.037045,16.369142,121.12488754102682,2020-11-03
c1352,43.037045,16.369142,123.89747258778652,2020-11-04
c1352,43.037045,16.369142,123.32706026959032,2020-11-05
c1352,43.037045,16.369142,123.2007588269801,2020-11-06
c1352,43.037045,16.369142,120.10310274826108,2020-11-07
c1352,43.037045,16.369142,118.80906886190824,2020-11-08
c1352,43.037045,16.369142,124.29205168146262,2020-11-09
c1352,43.037045,16.369142,125.2763285657362,2020-11-10
c1352,43.037045,16.369142,126.36722533226856,2020-11-11
c1352,43.037045,16.369142,128.68099531280046,2020-11-12
c1352,43.037045,16.369142,135.104922473728,2020-11-13
c1352,43.037045,16.369142,133.00561913814008,2020-11-14
c1352,43.037045,16.369142,131.54495398673464,2020-11-15
c1352,43.037045,16.369142,127.90350156686414,2020-11-16
c1352,43.037045,16.369142,129.14875475527478,2020-11-17
c1352,43.037045,16.369142,113.1643485240422,2020-11-18
c1352,43.037045,16.369142,105.07034844506768,2020-11-19
c1352,43.037045,16.369142,126.21953608479346,2020-11-20
c1352,43.037045,16.369142,134.4372195095619,2020-11-21
c1352,43.037045,16.369142,131.68349360876883,2020-11-22
c1352,43.037045,16.369142,129.25367975438058,2020-11-23
c1352,43.037045,16.369142,140.63082978073012,2020-11-24
c1352,43.037045,16.369142,133.77619045327864,2020-11-25
c1352,43.037045,16.369142,127.97157025254668,2020-11-26
c1352,43.037045,16.369142,124.63825989782656,2020-11-27
c1352,43.037045,16.369142,132.5235798277812,2020-11-28
c1352,43.037045,16.369142,132.5922951463547,2020-11-29
c1352,43.037045,16.369142,130.9898561367777,2020-11-30
c1352,43.037045,16.369142,134.48869169917137,2020-12-01
c1352,43.037045,16.369142,135.37344008855288,2020-12-02
c1352,43.037045,16.369142,141.36710523698451,2020-12-03
c1352,43.037045,16.369142,139.13719085041467,2020-12-04
c1352,43.037045,16.369142,128.90588955875427,2020-12-05
c1352,43.037045,16.369142,127.36440701896292,2020-12-06
c1352,43.037045,16.369142,129.95613231996262,2020-12-07
c1352,43.037045,16.369142,137.40618255155596,2020-12-08
c1352,43.037045,16.369142,137.5279268330515,2020-12-09
c1352,43.037045,16.369142,145.27951147544812,2020-12-10
c1352,43.037045,16.369142,138.5570759369835,2020-12-11
c1352,43.037045,16.369142,134.34634019326614,2020-12-12
c1352,43.037045,16.369142,152.34579363752934,2020-12-13
c1352,43.037045,16.369142,132.20577235771634,2020-12-14
c1352,43.037045,16.369142,120.31673891195724,2020-12-15
c1352,43.037045,16.369142,119.50976609998672,2020-12-16
c1352,43.037045,16.369142,117.31811327402572,2020-12-17
c1352,43.037045,16.369142,122.64440044897536,2020-12-18
c1352,43.037045,16.369142,129.29810603423593,2020-12-19
c1352,43.037045,16.369142,123.69005141112628,2020-12-20
c1352,43.037045,16.369142,137.11823215380156,2020-12-21
c1352,43.037045,16.369142,129.37363625269563,2020-12-22
c1352,43.037045,16.369142,125.05778015257704,2020-12-23
c1352,43.037045,16.369142,131.00210825819994,2020-12-24
c1352,43.037045,16.369142,131.5000415478245,2020-12-25
c1352,43.037045,16.369142,136.0937548744768,2020-12-26
c1352,43.037045,16.369142,161.31375571209236,2020-12-27
c1352,43.037045,16.369142,132.8919127167966,2020-12-28
c1352,43.037045,16.369142,137.3604109428603,2020-12-29
c1352,43.037045,16.369142,149.13234102762672,2020-12-30
c1352,43.037045,16.369142,156.27169967382406,2020-12-31
c1352,43.037045,16.369142,152.6354956676882,2021-01-02
c1352,43.037045,16.369142,145.97923227043063,2021-01-03
c1352,43.037045,16.369142,133.7295185842966,2021-01-04
c1352,43.037045,16.369142,149.9559401763868,2021-01-05
c1352,43.037045,16.369142,144.124252329752,2021-01-06
c1352,43.037045,16.369142,145.8148928389104,2021-01-07
c1352,43.037045,16.369142,151.88862874601065,2021-01-08
c1352,43.037045,16.369142,146.71588951976358,2021-01-09
c1352,43.037045,16.369142,144.79405836125764,2021-01-10
c1352,43.037045,16.369142,144.01262293255306,2021-01-11
c1352,43.037045,16.369142,148.35389454898674,2021-01-12
c1352,43.037045,16.369142,155.59069338736523,2021-01-13
c1352,43.037045,16.369142,128.13985938807588,2021-01-14
c1352,43.037045,16.369142,150.77143154998657,2021-01-15
c1352,43.037045,16.369142,181.32096920172415,2021-01-16
c1352,43.037045,16.369142,163.74872059331216,2021-01-17
c1352,43.037045,16.369142,173.43236629546564,2021-01-18
c1352,43.037045,16.369142,169.67824424930103,2021-01-19
c1352,43.037045,16.369142,152.0210708008929,2021-01-20
c1352,43.037045,16.369142,167.62227702072255,2021-01-21
c1352,43.037045,16.369142,143.76042340490207,2021-01-22
c1352,43.037045,16.369142,160.19230764271524,2021-01-23
c1352,43.037045,16.369142,163.5339202624456,2021-01-24
c1352,43.037045,16.369142,165.57943082048172,2021-01-25
c1352,43.037045,16.369142,171.76639466090202,2021-01-26
c1352,43.037045,16.369142,157.87101758476473,2021-01-27
c1352,43.037045,16.369142,159.49676949788864,2021-01-28
c1352,43.037045,16.369142,153.07806678728272,2021-01-29
c1352,43.037045,16.369142,153.06750739932977,2021-01-30
c1352,43.037045,16.369142,155.77317204287456,2021-01-31
c1352,43.037045,16.369142,148.1386341792524,2021-02-01
c1352,43.037045,16.369142,150.4826634719249,2021-02-02
c1352,43.037045,16.369142,132.53714120017693,2021-02-03
c1352,43.037045,16.369142,138.45200081757707,2021-02-04
c1352,43.037045,16.369142,141.01795362299166,2021-02-05
c1352,43.037045,16.369142,138.42856823462463,2021-02-06
c1352,43.037045,16.369142,143.29389503315656,2021-02-07
c1352,43.037045,16.369142,164.31675933051497,2021-02-08
c1352,43.037045,16.369142,166.44429151108247,2021-02-09
c1352,43.037045,16.369142,160.55892722742257,2021-02-10
c1352,43.037045,16.369142,154.75807861243894,2021-02-11
c1352,43.037045,16.369142,151.3643206040891,2021-02-12
c1352,43.037045,16.369142,164.6250911552724,2021-02-13
c1352,43.037045,16.369142,173.39597950995483,2021-02-14
c1352,43.037045,16.369142,167.51081500240977,2021-02-15
c1352,43.037045,16.369142,158.15732136122398,2021-02-16
c1352,43.037045,16.369142,150.20355815090082,2021-02-17
c1352,43.037045,16.369142,152.12001799968908,2021-02-18
c1352,43.037045,16.369142,165.51023556037777,2021-02-19
c1352,43.037045,16.369142,153.3703893106991,2021-02-20
c1352,43.037045,16.369142,145.66571229623293,2021-02-21
c1352,43.037045,16.369142,133.24175732584192,2021-02-22
c1352,43.037045,16.369142,133.89307775336297,2021-02-23
c1352,43.037045,16.369142,145.11579382771092,2021-02-24
c1352,43.037045,16.369142,140.21304093869728,2021-02-25
c1352,43.037045,16.369142,141.7103570777444,2021-02-26
c1352,43.037045,16.369142,135.58419155455448,2021-02-27
c1352,43.037045,16.369142,139.0081639808051,2021-02-28
c1352,43.037045,16.369142,143.27346894384758,2021-03-01
c1352,43.037045,16.369142,158.4755884486245,2021-03-02
c1352,43.037045,16.369142,150.9486854136251,2021-03-03
c1352,43.037045,16.369142,150.1568974257348,2021-03-04
c1352,43.037045,16.369142,142.50262631464534,2021-03-05
c1352,43.037045,16.369142,146.04312203783888,2021-03-06
c1352,43.037045,16.369142,157.08086525620595,2021-03-07
c1352,43.037045,16.369142,172.09974214193076,2021-03-08
c1352,43.037045,16.369142,174.0998355644396,2021-03-09
c1352,43.037045,16.369142,161.09526094100352,2021-03-10
c1352,43.037045,16.369142,143.11249743072344,2021-03-11
c1352,43.037045,16.369142,140.12393565373748,2021-03-12
c1352,43.037045,16.369142,167.46332947423392,2021-03-13
c1352,43.037045,16.369142,165.7936623553929,2021-03-14
c1352,43.037045,16.369142,210.99467791783604,2021-03-15
c1352,43.037045,16.369142,211.04824995823705,2021-03-16
c1352,43.037045,16.369142,197.6576330647444,2021-03-17
c1352,43.037045,16.369142,191.98967269050553,2021-03-18
c1352,43.037045,16.369142,196.41971031718128,2021-03-19
c1352,43.037045,16.369142,202.22356144695013,2021-03-20
c1352,43.037045,16.369142,200.34782540298897,2021-03-21
c1352,43.037045,16.369142,181.8334548857317,2021-03-22
c1352,43.037045,16.369142,168.3650537681189,2021-03-23
c1352,43.037045,16.369142,162.42868399746925,2021-03-24
c1352,43.037045,16.369142,157.26391131025858,2021-03-25
c1352,43.037045,16.369142,166.02296775742113,2021-03-26
c1352,43.037045,16.369142,147.50700374769602,2021-03-27
c1352,43.037045,16.369142,153.7413429911662,2021-03-28
c1352,43.037045,16.369142,158.9539312855781,2021-03-29
c1352,43.037045,16.369142,155.2168359465602,2021-03-30
c1352,43.037045,16.369142,157.35570671700484,2021-03-31
c1352,43.037045,16.369142,157.0067909219405,2021-04-01
c1352,43.037045,16.369142,161.413421877181,2021-04-02
c1352,43.037045,16.369142,173.28091501171124,2021-04-03
c1352,43.037045,16.369142,187.48761222666695,2021-04-04
c1352,43.037045,16.369142,177.0964643812986,2021-04-05
c1352,43.037045,16.369142,173.85974220493532,2021-04-06
c1352,43.037045,16.369142,165.22295772059408,2021-04-07
c1352,43.037045,16.369142,169.24123850563228,2021-04-08
c1352,43.037045,16.369142,169.68851417146678,2021-04-09
c1352,43.037045,16.369142,164.85718407025425,2021-04-10
c1352,43.037045,16.369142,162.98717438793386,2021-04-11
c1352,43.037045,16.369142,165.1719316283022,2021-04-12
c1352,43.037045,16.369142,184.5410445499168,2021-04-13
c1352,43.037045,16.369142,173.32474118398952,2021-04-14
c1352,43.037045,16.369142,179.115047996079,2021-04-15
c1352,43.037045,16.369142,172.07200250487125,2021-04-16
c1352,43.037045,16.369142,170.52135643876446,2021-04-17
c1352,43.037045,16.369142,188.8826393885884,2021-04-18
c1352,43.037045,16.369142,196.3023291874922,2021-04-19
c1352,43.037045,16.369142,187.60610830296068,2021-04-20
c1352,43.037045,16.369142,190.31235492934977,2021-04-21
c1352,43.037045,16.369142,169.21651260375512,2021-04-22
c1352,43.037045,16.369142,173.10201825343262,2021-04-23
c1352,43.037045,16.369142,165.969916672861,2021-04-24
c1352,43.037045,16.369142,153.39176173171623,2021-04-25
c1352,43.037045,16.369142,145.84012066083645,2021-04-26
c1352,43.037045,16.369142,155.78896640705162,2021-04-27
c1352,43.037045,16.369142,159.83363494553433,2021-04-28
c1352,43.037045,16.369142,152.99004880451656,2021-04-29
c1352,43.037045,16.369142,156.41264506981506,2021-04-30
c1352,43.037045,16.369142,142.15409301409971,2021-05-01
c1352,43.037045,16.369142,143.87135201014334,2021-05-02
c1352,43.037045,16.369142,149.47545953294895,2021-05-03
c1352,43.037045,16.369142,153.44643427751663,2021-05-04
c1352,43.037045,16.369142,147.03095513917293,2021-05-05
c1352,43.037045,16.369142,154.10939409437634,2021-05-06
c1352,43.037045,16.369142,151.76116307303295,2021-05-07
c1352,43.037045,16.369142,152.1869993129567,2021-05-08
c1352,43.037045,16.369142,148.72443938065993,2021-05-09
c1352,43.037045,16.369142,145.9910196319607,2021-05-10
c1352,43.037045,16.369142,144.66347829750833,2021-05-11
c1352,43.037045,16.369142,162.06573070969506,2021-05-12
c1352,43.037045,16.369142,163.1101980380541,2021-05-13
c1352,43.037045,16.369142,163.74730560977702,2021-05-14
c1352,43.037045,16.369142,166.297616687583,2021-05-15
c1352,43.037045,16.369142,148.80821776135227,2021-05-16
c1352,43.037045,16.369142,143.25697088402924,2021-05-17
c1352,43.037045,16.369142,147.08681581183936,2021-05-18
c1352,43.037045,16.369142,164.53899910904406,2021-05-19
c1352,43.037045,16.369142,182.04447715991003,2021-05-20
c1352,43.037045,16.369142,145.10225455313855,2021-05-21
c1352,43.037045,16.369142,144.5051405490596,2021-05-22
c1352,43.037045,16.369142,139.90195279214166,2021-05-23
c1352,43.037045,16.369142,140.2217648940374,2021-05-24
c1352,43.037045,16.369142,149.95617794281117,2021-05-25
c1352,43.037045,16.369142,152.38340789458707,2021-05-26
c1352,43.037045,16.369142,162.4571425960168,2021-05-27
c1352,43.037045,16.369142,153.9096018688459,2021-05-28
c1352,43.037045,16.369142,153.03503051058362,2021-05-29
c1352,43.037045,16.369142,168.86467450456618,2021-05-30
c1352,43.037045,16.369142,169.98465888277732,2021-05-31
c1352,43.037045,16.369142,159.82381734465082,2021-06-01
c1352,43.037045,16.369142,155.52939245920084,2021-06-02
c1352,43.037045,16.369142,157.46937189968108,2021-06-03
c1352,43.037045,16.369142,150.0773743509099,2021-06-04
c1352,43.037045,16.369142,147.25885089631944,2021-06-05
c1352,43.037045,16.369142,142.3015456227252,2021-06-06
c1352,43.037045,16.369142,149.628759436476,2021-06-07
c1352,43.037045,16.369142,148.8870778300977,2021-06-08
c1352,43.037045,16.369142,150.54572160608592,2021-06-09
c1352,43.037045,16.369142,153.97655557978007,2021-06-10
c1352,43.037045,16.369142,155.72494476409983,2021-06-11
c1352,43.037045,16.369142,157.74615939843827,2021-06-12
c1352,43.037045,16.369142,149.46230375629148,2021-06-13
c1352,43.037045,16.369142,148.1494755230159,2021-06-14
c1352,43.037045,16.369142,152.59337112892553,2021-06-15
c1352,43.037045,16.369142,151.99701699672394,2021-06-16
c1352,43.037045,16.369142,151.31756708554846,2021-06-17
c1352,43.037045,16.369142,163.39495781184567,2021-06-18
c1352,43.037045,16.369142,147.24178376398154,2021-06-19
c1352,43.037045,16.369142,136.11642469873843,2021-06-20
c1352,43.037045,16.369142,138.68119678530644,2021-06-21
c1352,43.037045,16.369142,138.77965138133678,2021-06-22
c1352,43.037045,16.369142,136.37079107768562,2021-06-23
c1352,43.037045,16.369142,138.32627840380306,2021-06-24
c1352,43.037045,16.369142,139.7128475891872,2021-06-25
c1352,43.037045,16.369142,144.63218320242478,2021-06-26
c1352,43.037045,16.369142,141.22032463553165,2021-06-27
c1352,43.037045,16.369142,138.05214293044986,2021-06-28
c1352,43.037045,16.369142,138.33595373559265,2021-06-29
c1352,43.037045,16.369142,146.63912682636663,2021-06-30
c1352,43.037045,16.369142,146.9000801832761,2021-07-01
c1352,43.037045,16.369142,147.0600108676569,2021-07-02
c1352,43.037045,16.369142,143.48017423921226,2021-07-03
c1352,43.037045,16.369142,144.18907542399407,2021-07-04
c1352,43.037045,16.369142,140.41142073691051,2021-07-05
c1352,43.037045,16.369142,140.4094756225199,2021-07-06
c1352,43.037045,16.369142,138.79902859810375,2021-07-07
c1352,43.037045,16.369142,134.5917542973506,2021-07-08
c1352,43.037045,16.369142,140.9677244007084,2021-07-09
c1352,43.037045,16.369142,141.5651946725706,2021-07-10
c1352,43.037045,16.369142,141.90876590523862,2021-07-11
c1352,43.037045,16.369142,137.5952556268216,2021-07-12
c1352,43.037045,16.369142,129.67417651131947,2021-07-13
c1352,43.037045,16.369142,136.0798584628304,2021-07-14
c1352,43.037045,16.369142,143.5897764862489,2021-07-15
c1352,43.037045,16.369142,149.1665737895637,2021-07-16
c1352,43.037045,16.369142,156.21742065571718,2021-07-17
c1352,43.037045,16.369142,155.08054666560218,2021-07-18
c1352,43.037045,16.369142,149.62970604921847,2021-07-19
c1352,43.037045,16.369142,138.76186558001856,2021-07-20
c1352,43.037045,16.369142,137.23686708710423,2021-07-21
c1352,43.037045,16.369142,145.87346909558195,2021-07-22
c1352,43.037045,16.369142,139.884849851841,2021-07-23
c1352,43.037045,16.369142,138.59040408983674,2021-07-24
c1352,43.037045,16.369142,141.46549449656052,2021-07-25
c1352,43.037045,16.369142,137.15743201588623,2021-07-26
c1352,43.037045,16.369142,136.60969010974512,2021-07-27
c1352,43.037045,16.369142,137.54029600116456,2021-07-28
c1352,43.037045,16.369142,139.0946284216828,2021-07-29
c1352,43.037045,16.369142,137.01949214461493,2021-07-30
c1352,43.037045,16.369142,136.12335299624382,2021-07-31
c1352,43.037045,16.369142,134.159613569952,2021-08-01
c1352,43.037045,16.369142,139.85461128230887,2021-08-02
c1352,43.037045,16.369142,142.64768438143582,2021-08-03
c1352,43.037045,16.369142,141.02036654812494,2021-08-04
c1352,43.037045,16.369142,146.99508801142215,2021-08-05
c1352,43.037045,16.369142,142.11976977581674,2021-08-06
c1352,43.037045,16.369142,138.17714728533514,2021-08-07
c1352,43.037045,16.369142,136.04294636320395,2021-08-08
c1352,43.037045,16.369142,134.1794839916401,2021-08-09
c1352,43.037045,16.369142,129.4826516184038,2021-08-10
c1352,43.037045,16.369142,134.78869289169228,2021-08-11
c1352,43.037045,16.369142,137.05762933558523,2021-08-12
c1352,43.037045,16.369142,136.1706654811987,2021-08-13
c1352,43.037045,16.369142,134.4484466877331,2021-08-14
c1352,43.037045,16.369142,131.30456352738517,2021-08-15
c1352,43.037045,16.369142,133.72878641699683,2021-08-16
c1352,43.037045,16.369142,137.76851780315832,2021-08-17
c1352,43.037045,16.369142,141.23749326499512,2021-08-18
c1352,43.037045,16.369142,135.14927686221154,2021-08-19
c1352,43.037045,16.369142,134.5598322070383,2021-08-20
c1352,43.037045,16.369142,134.98013313352587,2021-08-21
c1352,43.037045,16.369142,135.12214495013345,2021-08-22
c1352,43.037045,16.369142,135.44123535187964,2021-08-23
c1352,43.037045,16.369142,135.95078166937307,2021-08-24
c1352,43.037045,16.369142,140.08431564056497,2021-08-25
c1352,43.037045,16.369142,140.39057211849754,2021-08-26
c1352,43.037045,16.369142,141.07344408035016,2021-08-27
c1352,43.037045,16.369142,146.30163870299265,2021-08-28
c1352,43.037045,16.369142,150.70921220230616,2021-08-29
c1352,43.037045,16.369142,144.69257822847698,2021-08-30
c1352,43.037045,16.369142,140.92065097068607,2021-08-31
c1352,43.037045,16.369142,141.67538461583183,2021-09-01
c1352,43.037045,16.369142,137.3169406159342,2021-09-02
c1352,43.037045,16.369142,133.61511555351464,2021-09-03
c1352,43.037045,16.369142,136.31729913384157,2021-09-04
c1352,43.037045,16.369142,138.9744832509156,2021-09-05
c1352,43.037045,16.369142,145.03298817792125,2021-09-06
c1352,43.037045,16.369142,151.4810809185641,2021-09-07
c1352,43.037045,16.369142,153.5222660804602,2021-09-08
c1352,43.037045,16.369142,147.60889712292789,2021-09-09
c1352,43.037045,16.369142,146.9710787169405,2021-09-10
c1352,43.037045,16.369142,145.53407119588016,2021-09-11
c1352,43.037045,16.369142,146.86597762919996,2021-09-12
c1352,43.037045,16.369142,136.91531198660468,2021-09-13
c1352,43.037045,16.369142,137.45836417623104,2021-09-14
c1352,43.037045,16.369142,133.88816298149098,2021-09-15
c1352,43.037045,16.369142,130.78205725471224,2021-09-16
c1352,43.037045,16.369142,133.57879855328397,2021-09-17
c1352,43.037045,16.369142,130.20321431087044,2021-09-18
c1352,43.037045,16.369142,133.85646801717346,2021-09-19
c1352,43.037045,16.369142,129.32746068203454,2021-09-20
c1352,43.037045,16.369142,136.427096727217,2021-09-21
c1352,43.037045,16.369142,126.14760077516958,2021-09-22
c1352,43.037045,16.369142,127.77477024289249,2021-09-23
c1352,43.037045,16.369142,126.62523302752902,2021-09-24
c1352,43.037045,16.369142,129.64610462138774,2021-09-25
c1352,43.037045,16.369142,126.87821167657675,2021-09-26
c1352,43.037045,16.369142,132.34301686834698,2021-09-27
c1352,43.037045,16.369142,129.75100711616778,2021-09-28
c1352,43.037045,16.369142,131.33398909920083,2021-09-30
c1352,43.037045,16.369142,132.2907999633191,2021-10-01
c1352,43.037045,16.369142,132.56023176087464,2021-10-02
c1352,43.037045,16.369142,140.25742379498342,2021-10-03
c1352,43.037045,16.369142,133.2270061559423,2021-10-04
c1352,43.037045,16.369142,137.94890363291032,2021-10-05
c1352,43.037045,16.369142,140.59934063403293,2021-10-06
c1352,43.037045,16.369142,146.93255814582795,2021-10-07
c1352,43.037045,16.369142,141.72693666477858,2021-10-08
c1352,43.037045,16.369142,134.50645609507455,2021-10-09
c1352,43.037045,16.369142,131.83166915561412,2021-10-10
c1352,43.037045,16.369142,134.50663396509583,2021-10-11
c1352,43.037045,16.369142,131.62063703347604,2021-10-12
c1352,43.037045,16.369142,138.6991489602999,2021-10-13
c1352,43.037045,16.369142,,2021-10-14
c1352,43.037045,16.369142,144.1141287924003,2021-10-15
c1352,43.037045,16.369142,137.00645522475156,2021-10-16
c1352,43.037045,16.369142,138.060955637722,2021-10-17
c1352,43.037045,16.369142,138.5912889430991,2021-10-18
c1352,43.037045,16.369142,134.04885623376327,2021-10-19
c1352,43.037045,16.369142,128.22290874535673,2021-10-20
c1352,43.037045,16.369142,125.42357180506517,2021-10-21
c1352,43.037045,16.369142,127.61155731603586,2021-10-22
c1352,43.037045,16.369142,132.8826520773904,2021-10-23
c1352,43.037045,16.369142,136.76155922610045,2021-10-24
c1352,43.037045,16.369142,133.66611468737722,2021-10-25
c1352,43.037045,16.369142,,2021-10-26
c1352,43.037045,16.369142,133.41684310301983,2021-10-27
c1352,43.037045,16.369142,128.50059104353977,2021-10-28
c1352,43.037045,16.369142,129.25189471595695,2021-10-29
c1352,43.037045,16.369142,128.99194635770175,2021-10-30
c1352,43.037045,16.369142,135.85178813473993,2021-10-31
c1352,43.037045,16.369142,134.29895063010068,2021-11-01
c1352,43.037045,16.369142,133.1579010968398,2021-11-02
c1352,43.037045,16.369142,125.31284690130995,2021-11-03
c1352,43.037045,16.369142,128.90454630474662,2021-11-04
c1352,43.037045,16.369142,129.0979051094265,2021-11-05
c1352,43.037045,16.369142,123.49987245277256,2021-11-06
c1352,43.037045,16.369142,121.30497932360134,2021-11-07
c1352,43.037045,16.369142,126.21243435271283,2021-11-08
c1352,43.037045,16.369142,119.51936292538562,2021-11-09
c1352,43.037045,16.369142,120.66684200533442,2021-11-10
c1352,43.037045,16.369142,129.66327668118876,2021-11-11
c1352,43.037045,16.369142,125.18631953709702,2021-11-12
c1352,43.037045,16.369142,128.88234911747588,2021-11-13
c1352,43.037045,16.369142,132.32265748297226,2021-11-14
c1352,43.037045,16.369142,128.3565535698124,2021-11-15
c1352,43.037045,16.369142,125.01106891442792,2021-11-16
c1352,43.037045,16.369142,126.51341769693578,2021-11-17
c1352,43.037045,16.369142,130.33814285782404,2021-11-18
c1352,43.037045,16.369142,129.66324590984289,2021-11-19
c1352,43.037045,16.369142,134.72007380505448,2021-11-20
c1352,43.037045,16.369142,138.45077233893684,2021-11-21
c1352,43.037045,16.369142,146.52989480035055,2021-11-22
c1352,43.037045,16.369142,141.96047117427395,2021-11-23
c1352,43.037045,16.369142,140.60535435845878,2021-11-24
c1352,43.037045,16.369142,138.14409808927385,2021-11-25
c1352,43.037045,16.369142,145.3328014248801,2021-11-26
c1352,43.037045,16.369142,145.79454829284194,2021-11-27
c1352,43.037045,16.369142,137.31468466471276,2021-11-28
c1352,43.037045,16.369142,158.80495809712863,2021-11-29
c1352,43.037045,16.369142,149.0882213191642,2021-11-30
c1352,43.037045,16.369142,129.0001795127945,2021-12-01
c1352,43.037045,16.369142,135.88444897878225,2021-12-02
c1352,43.037045,16.369142,156.4112845556667,2021-12-03
c1352,43.037045,16.369142,136.89132322159023,2021-12-04
c1352,43.037045,16.369142,145.16971930703855,2021-12-05
c1352,43.037045,16.369142,171.3733195853293,2021-12-06
c1352,43.037045,16.369142,150.22078145818568,2021-12-07
c1352,43.037045,16.369142,140.72295904570782,2021-12-08
c1352,43.037045,16.369142,161.57542574679488,2021-12-09
c1352,43.037045,16.369142,167.92030022531927,2021-12-10
c1352,43.037045,16.369142,,2021-12-11
c1352,43.037045,16.369142,151.79116636182528,2021-12-12
c1352,43.037045,16.369142,149.25951060432888,2021-12-13
c1352,43.037045,16.369142,138.87570046261524,2021-12-14
c1352,43.037045,16.369142,155.2686140675221,2021-12-15
c1352,43.037045,16.369142,157.65699839321323,2021-12-16
c1352,43.037045,16.369142,147.59053347557906,2021-12-17
c1352,43.037045,16.369142,137.0067105166337,2021-12-18
c1352,43.037045,16.369142,132.638224759817,2021-12-19
c1352,43.037045,16.369142,148.2608737249264,2021-12-20
c1352,43.037045,16.369142,133.6801645497604,2021-12-21
c1352,43.037045,16.369142,149.4528716550279,2021-12-22
c1352,43.037045,16.369142,150.60880448156925,2021-12-23
c1352,43.037045,16.369142,125.64729117756885,2021-12-24
c1352,43.037045,16.369142,138.44900257675152,2021-12-25
c1352,43.037045,16.369142,146.3607379634434,2021-12-26
c1352,43.037045,16.369142,131.36162640576495,2021-12-27
c1352,43.037045,16.369142,139.0784735408574,2021-12-28
c1352,43.037045,16.369142,161.62799860712204,2021-12-29
c1352,43.037045,16.369142,128.97714422436232,2021-12-30
c1352,43.037045,16.369142,123.62997626416946,2021-12-31
c1352,43.037045,16.369142,129.72958199397834,2022-01-01
c1352,43.037045,16.369142,127.53301776007535,2022-01-02
c1352,43.037045,16.369142,131.8609534558003,2022-01-03
c1352,43.037045,16.369142,130.1856310698631,2022-01-04
c1352,43.037045,16.369142,138.8412428355448,2022-01-05
c1352,43.037045,16.369142,165.20661654095258,2022-01-06
c1352,43.037045,16.369142,163.14564084940042,2022-01-07
c1352,43.037045,16.369142,151.4413654148532,2022-01-08
c1352,43.037045,16.369142,176.54834639688295,2022-01-09
c1352,43.037045,16.369142,178.11500094289494,2022-01-10
c1352,43.037045,16.369142,180.6200129937992,2022-01-11
c1352,43.037045,16.369142,161.7655206778089,2022-01-12
c1352,43.037045,16.369142,157.31373974410462,2022-01-13
c1352,43.037045,16.369142,132.79882057407593,2022-01-14
c1352,43.037045,16.369142,142.71320934826076,2022-01-15
c1352,43.037045,16.369142,135.98109388213368,2022-01-16
c1352,43.037045,16.369142,155.84987350261756,2022-01-17
c1352,43.037045,16.369142,148.71710544397462,2022-01-18
c1352,43.037045,16.369142,148.04614390195655,2022-01-19
c1352,43.037045,16.369142,159.81009378044132,2022-01-20
c1352,43.037045,16.369142,152.86862575235415,2022-01-21
c1352,43.037045,16.369142,152.38723294663922,2022-01-22
c1352,43.037045,16.369142,161.2389673556459,2022-01-23
c1352,43.037045,16.369142,162.42687828876117,2022-01-24
c1352,43.037045,16.369142,164.2797928450564,2022-01-25
c1352,43.037045,16.369142,160.6144846124535,2022-01-26
c1352,43.037045,16.369142,152.16667133798464,2022-01-27
c1352,43.037045,16.369142,163.20441020116502,2022-01-28
c1352,43.037045,16.369142,163.56081423704717,2022-01-29
c1352,43.037045,16.369142,153.92150920973987,2022-01-30
c1352,43.037045,16.369142,148.23363242992744,2022-01-31
c1352,43.037045,16.369142,156.02408162298096,2022-02-01
c1352,43.037045,16.369142,152.0259588432455,2022-02-02
c1352,43.037045,16.369142,140.170005194776,2022-02-03
c1352,43.037045,16.369142,133.62441711429332,2022-02-04
c1352,43.037045,16.369142,140.97915440153523,2022-02-05
c1352,43.037045,16.369142,150.08715038441878,2022-02-06
c1352,43.037045,16.369142,174.94418448818092,2022-02-07
c1352,43.037045,16.369142,150.96013688851374,2022-02-08
c1352,43.037045,16.369142,147.4521543738927,2022-02-09
c1352,43.037045,16.369142,140.76848932593737,2022-02-10
c1352,43.037045,16.369142,145.90290349800011,2022-02-11
c1352,43.037045,16.369142,158.75106014583784,2022-02-12
c1352,43.037045,16.369142,162.2624154604486,2022-02-13
c1352,43.037045,16.369142,155.77074774576369,2022-02-14
c1352,43.037045,16.369142,163.53204889993913,2022-02-15
c1352,43.037045,16.369142,187.9121418853242,2022-02-16
c1352,43.037045,16.369142,145.95478061687805,2022-02-17
c1352,43.037045,16.369142,136.97179847153592,2022-02-18
c1352,43.037045,16.369142,151.17571245825462,2022-02-19
c1352,43.037045,16.369142,,2022-02-20
c1352,43.037045,16.369142,175.15276838497266,2022-02-22
c1352,43.037045,16.369142,141.27995179878397,2022-02-23
c1352,43.037045,16.369142,148.6355299674106,2022-02-24
c1352,43.037045,16.369142,145.77116286962246,2022-02-25
c1352,43.037045,16.369142,177.24686162571203,2022-02-26
c1352,43.037045,16.369142,188.7702973126572,2022-02-27
c1352,43.037045,16.369142,188.1825358329636,2022-02-28
c1352,43.037045,16.369142,192.5624339096183,2022-03-01
c1352,43.037045,16.369142,181.20942683214724,2022-03-02
c1352,43.037045,16.369142,169.5952206448031,2022-03-03
c1352,43.037045,16.369142,176.335613245454,2022-03-04
c1352,43.037045,16.369142,169.14883290230375,2022-03-05
c1352,43.037045,16.369142,164.9709543329384,2022-03-06
c1352,43.037045,16.369142,186.80900274557376,2022-03-07
c1352,43.037045,16.369142,171.34667720846954,2022-03-08
c1352,43.037045,16.369142,155.09236964524192,2022-03-09
c1352,43.037045,16.369142,160.31347546854806,2022-03-10
c1352,43.037045,16.369142,185.04798900934543,2022-03-11
c1352,43.037045,16.369142,168.35479087651743,2022-03-12
c1352,43.037045,16.369142,173.9146511473531,2022-03-13
c1352,43.037045,16.369142,160.97341565068774,2022-03-14
c1352,43.037045,16.369142,159.41794314569262,2022-03-15
c1352,43.037045,16.369142,170.54576599968485,2022-03-16
c1352,43.037045,16.369142,167.5272556614834,2022-03-17
c1352,43.037045,16.369142,163.94336082598545,2022-03-18
c1352,43.037045,16.369142,166.11053702209313,2022-03-19
c1352,43.037045,16.369142,159.61203208459173,2022-03-20
c1352,43.037045,16.369142,148.3279861120789,2022-03-21
c1352,43.037045,16.369142,153.87984156409502,2022-03-22
c1352,43.037045,16.369142,152.24743626388644,2022-03-23
c1352,43.037045,16.369142,149.48371011855548,2022-03-24
c1352,43.037045,16.369142,161.4962653314768,2022-03-25
c1352,43.037045,16.369142,150.78977435976475,2022-03-26
c1352,43.037045,16.369142,127.4154150898857,2022-03-27
c1352,43.037045,16.369142,153.26447885176626,2022-03-28
c1352,43.037045,16.369142,143.34646370545698,2022-03-29
c1352,43.037045,16.369142,160.36814332066774,2022-03-30
c1352,43.037045,16.369142,163.95306384229724,2022-03-31
c1352,43.037045,16.369142,180.1292269091598,2022-04-01
c1352,43.037045,16.369142,187.75203613351923,2022-04-02
c1352,43.037045,16.369142,187.13057135078924,2022-04-03
c1352,43.037045,16.369142,173.2284459901677,2022-04-04
c1352,43.037045,16.369142,163.2324908542267,2022-04-05
c1352,43.037045,16.369142,157.0363240046403,2022-04-06
c1352,43.037045,16.369142,165.63896556418177,2022-04-07
c1352,43.037045,16.369142,147.4968329408495,2022-04-08
c1352,43.037045,16.369142,154.11041583051528,2022-04-09
c1352,43.037045,16.369142,171.25486461567434,2022-04-10
c1352,43.037045,16.369142,151.81489288685287,2022-04-11
c1352,43.037045,16.369142,147.6532321921702,2022-04-12
c1352,43.037045,16.369142,154.12888418537767,2022-04-13
c1352,43.037045,16.369142,151.93124780120556,2022-04-14
c1352,43.037045,16.369142,145.6037497741868,2022-04-15
c1352,43.037045,16.369142,162.80505610679086,2022-04-16
c1352,43.037045,16.369142,175.3993711497056,2022-04-17
c1352,43.037045,16.369142,181.5604981615062,2022-04-18
c1352,43.037045,16.369142,167.4482549679965,2022-04-19
c1352,43.037045,16.369142,165.56433699205104,2022-04-20
c1352,43.037045,16.369142,159.18594509739754,2022-04-21
c1352,43.037045,16.369142,174.8677342602973,2022-04-22
c1352,43.037045,16.369142,155.21568805672084,2022-04-23
c1352,43.037045,16.369142,161.47957489614782,2022-04-24
c1352,43.037045,16.369142,173.4630771630095,2022-04-25
c1352,43.037045,16.369142,163.25500248459247,2022-04-26
c1352,43.037045,16.369142,161.08912034949563,2022-04-27
c1352,43.037045,16.369142,162.61607982652853,2022-04-28
c1352,43.037045,16.369142,159.42298956507543,2022-04-29
c1352,43.037045,16.369142,164.56141487842632,2022-04-30
c1352,43.037045,16.369142,164.69986852141,2022-05-01
c1352,43.037045,16.369142,170.72102769995698,2022-05-02
c1352,43.037045,16.369142,169.788549422869,2022-05-03
c1352,43.037045,16.369142,171.36339704187043,2022-05-04
c1352,43.037045,16.369142,163.8795010087076,2022-05-05
c1352,43.037045,16.369142,165.78106754124357,2022-05-06
c1352,43.037045,16.369142,172.72730373518817,2022-05-07
c1352,43.037045,16.369142,165.6297158170325,2022-05-08
c1352,43.037045,16.369142,165.0572092649997,2022-05-09
c1352,43.037045,16.369142,164.96304050437678,2022-05-10
c1352,43.037045,16.369142,160.53945312788107,2022-05-11
c1352,43.037045,16.369142,156.2845683477799,2022-05-12
c1352,43.037045,16.369142,152.93822295591832,2022-05-13
c1352,43.037045,16.369142,156.17737221996595,2022-05-14
c1352,43.037045,16.369142,154.6125943167117,2022-05-15
c1352,43.037045,16.369142,160.03411031835012,2022-05-16
c1352,43.037045,16.369142,161.00066570953348,2022-05-17
c1352,43.037045,16.369142,154.10502776496648,2022-05-18
c1352,43.037045,16.369142,153.81952468750438,2022-05-19
c1352,43.037045,16.369142,152.43453277395662,2022-05-20
c1352,43.037045,16.369142,153.12971268833977,2022-05-21
c1352,43.037045,16.369142,153.74211437546822,2022-05-22
c1352,43.037045,16.369142,152.9413689402393,2022-05-23
c1352,43.037045,16.369142,157.1490376960772,2022-05-24
c1352,43.037045,16.369142,152.879934820433,2022-05-25
c1352,43.037045,16.369142,153.52516779383546,2022-05-26
c1352,43.037045,16.369142,151.6121518410759,2022-05-27
c1352,43.037045,16.369142,154.29683625233585,2022-05-28
c1352,43.037045,16.369142,155.94393414962278,2022-05-29
c1352,43.037045,16.369142,156.95321904861433,2022-05-30
c1352,43.037045,16.369142,158.4089881148596,2022-05-31
c1352,43.037045,16.369142,143.20344896639557,2022-06-01
c1352,43.037045,16.369142,141.29321209249886,2022-06-02
c1352,43.037045,16.369142,134.78525560505477,2022-06-03
c1352,43.037045,16.369142,132.6274180049129,2022-06-04
c1352,43.037045,16.369142,129.879331722863,2022-06-05
c1352,43.037045,16.369142,134.53073353440917,2022-06-06
c1352,43.037045,16.369142,137.18825606679624,2022-06-07
c1352,43.037045,16.369142,149.61499417118733,2022-06-08
c1352,43.037045,16.369142,153.20820761757312,2022-06-09
c1352,43.037045,16.369142,152.6268857478896,2022-06-10
c1352,43.037045,16.369142,150.85984690624792,2022-06-11
c1352,43.037045,16.369142,146.67486952176964,2022-06-12
c1352,43.037045,16.369142,141.12508750784832,2022-06-13
c1352,43.037045,16.369142,146.7284038462059,2022-06-14
c1352,43.037045,16.369142,154.0471135276876,2022-06-15
c1352,43.037045,16.369142,150.03185778774133,2022-06-16
c1352,43.037045,16.369142,153.18771402045536,2022-06-17
c1352,43.037045,16.369142,143.18851591049912,2022-06-18
c1352,43.037045,16.369142,142.5402736351505,2022-06-19
c1352,43.037045,16.369142,137.79229847764057,2022-06-20
c1352,43.037045,16.369142,130.89789112404594,2022-06-21
c1352,43.037045,16.369142,,2022-06-22
c1352,43.037045,16.369142,135.78502171617947,2022-06-23
c1352,43.037045,16.369142,134.72927710619058,2022-06-24
c1352,43.037045,16.369142,137.79134932023248,2022-06-25
c1352,43.037045,16.369142,138.60718019707187,2022-06-26
c1352,43.037045,16.369142,133.0720366550103,2022-06-27
c1352,43.037045,16.369142,134.2219390877946,2022-06-28
c1352,43.037045,16.369142,140.10561030289483,2022-06-29
c1352,43.037045,16.369142,139.08676451417452,2022-06-30
c1352,43.037045,16.369142,140.9357401110134,2022-07-01
c1352,43.037045,16.369142,143.75894590372155,2022-07-02
c1352,43.037045,16.369142,136.19880744231577,2022-07-03
c1352,43.037045,16.369142,137.79715807261084,2022-07-04
c1352,43.037045,16.369142,141.14714473068312,2022-07-05
c1352,43.037045,16.369142,143.00814720264407,2022-07-06
c1352,43.037045,16.369142,149.22071061414354,2022-07-07
c1352,43.037045,16.369142,165.94973306631005,2022-07-08
c1352,43.037045,16.369142,147.74372668159944,2022-07-09
c1352,43.037045,16.369142,148.02754725757254,2022-07-10
c1352,43.037045,16.369142,151.4300683423258,2022-07-11
c1352,43.037045,16.369142,152.81287793009324,2022-07-12
c1352,43.037045,16.369142,146.9665279651065,2022-07-13
c1352,43.037045,16.369142,137.96059138365706,2022-07-14
c1352,43.037045,16.369142,142.64880790564882,2022-07-15
c1352,43.037045,16.369142,145.74865502981257,2022-07-16
c1352,43.037045,16.369142,150.9372788792805,2022-07-17
c1352,43.037045,16.369142,147.20086151843424,2022-07-18
c1352,43.037045,16.369142,145.517088063172,2022-07-19
c1352,43.037045,16.369142,145.48420534880665,2022-07-20
c1352,43.037045,16.369142,141.63744511798234,2022-07-21
c1352,43.037045,16.369142,144.3431684351982,2022-07-22
c1352,43.037045,16.369142,139.40348581827968,2022-07-23
c1352,43.037045,16.369142,144.63293309979673,2022-07-24
c1352,43.037045,16.369142,138.43093947109736,2022-07-25
c1352,43.037045,16.369142,136.85747489961346,2022-07-26
c1352,43.037045,16.369142,136.03648575084878,2022-07-27
c1352,43.037045,16.369142,137.46061448120523,2022-07-28
c1352,43.037045,16.369142,133.67596701743906,2022-07-29
c1352,43.037045,16.369142,141.89068623396352,2022-07-30
c1352,43.037045,16.369142,138.7459504377999,2022-07-31
c1352,43.037045,16.369142,137.14326016153296,2022-08-01
c1352,43.037045,16.369142,149.24194491086718,2022-08-02
c1352,43.037045,16.369142,143.30150652764544,2022-08-03
c1352,43.037045,16.369142,136.91346580913918,2022-08-04
c1352,43.037045,16.369142,138.624219749133,2022-08-05
c1352,43.037045,16.369142,137.43019772361387,2022-08-06
c1352,43.037045,16.369142,137.09970084080564,2022-08-07
c1352,43.037045,16.369142,138.1312389371533,2022-08-08
c1352,43.037045,16.369142,140.7237893639409,2022-08-09
c1352,43.037045,16.369142,144.34020210020745,2022-08-10
c1352,43.037045,16.369142,148.8659618336123,2022-08-11
c1352,43.037045,16.369142,151.18865957741363,2022-08-12
c1352,43.037045,16.369142,163.3936439627291,2022-08-13
c1352,43.037045,16.369142,150.41244116992354,2022-08-14
c1352,43.037045,16.369142,143.80917323222923,2022-08-15
c1352,43.037045,16.369142,138.6878733691364,2022-08-16
c1352,43.037045,16.369142,134.58624120615525,2022-08-17
c1352,43.037045,16.369142,128.455344878107,2022-08-18
c1352,43.037045,16.369142,132.6610669745719,2022-08-19
c1352,43.037045,16.369142,140.2451790712822,2022-08-20
c1352,43.037045,16.369142,140.3473258407799,2022-08-21
c1352,43.037045,16.369142,140.86168663123354,2022-08-22
c1352,43.037045,16.369142,145.04663535093783,2022-08-23
c1352,43.037045,16.369142,140.73519643107088,2022-08-24
c1352,43.037045,16.369142,142.62866776606273,2022-08-25
c1352,43.037045,16.369142,142.99188293026847,2022-08-26
c1352,43.037045,16.369142,139.16886940365495,2022-08-27
c1352,43.037045,16.369142,138.57363536589108,2022-08-28
c1352,43.037045,16.369142,136.8728413150505,2022-08-29
c1352,43.037045,16.369142,137.47626065758968,2022-08-31
c1352,43.037045,16.369142,135.73671623627035,2022-09-01
c1352,43.037045,16.369142,137.08501286013637,2022-09-02
c1352,43.037045,16.369142,136.70400173090326,2022-09-03
c1352,43.037045,16.369142,140.70866917863972,2022-09-04
c1352,43.037045,16.369142,131.24364304184428,2022-09-05
c1352,43.037045,16.369142,129.43005073351705,2022-09-06
c1352,43.037045,16.369142,128.9699108537786,2022-09-07
c1352,43.037045,16.369142,130.3584607778069,2022-09-08
c1352,43.037045,16.369142,132.38408035566954,2022-09-09
c1352,43.037045,16.369142,135.2467683571489,2022-09-10
c1352,43.037045,16.369142,139.23842772479142,2022-09-11
c1352,43.037045,16.369142,136.30715980447965,2022-09-12
c1352,43.037045,16.369142,135.26314904952196,2022-09-13
c1352,43.037045,16.369142,131.26671562499052,2022-09-14
c1352,43.037045,16.369142,132.6214568080804,2022-09-15
c1352,43.037045,16.369142,140.70423055308945,2022-09-16
c1352,43.037045,16.369142,135.34854111099946,2022-09-17
c1352,43.037045,16.369142,143.2650532679094,2022-09-18
c1352,43.037045,16.369142,148.88052008380131,2022-09-19
c1352,43.037045,16.369142,146.07044148511477,2022-09-20
c1352,43.037045,16.369142,149.4359027551982,2022-09-21
c1352,43.037045,16.369142,149.5609234513603,2022-09-22
c1352,43.037045,16.369142,143.7326187992441,2022-09-23
c1352,43.037045,16.369142,,2022-09-24
c1352,43.037045,16.369142,141.09081271662146,2022-09-25
c1352,43.037045,16.369142,140.78735335074876,2022-09-26
c1352,43.037045,16.369142,142.78779024337783,2022-09-27
c1352,43.037045,16.369142,137.2306754765388,2022-09-28
c1352,43.037045,16.369142,137.074081245804,2022-09-29
c1352,43.037045,16.369142,131.14083521280165,2022-09-30
c1352,43.037045,16.369142,138.82303891636602,2022-10-01
c1352,43.037045,16.369142,124.30772411224174,2022-10-02
c1352,43.037045,16.369142,135.24704001679672,2022-10-03
c1352,43.037045,16.369142,134.24472805598324,2022-10-04
c1352,43.037045,16.369142,130.82473395420493,2022-10-05
c1352,43.037045,16.369142,127.07078022268946,2022-10-06
c1352,43.037045,16.369142,125.57601992202368,2022-10-07
c1352,43.037045,16.369142,128.0227766409986,2022-10-08
c1352,43.037045,16.369142,128.51654568956968,2022-10-09
c1352,43.037045,16.369142,129.4026078832787,2022-10-10
c1352,43.037045,16.369142,131.99636270779203,2022-10-11
c1352,43.037045,16.369142,127.94323648942895,2022-10-12
c1352,43.037045,16.369142,132.54033661541226,2022-10-13
c1352,43.037045,16.369142,131.82072031416433,2022-10-14
c1352,43.037045,16.369142,120.8215374844633,2022-10-15
c1352,43.037045,16.369142,122.88193312820856,2022-10-16
c1352,43.037045,16.369142,120.557518957905,2022-10-17
c1352,43.037045,16.369142,118.60294464316269,2022-10-18
c1352,43.037045,16.369142,113.2519368241649,2022-10-19
c1352,43.037045,16.369142,112.76323680772671,2022-10-20
c1352,43.037045,16.369142,115.99942524889296,2022-10-21
c1352,43.037045,16.369142,117.82875102808444,2022-10-22
c1352,43.037045,16.369142,125.47416164984422,2022-10-23
c1352,43.037045,16.369142,127.80191126788743,2022-10-24
c1352,43.037045,16.369142,129.59189845794145,2022-10-25
c1352,43.037045,16.369142,131.8142297626012,2022-10-26
c1352,43.037045,16.369142,121.84828387337086,2022-10-27
c1352,43.037045,16.369142,118.32876696490634,2022-10-28
c1352,43.037045,16.369142,121.33683867978256,2022-10-29
c1352,43.037045,16.369142,122.32068390005578,2022-10-30
c1352,43.037045,16.369142,119.4654317245112,2022-10-31
c1352,43.037045,16.369142,125.07589676826308,2022-11-01
c1352,43.037045,16.369142,127.28091206033936,2022-11-02
c1352,43.037045,16.369142,133.44400326081964,2022-11-03
c1352,43.037045,16.369142,127.41714996528536,2022-11-04
c1352,43.037045,16.369142,143.4530757829955,2022-11-05
c1352,43.037045,16.369142,130.46597868582845,2022-11-06
c1352,43.037045,16.369142,125.72771856481396,2022-11-07
c1352,43.037045,16.369142,125.551427385899,2022-11-08
c1352,43.037045,16.369142,122.09523450326031,2022-11-09
c1352,43.037045,16.369142,126.328227278995,2022-11-10
c1352,43.037045,16.369142,133.55923292094866,2022-11-11
c1352,43.037045,16.369142,133.41427953292558,2022-11-12
c1352,43.037045,16.369142,147.09159491457203,2022-11-13
c1352,43.037045,16.369142,138.5807047113791,2022-11-14
c1352,43.037045,16.369142,138.49121407535512,2022-11-15
c1352,43.037045,16.369142,,2022-11-16
c1352,43.037045,16.369142,116.079742369563,2022-11-19
c1352,43.037045,16.369142,134.3501029083257,2022-11-20
c1352,43.037045,16.369142,131.5223327130074,2022-11-21
c1352,43.037045,16.369142,136.70936231879884,2022-11-22
c1352,43.037045,16.369142,142.72113723554895,2022-11-23
c1352,43.037045,16.369142,142.24790488482566,2022-11-24
c1352,43.037045,16.369142,136.59522901137066,2022-11-25
c1352,43.037045,16.369142,143.25400539799625,2022-11-26
c1352,43.037045,16.369142,137.35875366028614,2022-11-27
c1352,43.037045,16.369142,121.55101597697494,2022-11-28
c1352,43.037045,16.369142,131.93460110903814,2022-11-29
c1352,43.037045,16.369142,133.44970334145495,2022-11-30
c1352,43.037045,16.369142,141.82753958776914,2022-12-01
c1352,43.037045,16.369142,139.95845344199282,2022-12-02
c1352,43.037045,16.369142,135.86799680468536,2022-12-03
c1352,43.037045,16.369142,144.69955632827836,2022-12-04
c1352,43.037045,16.369142,124.74637100364724,2022-12-05
c1352,43.037045,16.369142,128.54280313121632,2022-12-06
c1352,43.037045,16.369142,143.55926967726455,2022-12-07
c1352,43.037045,16.369142,137.05802142668492,2022-12-08
c1352,43.037045,16.369142,131.65583366679337,2022-12-09
c1352,43.037045,16.369142,134.28253746539554,2022-12-10
c1352,43.037045,16.369142,144.77396441656572,2022-12-11
c1352,43.037045,16.369142,142.84598972907253,2022-12-12
c1352,43.037045,16.369142,141.6984640248289,2022-12-13
c1352,43.037045,16.369142,128.6793597626416,2022-12-14
c1352,43.037045,16.369142,126.10564877561444,2022-12-15
c1352,43.037045,16.369142,126.64768289946524,2022-12-16
c1352,43.037045,16.369142,131.42829074972306,2022-12-17
c1352,43.037045,16.369142,127.15403153735996,2022-12-18
c1352,43.037045,16.369142,126.33140209475496,2022-12-19
c1352,43.037045,16.369142,126.1900617511826,2022-12-20
c1352,43.037045,16.369142,123.0034226743374,2022-12-21
c1352,43.037045,16.369142,132.5680758159258,2022-12-22
c1352,43.037045,16.369142,133.70128973090135,2022-12-23
c1352,43.037045,16.369142,131.75732086473496,2022-12-24
c1352,43.037045,16.369142,129.00010967861337,2022-12-25
c1352,43.037045,16.369142,128.41095001842874,2022-12-26
c1352,43.037045,16.369142,133.7525515825634,2022-12-27
c1352,43.037045,16.369142,155.23627994834948,2022-12-28
c1352,43.037045,16.369142,146.36242534438176,2022-12-29
c1352,43.037045,16.369142,154.97063150155407,2022-12-30
c1352,43.037045,16.369142,141.14847696066644,2022-12-31
c1352,43.037045,16.369142,133.79363299022822,2023-01-01
c1352,43.037045,16.369142,132.5725689818885,2023-01-02
c1352,43.037045,16.369142,126.24587282283184,2023-01-03
c1352,43.037045,16.369142,157.4168045780321,2023-01-04
c1352,43.037045,16.369142,130.4073031492633,2023-01-05
c1352,43.037045,16.369142,133.81243873014637,2023-01-06
c1352,43.037045,16.369142,130.0615097368326,2023-01-07
c1352,43.037045,16.369142,132.523228711422,2023-01-08
c1352,43.037045,16.369142,143.5518761255571,2023-01-09
c1352,43.037045,16.369142,175.8688304202179,2023-01-10
c1352,43.037045,16.369142,149.34765466010575,2023-01-11
c1352,43.037045,16.369142,157.11659889112158,2023-01-12
c1352,43.037045,16.369142,146.69984311705235,2023-01-13
c1352,43.037045,16.369142,158.4361626727278,2023-01-14
c1352,43.037045,16.369142,146.00617961471826,2023-01-15
c1352,43.037045,16.369142,162.4838858218684,2023-01-16
c1352,43.037045,16.369142,150.85272253482594,2023-01-18
c1352,43.037045,16.369142,169.89905644488525,2023-01-19
c1352,43.037045,16.369142,174.54489168228727,2023-01-20
c1352,43.037045,16.369142,165.38259259512478,2023-01-21
c1352,43.037045,16.369142,171.61168107168356,2023-01-22
c1352,43.037045,16.369142,169.32632572078893,2023-01-23
c1352,43.037045,16.369142,165.96129992019843,2023-01-24
c1352,43.037045,16.369142,171.37997975421698,2023-01-25
c1352,43.037045,16.369142,181.6375159163744,2023-01-26
c1352,43.037045,16.369142,185.0601268444905,2023-01-27
c1352,43.037045,16.369142,184.60794875814707,2023-01-28
c1352,43.037045,16.369142,171.47834202820098,2023-01-29
c1352,43.037045,16.369142,146.7442819488744,2023-01-30
c1352,43.037045,16.369142,150.89581064819913,2023-01-31
c1352,43.037045,16.369142,157.0469820951687,2023-02-01
c1352,43.037045,16.369142,183.34532974306993,2023-02-02
c1352,43.037045,16.369142,162.88018566434602,2023-02-03
c1352,43.037045,16.369142,164.1440332065385,2023-02-04
c1352,43.037045,16.369142,152.70286396079635,2023-02-05
c1352,43.037045,16.369142,163.2930607474351,2023-02-06
c1352,43.037045,16.369142,149.36907047824732,2023-02-07
c1352,43.037045,16.369142,141.8200139592926,2023-02-08
c1352,43.037045,16.369142,150.45294942121242,2023-02-09
c1352,43.037045,16.369142,157.66207823992514,2023-02-10
c1352,43.037045,16.369142,144.81914094376572,2023-02-11
c1352,43.037045,16.369142,138.3137990780731,2023-02-12
c1352,43.037045,16.369142,121.11566053330463,2023-02-13
c1352,43.037045,16.369142,118.58507841673138,2023-02-14
c1352,43.037045,16.369142,121.17122020886865,2023-02-15
c1352,43.037045,16.369142,132.68502928692882,2023-02-16
c1352,43.037045,16.369142,151.2065767358595,2023-02-17
c1352,43.037045,16.369142,151.40123561506323,2023-02-18
c1352,43.037045,16.369142,137.87889629093385,2023-02-19
c1352,43.037045,16.369142,135.14332409731057,2023-02-20
c1352,43.037045,16.369142,142.95782653139153,2023-02-21
c1352,43.037045,16.369142,145.43903760791343,2023-02-22
c1352,43.037045,16.369142,142.7115331713183,2023-02-23
c1352,43.037045,16.369142,153.1212809852667,2023-02-24
c1352,43.037045,16.369142,158.37338914585112,2023-02-25
c1352,43.037045,16.369142,164.4315215772598,2023-02-26
c1352,43.037045,16.369142,166.04669890936125,2023-02-27
c1352,43.037045,16.369142,158.7348037003722,2023-02-28
c1352,43.037045,16.369142,143.37515136455062,2023-03-01
c1352,43.037045,16.369142,156.43793507179296,2023-03-02
c1352,43.037045,16.369142,164.08972118215567,2023-03-03
c1352,43.037045,16.369142,165.87666958579348,2023-03-04
c1352,43.037045,16.369142,172.2910208537848,2023-03-05
c1352,43.037045,16.369142,183.6247458456396,2023-03-06
c1352,43.037045,16.369142,169.69065805114406,2023-03-07
c1352,43.037045,16.369142,163.6224605746656,2023-03-08
c1352,43.037045,16.369142,148.12392393582576,2023-03-09
c1352,43.037045,16.369142,162.68822937578378,2023-03-10
c1352,43.037045,16.369142,168.269298434274,2023-03-11
c1352,43.037045,16.369142,164.03141868050673,2023-03-12
c1352,43.037045,16.369142,149.98331549879634,2023-03-13
c1352,43.037045,16.369142,151.95877038699984,2023-03-14
c1352,43.037045,16.369142,164.40834905704187,2023-03-15
c1352,43.037045,16.369142,158.96109330331,2023-03-16
c1352,43.037045,16.369142,152.11184989376042,2023-03-17
c1352,43.037045,16.369142,149.99249824183562,2023-03-18
c1352,43.037045,16.369142,150.17565729828226,2023-03-19
c1352,43.037045,16.369142,160.2147432052004,2023-03-20
c1352,43.037045,16.369142,161.21047724979562,2023-03-21
c1352,43.037045,16.369142,149.46852688603133,2023-03-22
c1352,43.037045,16.369142,147.6263803998126,2023-03-23
c1352,43.037045,16.369142,131.66004376514502,2023-03-24
c1352,43.037045,16.369142,155.01233484693097,2023-03-25
c1352,43.037045,16.369142,136.37412417340542,2023-03-26
c1352,43.037045,16.369142,174.77425738092438,2023-03-27
c1352,43.037045,16.369142,166.4409183995982,2023-03-28
c1352,43.037045,16.369142,162.86775740197672,2023-03-29
c1352,43.037045,16.369142,143.90151767035616,2023-03-30
c1352,43.037045,16.369142,149.1705124485965,2023-03-31
c1352,43.037045,16.369142,162.7472844693848,2023-04-01
c1352,43.037045,16.369142,168.25430830950634,2023-04-02
c1352,43.037045,16.369142,165.66262403221137,2023-04-03
c1352,43.037045,16.369142,184.53339076871197,2023-04-04
c1352,43.037045,16.369142,179.28932453224851,2023-04-05
c1352,43.037045,16.369142,171.9013320094016,2023-04-06
c1352,43.037045,16.369142,167.36465570306444,2023-04-07
c1352,43.037045,16.369142,175.8784629152368,2023-04-08
c1352,43.037045,16.369142,187.7628591608492,2023-04-09
c1352,43.037045,16.369142,180.50161453798611,2023-04-10
c1352,43.037045,16.369142,155.4975904415813,2023-04-11
c1352,43.037045,16.369142,133.7959708048317,2023-04-12
c1352,43.037045,16.369142,139.98046576496063,2023-04-13
c1352,43.037045,16.369142,193.4526004225034,2023-04-14
c1352,43.037045,16.369142,178.77763242537992,2023-04-15
c1352,43.037045,16.369142,175.4664478729068,2023-04-16
c1352,43.037045,16.369142,179.11033212607398,2023-04-17
c1352,43.037045,16.369142,179.32498586400578,2023-04-18
c1352,43.037045,16.369142,178.14369609652024,2023-04-19
c1352,43.037045,16.369142,179.46285426819773,2023-04-20
c1352,43.037045,16.369142,165.31651418551775,2023-04-21
c1352,43.037045,16.369142,164.3883437616942,2023-04-22
c1352,43.037045,16.369142,161.31140864014125,2023-04-23
c1352,43.037045,16.369142,167.27537087023123,2023-04-24
c1352,43.037045,16.369142,169.35933190919926,2023-04-25
c1352,43.037045,16.369142,164.6562526727863,2023-04-26
c1352,43.037045,16.369142,163.63232032990462,2023-04-27
c1352,43.037045,16.369142,152.9670482063011,2023-04-28
c1352,43.037045,16.369142,151.6563918162561,2023-04-29
c1352,43.037045,16.369142,151.17107162513577,2023-04-30
c1352,43.037045,16.369142,149.77657325934524,2023-05-01
c1352,43.037045,16.369142,154.760539196165,2023-05-02
c1352,43.037045,16.369142,150.87354231963687,2023-05-03
c1352,43.037045,16.369142,157.2482314722366,2023-05-04
c1352,43.037045,16.369142,152.6914018585043,2023-05-05
c1352,43.037045,16.369142,160.24875545811182,2023-05-06
c1352,43.037045,16.369142,157.16994664752684,2023-05-07
c1352,43.037045,16.369142,156.07282882255237,2023-05-08
c1352,43.037045,16.369142,160.85275024808465,2023-05-09
c1352,43.037045,16.369142,154.3844699104014,2023-05-10
c1352,43.037045,16.369142,163.13352453236865,2023-05-11
c1352,43.037045,16.369142,172.66870464384527,2023-05-12
c1352,43.037045,16.369142,163.56356377703503,2023-05-13
c1352,43.037045,16.369142,159.0599541301385,2023-05-14
c1352,43.037045,16.369142,153.30168388619933,2023-05-15
c1352,43.037045,16.369142,166.34306542737332,2023-05-16
c1352,43.037045,16.369142,160.28830791287407,2023-05-17
c1352,43.037045,16.369142,154.9465999342249,2023-05-18
c1352,43.037045,16.369142,152.08687473457206,2023-05-19
c1352,43.037045,16.369142,147.91087852745088,2023-05-20
c1352,43.037045,16.369142,153.9082374548292,2023-05-21
c1352,43.037045,16.369142,151.95930977176346,2023-05-22
c1352,43.037045,16.369142,152.407623353058,2023-05-23
c1352,43.037045,16.369142,152.113608095299,2023-05-24
c1352,43.037045,16.369142,151.18952696554237,2023-05-25
c1352,43.037045,16.369142,147.19881538050197,2023-05-26
c1352,43.037045,16.369142,143.67315550060067,2023-05-27
c1352,43.037045,16.369142,145.9227823409287,2023-05-28
c1352,43.037045,16.369142,148.39501802567148,2023-05-29
c1352,43.037045,16.369142,148.37944026779468,2023-05-30
c1352,43.037045,16.369142,147.46800285980763,2023-05-31
c1352,43.037045,16.369142,147.49535703694323,2023-06-01
c1352,43.037045,16.369142,147.47585283643957,2023-06-02
c1352,43.037045,16.369142,148.64406608960314,2023-06-03
c1352,43.037045,16.369142,150.70625865868317,2023-06-04
c1352,43.037045,16.369142,147.67787824526246,2023-06-05
c1352,43.037045,16.369142,154.8572712102776,2023-06-06
c1352,43.037045,16.369142,153.1081678236455,2023-06-07
c1352,43.037045,16.369142,150.6364727209514,2023-06-08
c1352,43.037045,16.369142,147.22744794550968,2023-06-09
c1352,43.037045,16.369142,150.56527822461447,2023-06-10
c1352,43.037045,16.369142,154.86500406150995,2023-06-11
c1352,43.037045,16.369142,157.41129210033756,2023-06-12
c1352,43.037045,16.369142,155.9353791623881,2023-06-13
c1352,43.037045,16.369142,158.52007105671024,2023-06-14
c1352,43.037045,16.369142,152.3910959936987,2023-06-15
c1352,43.037045,16.369142,152.91327723792767,2023-06-16
c1352,43.037045,16.369142,158.3360694448414,2023-06-17
c1352,43.037045,16.369142,148.19607480200426,2023-06-18
c1352,43.037045,16.369142,146.45808640461908,2023-06-19
c1352,43.037045,16.369142,143.7051488539406,2023-06-20
c1352,43.037045,16.369142,137.24688082974268,2023-06-21
c1352,43.037045,16.369142,135.9898653277792,2023-06-22
c1352,43.037045,16.369142,143.85805877454365,2023-06-23
c1352,43.037045,16.369142,152.65158298904169,2023-06-24
c1352,43.037045,16.369142,142.20805291417008,2023-06-25
c1352,43.037045,16.369142,143.9637055158136,2023-06-26
c1352,43.037045,16.369142,143.152022839915,2023-06-27
c1352,43.037045,16.369142,147.65126684170468,2023-06-28
c1352,43.037045,16.369142,145.4960753112695,2023-06-29
c1352,43.037045,16.369142,142.8661608961269,2023-06-30
c1352,43.037045,16.369142,157.58087142653525,2023-07-01
c1352,43.037045,16.369142,149.08734788693098,2023-07-02
c1352,43.037045,16.369142,139.6712269453465,2023-07-03
c1352,43.037045,16.369142,144.00875100486405,2023-07-04
c1352,43.037045,16.369142,146.68502890326135,2023-07-05
c1352,43.037045,16.369142,136.33428032110635,2023-07-06
c1352,43.037045,16.369142,138.25192493809283,2023-07-07
c1352,43.037045,16.369142,138.65745484923568,2023-07-08
c1352,43.037045,16.369142,134.687628941649,2023-07-09
c1352,43.037045,16.369142,139.1459926561476,2023-07-10
c1352,43.037045,16.369142,137.40245165769372,2023-07-11
c1352,43.037045,16.369142,130.8721083534007,2023-07-12
c1352,43.037045,16.369142,133.21308241882966,2023-07-13
c1352,43.037045,16.369142,139.5587784818197,2023-07-14
c1352,43.037045,16.369142,135.32623388447132,2023-07-15
c1352,43.037045,16.369142,130.91185253641422,2023-07-16
c1352,43.037045,16.369142,128.06880874064905,2023-07-17
c1352,43.037045,16.369142,129.14334028189077,2023-07-18
c1352,43.037045,16.369142,,2023-07-19
c1352,43.037045,16.369142,135.3929860451749,2023-07-20
c1352,43.037045,16.369142,133.56560124468265,2023-07-21
c1352,43.037045,16.369142,133.45515019377737,2023-07-22
c1352,43.037045,16.369142,144.4038032773381,2023-07-23
c1352,43.037045,16.369142,130.76296966843626,2023-07-24
c1352,43.037045,16.369142,140.1905306906847,2023-07-25
c1352,43.037045,16.369142,152.22741632391146,2023-07-26
c1352,43.037045,16.369142,136.87647642281243,2023-07-27
c1352,43.037045,16.369142,142.3375641934505,2023-07-28
c1352,43.037045,16.369142,140.06634159914827,2023-07-29
c1352,43.037045,16.369142,137.87747442219427,2023-07-30
c1352,43.037045,16.369142,140.49495329967334,2023-07-31
c1352,43.037045,16.369142,139.98724033743534,2023-08-01
c1352,43.037045,16.369142,132.91636124491967,2023-08-02
c1352,43.037045,16.369142,133.59689403538604,2023-08-03
c1352,43.037045,16.369142,135.01734232894202,2023-08-04
c1352,43.037045,16.369142,148.48789489509892,2023-08-05
c1352,43.037045,16.369142,144.34247700626457,2023-08-06
c1352,43.037045,16.369142,139.28044919080295,2023-08-07
c1352,43.037045,16.369142,141.68495521025585,2023-08-10
c1352,43.037045,16.369142,137.47061966384535,2023-08-11
c1352,43.037045,16.369142,138.8520026134432,2023-08-12
c1352,43.037045,16.369142,,2023-08-13
c1352,43.037045,16.369142,134.43580545808734,2023-08-14
c1352,43.037045,16.369142,132.97116331879397,2023-08-15
c1352,43.037045,16.369142,128.0174593292491,2023-08-16
c1352,43.037045,16.369142,128.30414304959945,2023-08-17
c1352,43.037045,16.369142,129.2593571347046,2023-08-18
c1352,43.037045,16.369142,139.40594547695082,2023-08-19
c1352,43.037045,16.369142,135.84728361692228,2023-08-20
c1352,43.037045,16.369142,129.56865770618256,2023-08-21
c1352,43.037045,16.369142,129.45794533782868,2023-08-22
c1352,43.037045,16.369142,131.58287345272575,2023-08-23
c1352,43.037045,16.369142,129.8506721818133,2023-08-24
c1352,43.037045,16.369142,126.72176867756272,2023-08-25
c1352,43.037045,16.369142,131.81224558403284,2023-08-26
c1352,43.037045,16.369142,129.56129425107144,2023-08-27
c1352,43.037045,16.369142,130.35516457800878,2023-08-28
c1352,43.037045,16.369142,139.68348655382664,2023-08-29
c1352,43.037045,16.369142,140.44590342067607,2023-08-30
c1352,43.037045,16.369142,142.19127837650893,2023-08-31
c1352,43.037045,16.369142,136.99870023363826,2023-09-01
c1352,43.037045,16.369142,138.38189654477415,2023-09-02
c1352,43.037045,16.369142,138.390629094406,2023-09-03
c1352,43.037045,16.369142,128.92478594421226,2023-09-04
c1352,43.037045,16.369142,133.3343628079727,2023-09-05
c1352,43.037045,16.369142,130.52740357186917,2023-09-06
c1352,43.037045,16.369142,133.18225403695405,2023-09-07
c1352,43.037045,16.369142,135.13392444098562,2023-09-08
c1352,43.037045,16.369142,128.87226811358465,2023-09-09
c1352,43.037045,16.369142,128.07687418705402,2023-09-10
c1352,43.037045,16.369142,128.25671168003325,2023-09-11
c1352,43.037045,16.369142,132.69495775251715,2023-09-12
c1352,43.037045,16.369142,131.34536067105643,2023-09-13
c1352,43.037045,16.369142,132.9483135698399,2023-09-14
c1352,43.037045,16.369142,134.07224847351213,2023-09-15
c1352,43.037045,16.369142,129.73028611063344,2023-09-16
c1352,43.037045,16.369142,126.5197476656717,2023-09-17
c1352,43.037045,16.369142,119.24846624396784,2023-09-18
c1352,43.037045,16.369142,123.14027125902427,2023-09-19
c1352,43.037045,16.369142,122.42266935971374,2023-09-20
c1352,43.037045,16.369142,130.23144691618197,2023-09-21
c1352,43.037045,16.369142,121.12111735600868,2023-09-22
c1352,43.037045,16.369142,131.46342653579686,2023-09-23
c1352,43.037045,16.369142,141.5673326220065,2023-09-24
c1352,43.037045,16.369142,130.9983524438453,2023-09-25
c1352,43.037045,16.369142,127.69095226758832,2023-09-26
c1352,43.037045,16.369142,128.302496154972,2023-09-27
c1352,43.037045,16.369142,128.63026582198447,2023-09-28
c1352,43.037045,16.369142,128.708445197606,2023-09-29
c1352,43.037045,16.369142,125.09844110679138,2023-09-30
c1352,43.037045,16.369142,123.9018527760828,2023-10-01
c1352,43.037045,16.369142,124.19904144222676,2023-10-02
c1352,43.037045,16.369142,119.34606747236616,2023-10-03
c1352,43.037045,16.369142,124.75145283212468,2023-10-04
c1352,43.037045,16.369142,135.80152747446786,2023-10-05
c1352,43.037045,16.369142,135.3846969331365,2023-10-06
c1352,43.037045,16.369142,130.10270964375448,2023-10-07
c1352,43.037045,16.369142,125.6002919316087,2023-10-08
c1352,43.037045,16.369142,121.16540476062826,2023-10-09
c1352,43.037045,16.369142,127.60421384900326,2023-10-10
c1352,43.037045,16.369142,122.93548660198547,2023-10-11
c1352,43.037045,16.369142,117.50821331219458,2023-10-12
c1352,43.037045,16.369142,120.56210129619852,2023-10-13
c1352,43.037045,16.369142,123.40484213675992,2023-10-14
c1352,43.037045,16.369142,133.325048181596,2023-10-15
c1352,43.037045,16.369142,127.12240159324298,2023-10-16
c1352,43.037045,16.369142,132.95581432412877,2023-10-17
c1352,43.037045,16.369142,124.84279420846566,2023-10-18
c1352,43.037045,16.369142,129.64058299410058,2023-10-19
c1352,43.037045,16.369142,123.5556258158448,2023-10-20
c1352,43.037045,16.369142,132.97001129662056,2023-10-21
c1352,43.037045,16.369142,133.83175153901607,2023-10-22
c1352,43.037045,16.369142,127.77474555928045,2023-10-23
c1352,43.037045,16.369142,125.15203819796513,2023-10-24
c1352,43.037045,16.369142,125.48727761006448,2023-10-25
c1352,43.037045,16.369142,122.7848861279297,2023-10-26
c1352,43.037045,16.369142,118.6848897492124,2023-10-27
c1352,43.037045,16.369142,124.72204476298349,2023-10-28
c1352,43.037045,16.369142,125.0598332505312,2023-10-29
c1352,43.037045,16.369142,125.41471342971042,2023-10-30
c1352,43.037045,16.369142,137.03116949632903,2023-10-31
c1352,43.037045,16.369142,138.59827446264947,2023-11-01
c1352,43.037045,16.369142,130.35853699735958,2023-11-02
c1352,43.037045,16.369142,131.47252754968756,2023-11-03
c1352,43.037045,16.369142,141.81307370158507,2023-11-04
c1352,43.037045,16.369142,118.1477741859503,2023-11-05
c1352,43.037045,16.369142,126.20354565022252,2023-11-06
c1352,43.037045,16.369142,130.10086978465915,2023-11-07
c1352,43.037045,16.369142,144.4887359889116,2023-11-08
c1352,43.037045,16.369142,141.63344021342468,2023-11-09
c1352,43.037045,16.369142,151.7763611759059,2023-11-10
c1352,43.037045,16.369142,147.43002260214166,2023-11-11
c1352,43.037045,16.369142,141.6446104656035,2023-11-12
c1352,43.037045,16.369142,125.87225977059774,2023-11-13
c1352,43.037045,16.369142,115.0645677751342,2023-11-14
c1352,43.037045,16.369142,117.83209274357822,2023-11-15
c1352,43.037045,16.369142,127.304780335982,2023-11-16
c1352,43.037045,16.369142,142.8062624046965,2023-11-17
c1352,43.037045,16.369142,132.0665615965108,2023-11-18
c1352,43.037045,16.369142,116.9082399675776,2023-11-19
c1352,43.037045,16.369142,127.3194593556498,2023-11-20
c1352,43.037045,16.369142,148.72962647661285,2023-11-21
c1352,43.037045,16.369142,128.65530238937063,2023-11-23
c1352,43.037045,16.369142,126.37157639606,2023-11-24
c1352,43.037045,16.369142,158.48406514802113,2023-11-25
c1352,43.037045,16.369142,159.80733475492474,2023-11-26
c1352,43.037045,16.369142,144.0379252593288,2023-11-27
c1352,43.037045,16.369142,145.99135422644648,2023-11-28
c1352,43.037045,16.369142,134.67591679415742,2023-11-29
c1352,43.037045,16.369142,129.80188296218165,2023-11-30
c1352,43.037045,16.369142,123.41027125055231,2023-12-01
c1352,43.037045,16.369142,123.25495917208512,2023-12-02
c1352,43.037045,16.369142,132.9667763841188,2023-12-03
c1352,43.037045,16.369142,130.0219117711975,2023-12-04
c1352,43.037045,16.369142,140.27681297070075,2023-12-05
c1352,43.037045,16.369142,138.9739147780739,2023-12-06
c1352,43.037045,16.369142,146.21395666108012,2023-12-07
c1352,43.037045,16.369142,130.08112364061603,2023-12-08
c1352,43.037045,16.369142,151.91997002799616,2023-12-09
c1352,43.037045,16.369142,155.37490015381158,2023-12-10
c1352,43.037045,16.369142,140.6384841021803,2023-12-11
c1352,43.037045,16.369142,122.89065970065352,2023-12-12
c1352,43.037045,16.369142,121.81274541152727,2023-12-13
c1352,43.037045,16.369142,160.3620576465639,2023-12-14
c1352,43.037045,16.369142,148.8453767711065,2023-12-15
c1352,43.037045,16.369142,151.45445448676432,2023-12-16
c1352,43.037045,16.369142,135.0983870450254,2023-12-17
c1352,43.037045,16.369142,121.5459925479046,2023-12-18
c1352,43.037045,16.369142,118.95393219869634,2023-12-19
c1352,43.037045,16.369142,122.68023602273072,2023-12-20
c1352,43.037045,16.369142,131.6098929992308,2023-12-21
c1352,43.037045,16.369142,130.8626566107491,2023-12-22
c1352,43.037045,16.369142,131.92238840641895,2023-12-23
c1352,43.037045,16.369142,120.26358221093535,2023-12-24
c1352,43.037045,16.369142,118.26939159605328,2023-12-25
c1352,43.037045,16.369142,125.47735115954524,2023-12-26
c1352,43.037045,16.369142,127.25605665936726,2023-12-27
c1352,43.037045,16.369142,127.07191260997656,2023-12-28
c1352,43.037045,16.369142,131.78239446563032,2023-12-29
c1352,43.037045,16.369142,144.3407570346725,2023-12-30
c1352,43.037045,16.369142,134.07299858319251,2023-12-31
c1352,43.037045,16.369142,140.31510882977784,2024-01-01
c1352,43.037045,16.369142,136.72372180874336,2024-01-02
c1352,43.037045,16.369142,130.20704915675967,2024-01-03
c1352,43.037045,16.369142,140.17916232389408,2024-01-04
c1352,43.037045,16.369142,138.44147700432805,2024-01-05
c1352,43.037045,16.369142,149.56100458491545,2024-01-06
c1352,43.037045,16.369142,160.79332089564298,2024-01-07
c1352,43.037045,16.369142,170.93586274755882,2024-01-08
c1352,43.037045,16.369142,160.42760823124834,2024-01-09
c1352,43.037045,16.369142,157.00380261312412,2024-01-10
c1352,43.037045,16.369142,148.88479138650533,2024-01-11
c1352,43.037045,16.369142,150.38375398245483,2024-01-12
c1352,43.037045,16.369142,146.4481505365636,2024-01-13
c1352,43.037045,16.369142,163.28932929402598,2024-01-14
c1352,43.037045,16.369142,156.69001114593107,2024-01-15
c1352,43.037045,16.369142,168.25804054985898,2024-01-16
c1352,43.037045,16.369142,154.05662582919973,2024-01-17
c1352,43.037045,16.369142,157.9150816454878,2024-01-18
c1352,43.037045,16.369142,173.71096997837932,2024-01-19
c1352,43.037045,16.369142,170.17663255660287,2024-01-20
c1352,43.037045,16.369142,142.1772083926001,2024-01-21
c1352,43.037045,16.369142,162.99007388750994,2024-01-22
c1352,43.037045,16.369142,183.6057185205512,2024-01-23
c1352,43.037045,16.369142,161.7499222888357,2024-01-24
c1352,43.037045,16.369142,155.4809982278811,2024-01-25
c1352,43.037045,16.369142,154.34457814554355,2024-01-26
c1352,43.037045,16.369142,173.20360410338955,2024-01-27
c1352,43.037045,16.369142,168.3584119374201,2024-01-28
c1352,43.037045,16.369142,170.68239157932447,2024-01-29
c1352,43.037045,16.369142,167.3214316478491,2024-01-30
c1352,43.037045,16.369142,147.1053534666965,2024-01-31
c1352,43.037045,16.369142,170.87202899139936,2024-02-01
c1352,43.037045,16.369142,174.1250888876492,2024-02-02
c1352,43.037045,16.369142,149.64489428669282,2024-02-03
c1352,43.037045,16.369142,165.4243527241509,2024-02-04
c1352,43.037045,16.369142,157.11926856834882,2024-02-05
c1352,43.037045,16.369142,149.58223229445093,2024-02-06
c1352,43.037045,16.369142,157.87264404794112,2024-02-07
c1352,43.037045,16.369142,147.93219573575075,2024-02-08
c1352,43.037045,16.369142,154.24749876440387,2024-02-09
c1352,43.037045,16.369142,154.7275182571879,2024-02-10
c1352,43.037045,16.369142,199.86402752789965,2024-02-11
c1352,43.037045,16.369142,186.03836750803904,2024-02-12
c1352,43.037045,16.369142,176.11590111371558,2024-02-13
c1352,43.037045,16.369142,158.75885201811676,2024-02-14
c1352,43.037045,16.369142,156.87016291320083,2024-02-15
c1352,43.037045,16.369142,146.81775341515342,2024-02-16
c1352,43.037045,16.369142,159.0650466261847,2024-02-17
c1352,43.037045,16.369142,145.5069277466318,2024-02-18
c1352,43.037045,16.369142,136.64583076822638,2024-02-19
c1352,43.037045,16.369142,169.78443049567758,2024-02-20
c1352,43.037045,16.369142,167.13876309198878,2024-02-21
c1352,43.037045,16.369142,160.38747441925557,2024-02-22
c1352,43.037045,16.369142,152.71826847167128,2024-02-23
c1352,43.037045,16.369142,188.33100663974844,2024-02-24
c1352,43.037045,16.369142,205.99461646754537,2024-02-25
c1352,43.037045,16.369142,169.44394774139803,2024-02-26
c1352,43.037045,16.369142,180.78365324674007,2024-02-27
c1352,43.037045,16.369142,183.55118722477656,2024-02-28
c1352,43.037045,16.369142,176.2718673252499,2024-02-29
c1352,43.037045,16.369142,204.8440370436915,2024-03-01
c1352,43.037045,16.369142,174.087098152774,2024-03-02
c1352,43.037045,16.369142,174.4603527310249,2024-03-03
c1352,43.037045,16.369142,192.6735149069231,2024-03-04
c1352,43.037045,16.369142,194.75966492971193,2024-03-05
c1352,43.037045,16.369142,202.9311281093395,2024-03-06
c1352,43.037045,16.369142,204.79297247662177,2024-03-07
c1352,43.037045,16.369142,165.2224418676792,2024-03-08
c1352,43.037045,16.369142,188.0102241483654,2024-03-09
c1352,43.037045,16.369142,169.7326480005494,2024-03-10
c1352,43.037045,16.369142,216.2211771974821,2024-03-11
c1352,43.037045,16.369142,215.471595760553,2024-03-12
c1352,43.037045,16.369142,187.47355045009175,2024-03-13
c1352,43.037045,16.369142,172.69447967284697,2024-03-14
c1352,43.037045,16.369142,135.3481626868663,2024-03-15
c1352,43.037045,16.369142,171.04992712915018,2024-03-16
c1352,43.037045,16.369142,154.33763900379523,2024-03-17
c1352,43.037045,16.369142,153.98516443295932,2024-03-18
c1352,43.037045,16.369142,174.50054925378836,2024-03-19
c1352,43.037045,16.369142,170.1718943636398,2024-03-20
c1352,43.037045,16.369142,167.53367658111512,2024-03-21
c1352,43.037045,16.369142,172.84250052683794,2024-03-22
c1352,43.037045,16.369142,172.84952482758462,2024-03-23
c1352,43.037045,16.369142,183.21227395275017,2024-03-24
c1352,43.037045,16.369142,171.51477361015424,2024-03-25
c1352,43.037045,16.369142,178.10010180988354,2024-03-26
c1352,43.037045,16.369142,165.75331598111762,2024-03-27
c1352,43.037045,16.369142,183.26631504703303,2024-03-28
c1352,43.037045,16.369142,151.25182816608873,2024-03-29
c1352,43.037045,16.369142,158.96135322219465,2024-03-30
c1352,43.037045,16.369142,169.41277545080325,2024-03-31
c1352,43.037045,16.369142,165.4090209658163,2024-04-01
c1352,43.037045,16.369142,191.08147834959468,2024-04-02
c1352,43.037045,16.369142,151.89009352099987,2024-04-03
c1352,43.037045,16.369142,168.3222322916832,2024-04-04
c1352,43.037045,16.369142,161.7220271599999,2024-04-05
c1352,43.037045,16.369142,165.13194274439178,2024-04-06
c1352,43.037045,16.369142,158.97143868178216,2024-04-07
c1352,43.037045,16.369142,156.8668866568886,2024-04-08
c1352,43.037045,16.369142,153.43095256884655,2024-04-09
c1352,43.037045,16.369142,152.1887730232955,2024-04-10
c1352,43.037045,16.369142,152.16241358065483,2024-04-11
c1352,43.037045,16.369142,150.05028843769307,2024-04-12
c1352,43.037045,16.369142,143.86393918628357,2024-04-13
c1352,43.037045,16.369142,126.92237017699472,2024-04-14
c1352,43.037045,16.369142,136.4093840536823,2024-04-15
c1352,43.037045,16.369142,147.6559995732474,2024-04-16
c1352,43.037045,16.369142,177.98576112769794,2024-04-17
c1352,43.037045,16.369142,189.44717460437903,2024-04-18
c1352,43.037045,16.369142,191.4020207111497,2024-04-19
c1352,43.037045,16.369142,201.7943063278104,2024-04-20
c1352,43.037045,16.369142,202.8295230639094,2024-04-21
c1352,43.037045,16.369142,177.96525362033915,2024-04-22
c1352,43.037045,16.369142,186.1158012038207,2024-04-23
c1352,43.037045,16.369142,210.17050012966735,2024-04-24
c1352,43.037045,16.369142,190.41153216073124,2024-04-25
c1352,43.037045,16.369142,189.91139972331385,2024-04-26
c1352,43.037045,16.369142,178.122438072997,2024-04-27
c1352,43.037045,16.369142,154.02738146944947,2024-04-28
c1352,43.037045,16.369142,158.75148270106143,2024-04-29
c1352,43.037045,16.369142,153.40404419669412,2024-04-30
c1352,43.037045,16.369142,159.03792856972447,2024-05-01
c1352,43.037045,16.369142,164.5909351799165,2024-05-02
c1352,43.037045,16.369142,184.2543078268628,2024-05-03
c1352,43.037045,16.369142,172.66865940441792,2024-05-04
c1352,43.037045,16.369142,156.25163949106124,2024-05-05
c1352,43.037045,16.369142,153.16845115556265,2024-05-06
c1352,43.037045,16.369142,158.5314661304096,2024-05-07
c1352,43.037045,16.369142,166.19155166881797,2024-05-08
c1352,43.037045,16.369142,174.56794038978612,2024-05-09
c1352,43.037045,16.369142,183.05548757623447,2024-05-10
c1352,43.037045,16.369142,166.84213807765192,2024-05-13
c1352,43.037045,16.369142,171.07584308838412,2024-05-14
c1352,43.037045,16.369142,168.3857670999828,2024-05-15
c1352,43.037045,16.369142,164.59413521173852,2024-05-16
c1352,43.037045,16.369142,172.70492693483598,2024-05-17
c1352,43.037045,16.369142,155.18309918496166,2024-05-18
c1352,43.037045,16.369142,151.19247135232024,2024-05-19
c1352,43.037045,16.369142,154.42356753660144,2024-05-20
c1352,43.037045,16.369142,162.20209509130186,2024-05-21
c1352,43.037045,16.369142,162.27434614817705,2024-05-22
c1352,43.037045,16.369142,159.07399168642783,2024-05-23
c1352,43.037045,16.369142,161.15063290084896,2024-05-24
c1352,43.037045,16.369142,166.12115215154827,2024-05-25
c1352,43.037045,16.369142,178.21899461343827,2024-05-26
c1352,43.037045,16.369142,164.31330844253102,2024-05-27
c1352,43.037045,16.369142,166.9085515144553,2024-05-28
c1352,43.037045,16.369142,170.8909912410122,2024-05-29
c1352,43.037045,16.369142,164.86904414949393,2024-05-30
c1352,43.037045,16.369142,153.75317726476973,2024-05-31
c1352,43.037045,16.369142,160.02938139796672,2024-06-01
c1352,43.037045,16.369142,160.55305709031842,2024-06-02
c1352,43.037045,16.369142,180.5659759249353,2024-06-03
c1352,43.037045,16.369142,167.82966862693385,2024-06-04
c1352,43.037045,16.369142,174.06450165161343,2024-06-05
c1352,43.037045,16.369142,155.89456602598398,2024-06-06
c1352,43.037045,16.369142,152.978564202499,2024-06-07
c1352,43.037045,16.369142,148.34308841772355,2024-06-08
c1352,43.037045,16.369142,138.90039799673642,2024-06-09
c1352,43.037045,16.369142,150.68874050322776,2024-06-10
c1352,43.037045,16.369142,161.88811875465333,2024-06-11
c1352,43.037045,16.369142,150.66356973864197,2024-06-12
c1352,43.037045,16.369142,163.2455198671226,2024-06-13
c1352,43.037045,16.369142,148.5176913331377,2024-06-14
c1352,43.037045,16.369142,149.48694770279894,2024-06-15
c1352,43.037045,16.369142,150.8047075711164,2024-06-16
c1352,43.037045,16.369142,145.94419986753505,2024-06-17
c1352,43.037045,16.369142,145.93563427563603,2024-06-18
c1352,43.037045,16.369142,141.34463403375955,2024-06-19
c1352,43.037045,16.369142,133.2258921767532,2024-06-20
c1352,43.037045,16.369142,134.0424736804663,2024-06-21
c1352,43.037045,16.369142,137.13945507280508,2024-06-22
c1352,43.037045,16.369142,151.88512500692696,2024-06-23
c1352,43.037045,16.369142,157.02129148369568,2024-06-24
c1352,43.037045,16.369142,153.870565838639,2024-06-25
c1352,43.037045,16.369142,160.38261611636378,2024-06-26
c1352,43.037045,16.369142,167.632183551511,2024-06-27
c1352,43.037045,16.369142,150.7728505148825,2024-06-28
c1352,43.037045,16.369142,144.24586702614508,2024-06-29
c1352,43.037045,16.369142,140.31438386686943,2024-06-30
c1352,43.037045,16.369142,142.4855814718199,2024-07-01
c1352,43.037045,16.369142,163.6682560171662,2024-07-02
c1352,43.037045,16.369142,164.82279365930071,2024-07-03
c1352,43.037045,16.369142,153.61739344315046,2024-07-04
c1352,43.037045,16.369142,146.7118307702576,2024-07-05
c1352,43.037045,16.369142,147.37699611263795,2024-07-06
c1352,43.037045,16.369142,143.93332235181342,2024-07-07
c1352,43.037045,16.369142,142.76373576118522,2024-07-08
c1352,43.037045,16.369142,141.97020564582053,2024-07-09
c1352,43.037045,16.369142,142.37893855509546,2024-07-10
c1352,43.037045,16.369142,139.4776943564293,2024-07-11
c1352,43.037045,16.369142,134.58798980118394,2024-07-12
c1352,43.037045,16.369142,133.7365613946657,2024-07-13
c1352,43.037045,16.369142,137.4330730319353,2024-07-14
c1352,43.037045,16.369142,134.82295395279445,2024-07-15
c1352,43.037045,16.369142,139.521187195965,2024-07-16
c1352,43.037045,16.369142,145.10428191435977,2024-07-17
c1352,43.037045,16.369142,145.32376784805135,2024-07-18
c1352,43.037045,16.369142,141.67307633408393,2024-07-19
c1352,43.037045,16.369142,147.0239895843322,2024-07-20
c1352,43.037045,16.369142,139.6140770056595,2024-07-21
c1352,43.037045,16.369142,152.4610648365404,2024-07-22
c1352,43.037045,16.369142,140.6930480681942,2024-07-23
c1352,43.037045,16.369142,148.5112016441216,2024-07-24
c1352,43.037045,16.369142,146.7342961653327,2024-07-25
c1352,43.037045,16.369142,141.1227877183279,2024-07-28
c1352,43.037045,16.369142,140.36549046458595,2024-07-29
c1352,43.037045,16.369142,146.86903604960312,2024-07-31
c1352,43.037045,16.369142,139.64279734867995,2024-08-01
c1352,43.037045,16.369142,148.29869653354407,2024-08-03
c1352,43.037045,16.369142,148.15748763498897,2024-08-04
c1352,43.037045,16.369142,150.17782410019916,2024-08-05
c1352,43.037045,16.369142,139.2802513567165,2024-08-06
c1352,43.037045,16.369142,144.8686415332215,2024-08-07
c1352,43.037045,16.369142,146.0271631407119,2024-08-08
c1352,43.037045,16.369142,142.202885580567,2024-08-09
c1352,43.037045,16.369142,134.081612979346,2024-08-10
c1352,43.037045,16.369142,137.11956963620088,2024-08-11
c1352,43.037045,16.369142,137.83609714375845,2024-08-12
c1352,43.037045,16.369142,138.71469481682738,2024-08-13
c1352,43.037045,16.369142,136.9600092783698,2024-08-14
c1352,43.037045,16.369142,136.22461083093415,2024-08-15
c1352,43.037045,16.369142,136.56730246164304,2024-08-16
c1352,43.037045,16.369142,136.28735753284525,2024-08-17
c1352,43.037045,16.369142,137.72914867048723,2024-08-18
c1352,43.037045,16.369142,144.4630819350684,2024-08-19
c1352,43.037045,16.369142,145.87421934112064,2024-08-20
c1352,43.037045,16.369142,138.8918543278671,2024-08-21
c1352,43.037045,16.369142,150.8252905248203,2024-08-22
c1352,43.037045,16.369142,141.6055868398087,2024-08-23
c1352,43.037045,16.369142,137.20796588083263,2024-08-24
c1352,43.037045,16.369142,136.47945003925904,2024-08-25
c1352,43.037045,16.369142,136.71227928319766,2024-08-26
c1352,43.037045,16.369142,143.41110587857796,2024-08-27
c1352,43.037045,16.369142,141.36779661143908,2024-08-28
c1352,43.037045,16.369142,143.94322768943738,2024-08-29
c1352,43.037045,16.369142,146.05247231322772,2024-08-30
c1352,43.037045,16.369142,137.92326787837283,2024-08-31
c1352,43.037045,16.369142,137.72826455650736,2024-09-01
c1352,43.037045,16.369142,139.22091396462855,2024-09-02
c1352,43.037045,16.369142,143.18357174919552,2024-09-03
c1352,43.037045,16.369142,138.79206491860137,2024-09-04
c1352,43.037045,16.369142,133.43986392367745,2024-09-05
c1352,43.037045,16.369142,136.14381794132566,2024-09-06
c1352,43.037045,16.369142,131.99373891860589,2024-09-07
c1352,43.037045,16.369142,128.52554591770186,2024-09-08
c1352,43.037045,16.369142,136.05229933940868,2024-09-09
c1352,43.037045,16.369142,141.9969423126495,2024-09-10
c1352,43.037045,16.369142,141.34187566940005,2024-09-11
c1352,43.037045,16.369142,143.35693803148385,2024-09-12
c1352,43.037045,16.369142,154.09732131308812,2024-09-13
c1352,43.037045,16.369142,159.71521705897703,2024-09-14
c1352,43.037045,16.369142,148.3559759664465,2024-09-15
c1352,43.037045,16.369142,148.87192379828676,2024-09-16
c1352,43.037045,16.369142,144.96009718990774,2024-09-17
c1352,43.037045,16.369142,144.5026144787137,2024-09-18
c1352,43.037045,16.369142,147.0529755064268,2024-09-19
c1352,43.037045,16.369142,148.7856296430758,2024-09-20
c1352,43.037045,16.369142,140.60692629878463,2024-09-21
c1352,43.037045,16.369142,135.55918030515295,2024-09-22
c1352,43.037045,16.369142,137.50231589101236,2024-09-23
c1352,43.037045,16.369142,,2024-09-24
c1352,43.037045,16.369142,148.6343997259887,2024-09-25
c1352,43.037045,16.369142,132.3738174435461,2024-09-26
c1352,43.037045,16.369142,129.97099985513535,2024-09-27
c1352,43.037045,16.369142,129.43069379097224,2024-09-28
c1352,43.037045,16.369142,145.65182799324208,2024-09-29
c1352,43.037045,16.369142,135.19538254810828,2024-09-30
c1352,43.037045,16.369142,133.17970356826373,2024-10-01
c1352,43.037045,16.369142,135.3359447586756,2024-10-02
c1352,43.037045,16.369142,135.56915734705046,2024-10-03
c1352,43.037045,16.369142,137.36350311993982,2024-10-04
c1352,43.037045,16.369142,146.31631618816104,2024-10-05
c1352,43.037045,16.369142,135.2401931275868,2024-10-06
c1352,43.037045,16.369142,129.7429225555152,2024-10-07
c1352,43.037045,16.369142,128.91589849781636,2024-10-08
c1352,43.037045,16.369142,131.84970528728576,2024-10-09
c1352,43.037045,16.369142,128.54236101541883,2024-10-10
c1352,43.037045,16.369142,132.19351147069025,2024-10-11
c1352,43.037045,16.369142,132.87309156594836,2024-10-12
c1352,43.037045,16.369142,134.43280174277888,2024-10-13
c1352,43.037045,16.369142,133.90958610964643,2024-10-14
c1352,43.037045,16.369142,129.61499856421517,2024-10-15
c1352,43.037045,16.369142,131.9103621293608,2024-10-16
c1352,43.037045,16.369142,126.53021237306308,2024-10-17
c1352,43.037045,16.369142,121.3277667684486,2024-10-18
c1352,43.037045,16.369142,128.54285716895146,2024-10-19
c1352,43.037045,16.369142,127.06046567301036,2024-10-20
c1352,43.037045,16.369142,126.80201651862733,2024-10-21
c1352,43.037045,16.369142,125.36782796705567,2024-10-22
c1352,43.037045,16.369142,124.78141372868215,2024-10-23
c1352,43.037045,16.369142,117.76595735558236,2024-10-24
c1352,43.037045,16.369142,,2024-10-25
c1352,43.037045,16.369142,124.92798919233664,2024-10-26
c1352,43.037045,16.369142,125.39205725970044,2024-10-27
c1352,43.037045,16.369142,127.82022761939194,2024-10-28
c1352,43.037045,16.369142,125.0509016197274,2024-10-29
c1352,43.037045,16.369142,124.43012213016428,2024-10-30
c1352,43.037045,16.369142,123.82178636553635,2024-10-31
c1352,43.037045,16.369142,122.3239088203502,2024-11-02
c1352,43.037045,16.369142,121.7606578556965,2024-11-03
c1352,43.037045,16.369142,123.32986233028574,2024-11-04
c1352,43.037045,16.369142,122.7101170838833,2024-11-05
c1352,43.037045,16.369142,126.24295084337416,2024-11-06
c1352,43.037045,16.369142,125.96159263314122,2024-11-07
c1352,43.037045,16.369142,131.75504759557452,2024-11-08
c1352,43.037045,16.369142,132.37519793155232,2024-11-09
c1352,43.037045,16.369142,133.7335572559571,2024-11-10
c1352,43.037045,16.369142,138.13315738248406,2024-11-11
c1352,43.037045,16.369142,,2024-11-12
c1352,43.037045,16.369142,131.7205399399175,2024-11-13
c1352,43.037045,16.369142,136.4025973349414,2024-11-14
c1352,43.037045,16.369142,127.69866909207704,2024-11-15
c1352,43.037045,16.369142,123.56182940068894,2024-11-16
c1352,43.037045,16.369142,128.47555891834338,2024-11-17
c1352,43.037045,16.369142,129.72230440423513,2024-11-18
c1352,43.037045,16.369142,126.39436065087403,2024-11-19
c1352,43.037045,16.369142,129.087710075035,2024-11-20
c1352,43.037045,16.369142,141.67224318139031,2024-11-21
c1352,43.037045,16.369142,,2024-11-22
c1352,43.037045,16.369142,132.46764076813452,2024-11-23
c1352,43.037045,16.369142,134.05952073571405,2024-11-24
c1352,43.037045,16.369142,132.03285343630245,2024-11-25
c1352,43.037045,16.369142,132.48478042851087,2024-11-26
c1352,43.037045,16.369142,136.5544578509868,2024-11-27
c1352,43.037045,16.369142,143.6660241451329,2024-11-28
c1352,43.037045,16.369142,152.51846456198703,2024-11-29
c1352,43.037045,16.369142,145.15335215368106,2024-11-30
c1352,43.037045,16.369142,149.3543576030354,2024-12-01
c1352,43.037045,16.369142,140.5033372787044,2024-12-02
c1352,43.037045,16.369142,,2024-12-03
c1352,43.037045,16.369142,144.14508929152504,2024-12-04
c1352,43.037045,16.369142,152.26633928986945,2024-12-05
c1352,43.037045,16.369142,147.46813835415338,2024-12-06
c1352,43.037045,16.369142,138.03660729431363,2024-12-07
c1352,43.037045,16.369142,135.34067045350622,2024-12-08
c1352,43.037045,16.369142,143.07783993076558,2024-12-09
c1352,43.037045,16.369142,144.83601831359613,2024-12-10
c1352,43.037045,16.369142,143.2563982635773,2024-12-11
c1352,43.037045,16.369142,127.77600432957368,2024-12-12
c1352,43.037045,16.369142,133.39381297217386,2024-12-13
c1352,43.037045,16.369142,129.89921108034207,2024-12-14
c1352,43.037045,16.369142,152.60096783768458,2024-12-15
c1352,43.037045,16.369142,132.37684797864307,2024-12-16
c1352,43.037045,16.369142,123.56318890533784,2024-12-17
c1352,43.037045,16.369142,140.03023431629498,2024-12-18
c1352,43.037045,16.369142,124.8581710428435,2024-12-19
c1352,43.037045,16.369142,163.98187195279326,2024-12-20
c1352,43.037045,16.369142,149.99175136451623,2024-12-21
c1352,43.037045,16.369142,139.29187675569344,2024-12-22
c1352,43.037045,16.369142,177.82470180770025,2024-12-23
c1352,43.037045,16.369142,185.1160384604421,2024-12-24
c1352,43.037045,16.369142,175.83608134004766,2024-12-25
c1352,43.037045,16.369142,166.54390425165877,2024-12-26
c1352,43.037045,16.369142,148.9747964936228,2024-12-27
c1352,43.037045,16.369142,131.76503635631295,2024-12-28
c1352,43.037045,16.369142,136.21161849995957,2024-12-29
c1352,43.037045,16.369142,139.30138757362442,2024-12-30
c1352,43.037045,16.369142,137.18863467614844,2025-01-01
c1352,43.037045,16.369142,144.46409859859625,2025-01-02
c1352,43.037045,16.369142,150.51569732173377,2025-01-03
c1352,43.037045,16.369142,149.91747727660697,2025-01-04
c1352,43.037045,16.369142,138.49194024504806,2025-01-05
c1352,43.037045,16.369142,134.11675358545597,2025-01-06
c1352,43.037045,16.369142,141.29475484621332,2025-01-07
c1352,43.037045,16.369142,140.2137420677505,2025-01-08
c1352,43.037045,16.369142,162.80090233309292,2025-01-09
c1352,43.037045,16.369142,150.0120246224786,2025-01-10
c1352,43.037045,16.369142,143.81504055251372,2025-01-11
c1352,43.037045,16.369142,155.94252873833094,2025-01-12
c1352,43.037045,16.369142,154.63431477721966,2025-01-13
c1352,43.037045,16.369142,154.41084666013876,2025-01-14
c1352,43.037045,16.369142,161.03059691396246,2025-01-15
c1352,43.037045,16.369142,146.5880667058371,2025-01-16
c1352,43.037045,16.369142,154.11224646711122,2025-01-17
c1352,43.037045,16.369142,152.30399218070835,2025-01-18
c1352,43.037045,16.369142,149.4145878638614,2025-01-19
c1352,43.037045,16.369142,160.89913140999894,2025-01-20
c1352,43.037045,16.369142,153.89608060745547,2025-01-21
c1352,43.037045,16.369142,152.27206081055044,2025-01-22
c1352,43.037045,16.369142,150.85762839506333,2025-01-23
c1352,43.037045,16.369142,149.12813031034014,2025-01-24
c1352,43.037045,16.369142,135.28125975748682,2025-01-25
c1352,43.037045,16.369142,148.35052631934465,2025-01-26
c1352,43.037045,16.369142,156.6851653028878,2025-01-27
c1352,43.037045,16.369142,147.9753322581829,2025-01-28
c1352,43.037045,16.369142,160.75700748827072,2025-01-29
c1352,43.037045,16.369142,172.53100363764392,2025-01-30
c1352,43.037045,16.369142,159.01755842667887,2025-01-31
c1352,43.037045,16.369142,156.3684177922679,2025-02-01
c1352,43.037045,16.369142,158.33616212076262,2025-02-02
c1352,43.037045,16.369142,152.7801658760665,2025-02-03
c1352,43.037045,16.369142,162.36769289667433,2025-02-04
c1352,43.037045,16.369142,151.8915413992749,2025-02-05
c1352,43.037045,16.369142,153.2905800480246,2025-02-06
c1352,43.037045,16.369142,150.6479088841241,2025-02-07
c1352,43.037045,16.369142,149.94454207214395,2025-02-08
c1352,43.037045,16.369142,157.2060420155613,2025-02-09
c1352,43.037045,16.369142,152.9725677007601,2025-02-10
c1352,43.037045,16.369142,161.80025444095094,2025-02-11
c1352,43.037045,16.369142,159.5828893131531,2025-02-12
c1352,43.037045,16.369142,172.3290853328592,2025-02-13
c1352,43.037045,16.369142,166.38045385943434,2025-02-14
c1352,43.037045,16.369142,169.74749800297295,2025-02-15
c1352,43.037045,16.369142,151.34943430024484,2025-02-16
c1352,43.037045,16.369142,183.13928354457536,2025-02-17
c1352,43.037045,16.369142,160.10501893989198,2025-02-18
c1352,43.037045,16.369142,174.2810318696494,2025-02-19
c1352,43.037045,16.369142,185.56698539751264,2025-02-20
c1352,43.037045,16.369142,178.53168993081738,2025-02-21
c1352,43.037045,16.369142,167.9858669433324,2025-02-22
c1352,43.037045,16.369142,183.8489147130764,2025-02-23
c1352,43.037045,16.369142,192.16709510095595,2025-02-24
c1352,43.037045,16.369142,167.49087709897572,2025-02-25
c1352,43.037045,16.369142,178.95339682391503,2025-02-26
c1352,43.037045,16.369142,180.15338654160303,2025-02-27
c1352,43.037045,16.369142,171.18670744662325,2025-02-28
c1352,43.037045,16.369142,180.7619484386386,2025-03-01
c1352,43.037045,16.369142,144.98221594637965,2025-03-02
c1352,43.037045,16.369142,138.90239433848458,2025-03-03
c1352,43.037045,16.369142,130.62927086884815,2025-03-04
c1352,43.037045,16.369142,137.67232341383945,2025-03-05
c1352,43.037045,16.369142,146.29598744839487,2025-03-06
c1352,43.037045,16.369142,148.8027483612193,2025-03-07
c1352,43.037045,16.369142,144.05331479372958,2025-03-08
c1352,43.037045,16.369142,150.92931453404464,2025-03-09
c1352,43.037045,16.369142,147.61715222472355,2025-03-10
c1352,43.037045,16.369142,171.48532480606332,2025-03-11
c1352,43.037045,16.369142,160.70761556745407,2025-03-12
c1352,43.037045,16.369142,151.53160069536904,2025-03-13
c1352,43.037045,16.369142,150.53172932285048,2025-03-14
c1352,43.037045,16.369142,162.92079239770675,2025-03-15
c1352,43.037045,16.369142,166.8382748131575,2025-03-16
c1352,43.037045,16.369142,163.5212279977201,2025-03-17
c1352,43.037045,16.369142,150.75328039577784,2025-03-18
c1352,43.037045,16.369142,152.68484566121262,2025-03-19
c1352,43.037045,16.369142,163.75783278686578,2025-03-20
c1352,43.037045,16.369142,161.5646213974757,2025-03-21
c1352,43.037045,16.369142,171.08394342431848,2025-03-22
c1352,43.037045,16.369142,160.24231292280516,2025-03-24
c1352,43.037045,16.369142,163.92400814144398,2025-03-25
c1352,43.037045,16.369142,177.5674150060412,2025-03-26
c1352,43.037045,16.369142,154.2131153616912,2025-03-27
c1352,43.037045,16.369142,154.44888584209872,2025-03-28
c1352,43.037045,16.369142,155.9970965413274,2025-03-29
c1352,43.037045,16.369142,162.8998298806955,2025-03-30
c1352,43.037045,16.369142,187.71088776450972,2025-03-31
c1352,43.037045,16.369142,181.56160978618743,2025-04-01
c1352,43.037045,16.369142,179.1446109640839,2025-04-02
c1352,43.037045,16.369142,168.8067322231361,2025-04-03
c1352,43.037045,16.369142,172.54327374018385,2025-04-04
c1352,43.037045,16.369142,164.10030371668637,2025-04-05
c1352,43.037045,16.369142,177.78251611332325,2025-04-06
c1352,43.037045,16.369142,180.10598620790375,2025-04-07
c1352,43.037045,16.369142,175.44308572276867,2025-04-08
c1352,43.037045,16.369142,168.04701716830388,2025-04-09
c1352,43.037045,16.369142,173.55560434732058,2025-04-10
c1352,43.037045,16.369142,161.6765683211361,2025-04-11
c1352,43.037045,16.369142,162.11236587271884,2025-04-12
c1352,43.037045,16.369142,154.02051169543816,2025-04-13
c1352,43.037045,16.369142,153.19541053786108,2025-04-14
c1352,43.037045,16.369142,145.06448221627562,2025-04-15
c1352,43.037045,16.369142,144.14667519838395,2025-04-16
c1352,43.037045,16.369142,155.66729173180448,2025-04-17
c1352,43.037045,16.369142,160.09663525127246,2025-04-18
c1352,43.037045,16.369142,146.19315108353027,2025-04-19
c1352,43.037045,16.369142,147.73130166554571,2025-04-20
c1352,43.037045,16.369142,154.9182563509019,2025-04-21
c1352,43.037045,16.369142,161.92422097097426,2025-04-22
c1352,43.037045,16.369142,167.71437021075806,2025-04-23
c1352,43.037045,16.369142,164.93710901289649,2025-04-24
c1352,43.037045,16.369142,167.07645733343264,2025-04-25
c1352,43.037045,16.369142,168.57238470838297,2025-04-26
c1352,43.037045,16.369142,153.84736897143617,2025-04-27
c1352,43.037045,16.369142,157.284118967197,2025-04-28
c1352,43.037045,16.369142,155.95195584323054,2025-04-29
c1352,43.037045,16.369142,164.59230868012014,2025-04-30
c1352,43.037045,16.369142,163.05361090695402,2025-05-01
c1352,43.037045,16.369142,164.3412919520429,2025-05-02
c1352,43.037045,16.369142,155.98336352426105,2025-05-03
c1352,43.037045,16.369142,161.12225557001025,2025-05-04
c1352,43.037045,16.369142,169.45386332874983,2025-05-06
c1352,43.037045,16.369142,156.97947771398918,2025-05-07
c1352,43.037045,16.369142,159.3805219511728,2025-05-08
c1352,43.037045,16.369142,157.63435264689863,2025-05-09
c1352,43.037045,16.369142,158.67090796617958,2025-05-10
c1352,43.037045,16.369142,161.9389743202188,2025-05-11
c1352,43.037045,16.369142,161.48342497494605,2025-05-12
c1352,43.037045,16.369142,157.67399511418662,2025-05-13
c1352,43.037045,16.369142,162.4596247807949,2025-05-14
c1352,43.037045,16.369142,161.40135912082204,2025-05-15
c1352,43.037045,16.369142,165.6851034699316,2025-05-16
c1352,43.037045,16.369142,173.92792599637318,2025-05-17
c1352,43.037045,16.369142,160.2670393821873,2025-05-18
c1352,43.037045,16.369142,159.96482039265177,2025-05-19
c1352,43.037045,16.369142,156.7483144985483,2025-05-20
c1352,43.037045,16.369142,166.0779035735594,2025-05-21
c1352,43.037045,16.369142,,2025-05-22
c1352,43.037045,16.369142,167.72567892255276,2025-05-23
c1352,43.037045,16.369142,164.31562822395048,2025-05-24
c1352,43.037045,16.369142,163.96181010723708,2025-05-25
c1352,43.037045,16.369142,158.3045160595729,2025-05-26
c1352,43.037045,16.369142,157.03672410754243,2025-05-27
c1352,43.037045,16.369142,158.39769560106157,2025-05-28
c1352,43.037045,16.369142,168.79290659569787,2025-05-29
c1352,43.037045,16.369142,149.35152813263258,2025-05-30
c1352,43.037045,16.369142,147.0650574068365,2025-05-31
c1352,43.037045,16.369142,145.11765579827798,2025-06-01
c1352,43.037045,16.369142,143.6129484021229,2025-06-02
c1352,43.037045,16.369142,146.391254779146,2025-06-03
c1352,43.037045,16.369142,145.24656692302815,2025-06-04
c1352,43.037045,16.369142,150.1196206173244,2025-06-05
c1352,43.037045,16.369142,142.85733853268098,2025-06-06
c1352,43.037045,16.369142,137.0603720007934,2025-06-07
c1352,43.037045,16.369142,141.53124627942609,2025-06-08
c1352,43.037045,16.369142,143.845068729694,2025-06-09
c1352,43.037045,16.369142,143.68913399873244,2025-06-10
c1352,43.037045,16.369142,142.3173995026236,2025-06-11
c1352,43.037045,16.369142,146.65815733613815,2025-06-12
c1352,43.037045,16.369142,146.29167957153743,2025-06-13
c1352,43.037045,16.369142,144.7615647452262,2025-06-14
c1352,43.037045,16.369142,143.4329712854942,2025-06-15
c1352,43.037045,16.369142,140.43044922888154,2025-06-16
c1352,43.037045,16.369142,149.5732854918181,2025-06-17
c1352,43.037045,16.369142,147.7064416209818,2025-06-18
c1352,43.037045,16.369142,147.64938193622132,2025-06-19
c1352,43.037045,16.369142,142.18081248935715,2025-06-20
c1352,43.037045,16.369142,148.678292835233,2025-06-21
c1352,43.037045,16.369142,148.59691543171894,2025-06-22
c1352,43.037045,16.369142,140.71438150264743,2025-06-23
c1352,43.037045,16.369142,139.86887306061195,2025-06-24
c1352,43.037045,16.369142,137.0200498403228,2025-06-25
c1352,43.037045,16.369142,136.72573412561994,2025-06-26
c1352,43.037045,16.369142,147.4505706583395,2025-06-27
c1352,43.037045,16.369142,137.11174608004487,2025-06-28
c1352,43.037045,16.369142,131.33100247426523,2025-06-29
c1352,43.037045,16.369142,134.08671987119848,2025-06-30
c1352,43.037045,16.369142,137.1848164710302,2025-07-01
c1352,43.037045,16.369142,133.61640714078638,2025-07-02
c1352,43.037045,16.369142,135.07021019746273,2025-07-03
c1352,43.037045,16.369142,137.6948811364831,2025-07-04
c1352,43.037045,16.369142,137.58089837199125,2025-07-05
c1352,43.037045,16.369142,139.21269776017527,2025-07-06
c1352,43.037045,16.369142,140.30003315055788,2025-07-07
c1352,43.037045,16.369142,146.70220613194124,2025-07-08
c1352,43.037045,16.369142,149.86925480434618,2025-07-09
c1352,43.037045,16.369142,147.1277428234851,2025-07-10
c1352,43.037045,16.369142,150.21773833874974,2025-07-11
c1352,43.037045,16.369142,142.8279786852667,2025-07-12
c1352,43.037045,16.369142,147.1884231624877,2025-07-13
c1352,43.037045,16.369142,135.166539976979,2025-07-14
c1352,43.037045,16.369142,134.56750335804705,2025-07-15
c1352,43.037045,16.369142,136.29121197713843,2025-07-16
c1352,43.037045,16.369142,140.79654403898644,2025-07-17
c1352,43.037045,16.369142,140.79003728320302,2025-07-18
c1352,43.037045,16.369142,136.55156861219805,2025-07-19
c1352,43.037045,16.369142,140.7282566736879,2025-07-20
c1352,43.037045,16.369142,138.18946905181184,2025-07-21
c1352,43.037045,16.369142,138.13604064032293,2025-07-22
c1352,43.037045,16.369142,136.8692499999302,2025-07-23
c1352,43.037045,16.369142,133.55014855876365,2025-07-24
c1352,43.037045,16.369142,130.20475690645867,2025-07-25
c1352,43.037045,16.369142,131.60983862847212,2025-07-26
c1352,43.037045,16.369142,139.7834526884345,2025-07-27
c1352,43.037045,16.369142,149.575936484663,2025-07-28
c1352,43.037045,16.369142,144.2087749974595,2025-07-29
c1352,43.037045,16.369142,137.0656825061839,2025-07-30
c1352,43.037045,16.369142,142.11827189597184,2025-07-31
c1352,43.037045,16.369142,140.87418378365248,2025-08-01
c1352,43.037045,16.369142,143.37278723511795,2025-08-02
c1352,43.037045,16.369142,143.682002345645,2025-08-03
c1352,43.037045,16.369142,153.640759068403,2025-08-04
c1352,43.037045,16.369142,145.20470203109917,2025-08-05
c1352,43.037045,16.369142,135.9871074525373,2025-08-06
c1352,43.037045,16.369142,138.94436313803024,2025-08-07
c1352,43.037045,16.369142,131.73313549698298,2025-08-08
c1352,43.037045,16.369142,130.27637356294773,2025-08-09
c1352,43.037045,16.369142,127.81475729509792,2025-08-10
c1352,43.037045,16.369142,127.54057006690287,2025-08-11
c1352,43.037045,16.369142,129.4499935893651,2025-08-12
c1352,43.037045,16.369142,131.59054287828326,2025-08-13
c1352,43.037045,16.369142,133.29012771509568,2025-08-14
c1352,43.037045,16.369142,133.44388043927864,2025-08-15
c1352,43.037045,16.369142,133.89253133315177,2025-08-16
c1352,43.037045,16.369142,136.57942000616634,2025-08-17
c1352,43.037045,16.369142,141.15858102125793,2025-08-18
c1352,43.037045,16.369142,139.06363483915428,2025-08-19
c1352,43.037045,16.369142,140.48137588740332,2025-08-20
c1352,43.037045,16.369142,141.47733148867673,2025-08-21
c1352,43.037045,16.369142,142.84437529022156,2025-08-22
c1352,43.037045,16.369142,142.85147519851284,2025-08-23
c1352,43.037045,16.369142,140.61534703874983,2025-08-24
c1352,43.037045,16.369142,138.845464625725,2025-08-25
c1352,43.037045,16.369142,141.65266361750122,2025-08-26
c1352,43.037045,16.369142,135.94686849489054,2025-08-27
c1352,43.037045,16.369142,132.2097697615109,2025-08-28
c1352,43.037045,16.369142,129.9425581510862,2025-08-29
c1352,43.037045,16.369142,139.28179809481466,2025-08-30
c1352,43.037045,16.369142,132.155464567443,2025-08-31
c1352,43.037045,16.369142,127.92827828236646,2025-09-01
c1352,43.037045,16.369142,127.91156512566808,2025-09-02
c1352,43.037045,16.369142,141.08064341581158,2025-09-03
c1352,43.037045,16.369142,131.90291172689032,2025-09-04
c1352,43.037045,16.369142,133.6830535395913,2025-09-05
c1352,43.037045,16.369142,140.50353820815667,2025-09-06
c1352,43.037045,16.369142,136.82440996141423,2025-09-07
c1352,43.037045,16.369142,134.2644030040738,2025-09-08
c1352,43.037045,16.369142,129.63544936522035,2025-09-09
c1352,43.037045,16.369142,130.3340535217173,2025-09-10
c1352,43.037045,16.369142,139.28666357109913,2025-09-11
c1352,43.037045,16.369142,127.73319326520264,2025-09-12
c1352,43.037045,16.369142,129.3295327562638,2025-09-13
c1352,43.037045,16.369142,139.17261439997557,2025-09-14
c1352,43.037045,16.369142,128.41792145901505,2025-09-15
c1352,43.037045,16.369142,130.42665557119707,2025-09-16
c1352,43.037045,16.369142,129.82820479792514,2025-09-17
c1352,43.037045,16.369142,123.95325073642076,2025-09-18
c1352,43.037045,16.369142,122.9761561511157,2025-09-19
c1352,43.037045,16.369142,121.72926544366952,2025-09-20
c1352,43.037045,16.369142,123.23686760317736,2025-09-21
c1352,43.037045,16.369142,129.26057685411627,2025-09-22
c1352,43.037045,16.369142,130.60898176272767,2025-09-23
c1352,43.037045,16.369142,131.00193541243308,2025-09-24
c1352,43.037045,16.369142,132.08008825743977,2025-09-25
c1352,43.037045,16.369142,131.9878485482881,2025-09-26
c1352,43.037045,16.369142,133.74405257145585,2025-09-27
c1352,43.037045,16.369142,139.96931595408944,2025-09-28
c1352,43.037045,16.369142,131.73500035671032,2025-09-29
c1352,43.037045,16.369142,131.01785769607153,2025-09-30
c1352,43.037045,16.369142,135.1549375981168,2025-10-01
c1352,43.037045,16.369142,145.92209932495524,2025-10-02
c1352,43.037045,16.369142,145.90888224117643,2025-10-03
c1352,43.037045,16.369142,131.1293507412468,2025-10-04
c1352,43.037045,16.369142,133.9512918640309,2025-10-05
c1352,43.037045,16.369142,149.99641332739054,2025-10-06
c1352,43.037045,16.369142,143.48046152340012,2025-10-07
c1352,43.037045,16.369142,132.51445886608258,2025-10-08
c1352,43.037045,16.369142,,2025-10-09
c1352,43.037045,16.369142,125.81834252701525,2025-10-10
c1352,43.037045,16.369142,122.00173389278176,2025-10-11
c1352,43.037045,16.369142,124.2040912195488,2025-10-12
c1352,43.037045,16.369142,130.60667850594805,2025-10-13
c1352,43.037045,16.369142,130.7516839292318,2025-10-14
c1352,43.037045,16.369142,132.80774615561103,2025-10-15
c1352,43.037045,16.369142,134.12547708852463,2025-10-16
c1352,43.037045,16.369142,125.18650623652528,2025-10-17
c1352,43.037045,16.369142,129.6011639726054,2025-10-18
c1352,43.037045,16.369142,126.67695149476808,2025-10-19
c1352,43.037045,16.369142,126.43357316329184,2025-10-20
c1352,43.037045,16.369142,132.63010349306427,2025-10-21
c1352,43.037045,16.369142,134.8471280630567,2025-10-22
c1352,43.037045,16.369142,134.15250136248957,2025-10-23
c1352,43.037045,16.369142,133.78027944361304,2025-10-24
c1352,43.037045,16.369142,140.27006617240883,2025-10-25
c1352,43.037045,16.369142,131.0651194680482,2025-10-26
c1352,43.037045,16.369142,135.1979861244602,2025-10-27
c1352,43.037045,16.369142,132.12776278010713,2025-10-28
c1352,43.037045,16.369142,128.3343736770041,2025-10-29
c1352,43.037045,16.369142,123.42221555109138,2025-10-30
c1352,43.037045,16.369142,126.73854924921672,2025-10-31
c1352,43.037045,16.369142,122.96792761575466,2025-11-01
c1352,43.037045,16.369142,120.01070911927728,2025-11-02
c1352,43.037045,16.369142,129.24718317604564,2025-11-03
c1352,43.037045,16.369142,124.52528995338731,2025-11-04
c1352,43.037045,16.369142,120.27493508201438,2025-11-05
c1352,43.037045,16.369142,121.7993649627164,2025-11-06
c1352,43.037045,16.369142,124.09133765924268,2025-11-07
c1352,43.037045,16.369142,134.16174500409377,2025-11-08
c1352,43.037045,16.369142,130.2258547509273,2025-11-09
c1352,43.037045,16.369142,127.37957191552456,2025-11-10
c1352,43.037045,16.369142,122.3556386385668,2025-11-11
c1352,43.037045,16.369142,126.1771220310895,2025-11-12
c1352,43.037045,16.369142,126.665289885475,2025-11-13
c1352,43.037045,16.369142,121.28175392481694,2025-11-14
c1352,43.037045,16.369142,122.5668143783664,2025-11-15
c1352,43.037045,16.369142,125.75189619581592,2025-11-16
c1352,43.037045,16.369142,129.76802263152274,2025-11-17
c1352,43.037045,16.369142,133.2494514335891,2025-11-18
c1352,43.037045,16.369142,134.74479478933893,2025-11-19
c1352,43.037045,16.369142,126.87513817194994,2025-11-20
c1352,43.037045,16.369142,148.84540675439268,2025-11-21
c1352,43.037045,16.369142,152.50779357725793,2025-11-22
c1352,43.037045,16.369142,161.82316280903984,2025-11-23
c1352,43.037045,16.369142,150.0630898819512,2025-11-24
c1352,43.037045,16.369142,154.47105750930172,2025-11-25
c1352,43.037045,16.369142,152.5705448393445,2025-11-26
c1352,43.037045,16.369142,150.4373353046054,2025-11-27
c1352,43.037045,16.369142,151.15908618771525,2025-11-28
c1352,43.037045,16.369142,128.16313289727407,2025-11-30
c1352,43.037045,16.369142,139.55710629885107,2025-12-01
c1352,43.037045,16.369142,157.5769889170895,2025-12-02
c1352,43.037045,16.369142,129.98270338008322,2025-12-03
c1352,43.037045,16.369142,140.62256670492977,2025-12-04
c1352,43.037045,16.369142,146.7636086634513,2025-12-05
c1352,43.037045,16.369142,157.82406449283516,2025-12-06
c1352,43.037045,16.369142,143.41955180105833,2025-12-07
c1352,43.037045,16.369142,135.8022342185278,2025-12-08
c1352,43.037045,16.369142,143.84508722327564,2025-12-09
c1352,43.037045,16.369142,148.6570841042562,2025-12-10
c1352,43.037045,16.369142,133.50298137588268,2025-12-11
c1352,43.037045,16.369142,128.8885548607349,2025-12-12
c1352,43.037045,16.369142,128.73186589772178,2025-12-13
c1352,43.037045,16.369142,129.18537605725868,2025-12-14
c1352,43.037045,16.369142,137.49599680355968,2025-12-15
c1352,43.037045,16.369142,139.2095687402313,2025-12-16
c1352,43.037045,16.369142,142.69793987075275,2025-12-17
c1352,43.037045,16.369142,146.741664008607,2025-12-18
c1352,43.037045,16.369142,135.45421654791224,2025-12-22
c1352,43.037045,16.369142,172.9240344378879,2025-12-23
c1352,43.037045,16.369142,185.0874079259041,2025-12-24
c1352,43.037045,16.369142,196.34721046056495,2025-12-25
c1352,43.037045,16.369142,178.06595327283506,2025-12-26
c1352,43.037045,16.369142,154.30298559473997,2025-12-27
c1352,43.037045,16.369142,148.1053831536401,2025-12-28
c1352,43.037045,16.369142,145.0942892427968,2025-12-29
c1352,43.037045,16.369142,150.07932956194765,2025-12-30
