cell_id,lat_center,lon_center,mean,date
c0042,35.829838,7.376396,133.89926883545746,2019-01-01
c0042,35.829838,7.376396,122.31412171619915,2019-01-02
c0042,35.829838,7.376396,126.50852502747968,2019-01-03
c0042,35.829838,7.376396,131.35288536567873,2019-01-04
c0042,35.829838,7.376396,145.81396550130063,2019-01-05
c0042,35.829838,7.376396,129.0683767772425,2019-01-06
c0042,35.829838,7.376396,132.3185114054407,2019-01-07
c0042,35.829838,7.376396,144.10440611401248,2019-01-08
c0042,35.829838,7.376396,135.44803131773193,2019-01-09
c0042,35.829838,7.376396,141.96091714977453,2019-01-10
c0042,35.829838,7.376396,179.12694175762203,2019-01-11
c0042,35.829838,7.376396,147.29420624575408,2019-01-12
c0042,35.829838,7.376396,144.2993386275958,2019-01-13
c0042,35.829838,7.376396,133.4203155030586,2019-01-14
c0042,35.829838,7.376396,133.81555012672388,2019-01-15
c0042,35.829838,7.376396,130.379397511861,2019-01-16
c0042,35.829838,7.376396,131.9738595481439,2019-01-17
c0042,35.829838,7.376396,148.56325809759335,2019-01-18
c0042,35.829838,7.376396,136.5084479168515,2019-01-19
c0042,35.829838,7.376396,132.43512507633054,2019-01-20
c0042,35.829838,7.376396,141.64782182820733,2019-01-21
c0042,35.829838,7.376396,146.00124888360156,2019-01-22
c0042,35.829838,7.376396,184.58650357724855,2019-01-23
c0042,35.829838,7.376396,193.92585666943108,2019-01-24
c0042,35.829838,7.376396,184.74053674699755,2019-01-25
c0042,35.829838,7.376396,146.58065665219942,2019-01-26
c0042,35.829838,7.376396,137.81137000110007,2019-01-27
c0042,35.829838,7.376396,152.87415951554394,2019-01-28
c0042,35.829838,7.376396,137.27680929067463,2019-01-29
c0042,35.829838,7.376396,145.70326688951835,2019-01-30
c0042,35.829838,7.376396,129.67553362384814,2019-01-31
c0042,35.829838,7.376396,127.00124113633596,2019-02-01
c0042,35.829838,7.376396,141.14924543118417,2019-02-02
c0042,35.829838,7.376396,162.4430664759909,2019-02-03
c0042,35.829838,7.376396,148.91526863419512,2019-02-04
c0042,35.829838,7.376396,154.85961189992364,2019-02-05
c0042,35.829838,7.376396,133.32407968003665,2019-02-06
c0042,35.829838,7.376396,124.80862438290556,2019-02-07
c0042,35.829838,7.376396,159.49277454961378,2019-02-08
c0042,35.829838,7.376396,130.11937676293823,2019-02-09
c0042,35.829838,7.376396,118.3497540409121,2019-02-10
c0042,35.829838,7.376396,126.87769983633036,2019-02-11
c0042,35.829838,7.376396,128.43827474791547,2019-02-12
c0042,35.829838,7.376396,113.97654985246916,2019-02-13
c0042,35.829838,7.376396,113.15835696770696,2019-02-14
c0042,35.829838,7.376396,113.86321159074886,2019-02-15
c0042,35.829838,7.376396,117.2874033129229,2019-02-16
c0042,35.829838,7.376396,157.5535760124083,2019-02-17
c0042,35.829838,7.376396,148.28272359530757,2019-02-18
c0042,35.829838,7.376396,157.86775415846424,2019-02-19
c0042,35.829838,7.376396,159.34509101311247,2019-02-20
c0042,35.829838,7.376396,171.50588195969277,2019-02-21
c0042,35.829838,7.376396,155.42245422290546,2019-02-22
c0042,35.829838,7.376396,139.7306187978501,2019-02-23
c0042,35.829838,7.376396,146.28132091972148,2019-02-24
c0042,35.829838,7.376396,147.65345724590176,2019-02-25
c0042,35.829838,7.376396,183.4090509836128,2019-02-26
c0042,35.829838,7.376396,160.2923575202582,2019-02-27
c0042,35.829838,7.376396,139.3049865687407,2019-02-28
c0042,35.829838,7.376396,138.3501992276115,2019-03-01
c0042,35.829838,7.376396,128.45854680257537,2019-03-02
c0042,35.829838,7.376396,128.26020879323292,2019-03-03
c0042,35.829838,7.376396,125.28025691307984,2019-03-04
c0042,35.829838,7.376396,122.26624421778018,2019-03-05
c0042,35.829838,7.376396,117.12638132015174,2019-03-06
c0042,35.829838,7.376396,138.06875411054654,2019-03-07
c0042,35.829838,7.376396,145.0809059650867,2019-03-08
c0042,35.829838,7.376396,154.5463089825633,2019-03-09
c0042,35.829838,7.376396,125.6307982902427,2019-03-10
c0042,35.829838,7.376396,124.94621533619602,2019-03-11
c0042,35.829838,7.376396,110.96338132871512,2019-03-12
c0042,35.829838,7.376396,110.35728646232477,2019-03-13
c0042,35.829838,7.376396,134.0390528069735,2019-03-14
c0042,35.829838,7.376396,137.14699486646936,2019-03-15
c0042,35.829838,7.376396,134.68487118016378,2019-03-16
c0042,35.829838,7.376396,136.8977117818574,2019-03-17
c0042,35.829838,7.376396,147.7894512460321,2019-03-18
c0042,35.829838,7.376396,153.891127613581,2019-03-19
c0042,35.829838,7.376396,149.1997850891424,2019-03-20
c0042,35.829838,7.376396,151.5634073094397,2019-03-21
c0042,35.829838,7.376396,156.5164016072345,2019-03-22
c0042,35.829838,7.376396,156.64335214294843,2019-03-23
c0042,35.829838,7.376396,149.3673382625214,2019-03-24
c0042,35.829838,7.376396,144.79833325673593,2019-03-25
c0042,35.829838,7.376396,151.5222211037764,2019-03-26
c0042,35.829838,7.376396,,2019-03-27
c0042,35.829838,7.376396,170.01853316405385,2019-03-28
c0042,35.829838,7.376396,150.6338320299287,2019-03-29
c0042,35.829838,7.376396,138.0937742083677,2019-03-30
c0042,35.829838,7.376396,131.07505829439896,2019-03-31
c0042,35.829838,7.376396,151.60716761590467,2019-04-01
c0042,35.829838,7.376396,,2019-04-02
c0042,35.829838,7.376396,,2019-04-03
c0042,35.829838,7.376396,155.41989658097845,2019-04-04
c0042,35.829838,7.376396,141.34437905039505,2019-04-05
c0042,35.829838,7.376396,154.88596982183003,2019-04-06
c0042,35.829838,7.376396,173.5349329325373,2019-04-07
c0042,35.829838,7.376396,147.96902370584036,2019-04-08
c0042,35.829838,7.376396,148.3150773822044,2019-04-09
c0042,35.829838,7.376396,156.48330575422452,2019-04-10
c0042,35.829838,7.376396,164.5779198395292,2019-04-11
c0042,35.829838,7.376396,173.2375231220933,2019-04-12
c0042,35.829838,7.376396,176.65569869949476,2019-04-13
c0042,35.829838,7.376396,149.52675183452115,2019-04-14
c0042,35.829838,7.376396,149.77283142223132,2019-04-16
c0042,35.829838,7.376396,144.00983755964947,2019-04-17
c0042,35.829838,7.376396,145.66788965764164,2019-04-18
c0042,35.829838,7.376396,140.39203692406994,2019-04-19
c0042,35.829838,7.376396,139.33458684100142,2019-04-20
c0042,35.829838,7.376396,136.61192886013038,2019-04-21
c0042,35.829838,7.376396,164.1385340736639,2019-04-22
c0042,35.829838,7.376396,146.09743807539488,2019-04-23
c0042,35.829838,7.376396,159.10079629684432,2019-04-24
c0042,35.829838,7.376396,146.0906120741199,2019-04-25
c0042,35.829838,7.376396,138.95959446379422,2019-04-26
c0042,35.829838,7.376396,147.44061832202908,2019-04-27
c0042,35.829838,7.376396,138.97076012442366,2019-04-28
c0042,35.829838,7.376396,142.60449697376458,2019-04-29
c0042,35.829838,7.376396,148.68299419261277,2019-04-30
c0042,35.829838,7.376396,144.68380989323478,2019-05-01
c0042,35.829838,7.376396,148.01338192129737,2019-05-02
c0042,35.829838,7.376396,151.45002529526158,2019-05-03
c0042,35.829838,7.376396,160.5297406449532,2019-05-04
c0042,35.829838,7.376396,155.74285169873443,2019-05-05
c0042,35.829838,7.376396,150.67959604945494,2019-05-06
c0042,35.829838,7.376396,157.306154551713,2019-05-07
c0042,35.829838,7.376396,152.3304187401473,2019-05-08
c0042,35.829838,7.376396,148.64250595806664,2019-05-09
c0042,35.829838,7.376396,144.0704639215691,2019-05-10
c0042,35.829838,7.376396,140.8407754958932,2019-05-11
c0042,35.829838,7.376396,157.96980714326193,2019-05-12
c0042,35.829838,7.376396,169.39274448345574,2019-05-13
c0042,35.829838,7.376396,170.9915941188707,2019-05-14
c0042,35.829838,7.376396,153.30934874910724,2019-05-15
c0042,35.829838,7.376396,150.300577208642,2019-05-16
c0042,35.829838,7.376396,148.20999327112813,2019-05-17
c0042,35.829838,7.376396,153.83028095640685,2019-05-18
c0042,35.829838,7.376396,156.22967743079425,2019-05-19
c0042,35.829838,7.376396,159.4723030936034,2019-05-20
c0042,35.829838,7.376396,151.90648605467376,2019-05-21
c0042,35.829838,7.376396,165.1188763122213,2019-05-22
c0042,35.829838,7.376396,149.4349930346217,2019-05-23
c0042,35.829838,7.376396,149.3111929133466,2019-05-24
c0042,35.829838,7.376396,158.72756858753425,2019-05-25
c0042,35.829838,7.376396,172.9204710684569,2019-05-26
c0042,35.829838,7.376396,162.56629787822703,2019-05-27
c0042,35.829838,7.376396,163.0540173228841,2019-05-28
c0042,35.829838,7.376396,152.4114790892483,2019-05-29
c0042,35.829838,7.376396,163.20323427448432,2019-05-30
c0042,35.829838,7.376396,155.17003828242667,2019-05-31
c0042,35.829838,7.376396,155.68818996944762,2019-06-01
c0042,35.829838,7.376396,151.78426385578507,2019-06-02
c0042,35.829838,7.376396,150.6213479147267,2019-06-03
c0042,35.829838,7.376396,,2019-06-04
c0042,35.829838,7.376396,139.5938497440577,2019-06-05
c0042,35.829838,7.376396,144.64279551902965,2019-06-06
c0042,35.829838,7.376396,144.7085559156771,2019-06-07
c0042,35.829838,7.376396,141.65995829559412,2019-06-08
c0042,35.829838,7.376396,137.68069050461582,2019-06-09
c0042,35.829838,7.376396,145.18914365910928,2019-06-10
c0042,35.829838,7.376396,157.47384809086626,2019-06-11
c0042,35.829838,7.376396,141.06865242274336,2019-06-12
c0042,35.829838,7.376396,140.2314044934355,2019-06-13
c0042,35.829838,7.376396,136.35649967991745,2019-06-14
c0042,35.829838,7.376396,138.8129105050486,2019-06-15
c0042,35.829838,7.376396,135.91322418886668,2019-06-16
c0042,35.829838,7.376396,153.40040002867568,2019-06-17
c0042,35.829838,7.376396,140.3787111766284,2019-06-18
c0042,35.829838,7.376396,138.40950922455784,2019-06-19
c0042,35.829838,7.376396,137.29057829349728,2019-06-20
c0042,35.829838,7.376396,142.88195230554004,2019-06-21
c0042,35.829838,7.376396,140.81729739878784,2019-06-22
c0042,35.829838,7.376396,140.17804130887052,2019-06-23
c0042,35.829838,7.376396,137.08088381560705,2019-06-24
c0042,35.829838,7.376396,141.56286480945988,2019-06-25
c0042,35.829838,7.376396,139.98786352533645,2019-06-26
c0042,35.829838,7.376396,142.55511284896306,2019-06-27
c0042,35.829838,7.376396,136.8310185366538,2019-06-28
c0042,35.829838,7.376396,137.82701641103137,2019-06-29
c0042,35.829838,7.376396,138.78730257359362,2019-06-30
c0042,35.829838,7.376396,147.58774254779496,2019-07-01
c0042,35.829838,7.376396,146.9374003940891,2019-07-02
c0042,35.829838,7.376396,141.19309061054338,2019-07-03
c0042,35.829838,7.376396,135.52142129077646,2019-07-04
c0042,35.829838,7.376396,135.42007459406526,2019-07-05
c0042,35.829838,7.376396,131.53254878501895,2019-07-06
c0042,35.829838,7.376396,130.43168612580408,2019-07-07
c0042,35.829838,7.376396,133.86436835478722,2019-07-08
c0042,35.829838,7.376396,131.78316311371267,2019-07-09
c0042,35.829838,7.376396,134.13725302039532,2019-07-10
c0042,35.829838,7.376396,132.29396364964435,2019-07-11
c0042,35.829838,7.376396,131.85989512197355,2019-07-12
c0042,35.829838,7.376396,129.5581107068745,2019-07-13
c0042,35.829838,7.376396,132.16449730754383,2019-07-14
c0042,35.829838,7.376396,,2019-07-15
c0042,35.829838,7.376396,134.06079676634127,2019-07-16
c0042,35.829838,7.376396,133.92367740774557,2019-07-17
c0042,35.829838,7.376396,143.38897066272847,2019-07-18
c0042,35.829838,7.376396,143.13850132959385,2019-07-19
c0042,35.829838,7.376396,141.02562622371497,2019-07-20
c0042,35.829838,7.376396,138.6850763778161,2019-07-21
c0042,35.829838,7.376396,,2019-07-22
c0042,35.829838,7.376396,142.54730286661496,2019-07-23
c0042,35.829838,7.376396,138.16088735295804,2019-07-24
c0042,35.829838,7.376396,134.89392342602636,2019-07-25
c0042,35.829838,7.376396,134.9710038978091,2019-07-26
c0042,35.829838,7.376396,134.00317799749607,2019-07-27
c0042,35.829838,7.376396,132.96568160043708,2019-07-28
c0042,35.829838,7.376396,135.67505921109012,2019-07-29
c0042,35.829838,7.376396,134.69035377770663,2019-07-30
c0042,35.829838,7.376396,131.86057549175362,2019-07-31
c0042,35.829838,7.376396,129.9956264111545,2019-08-01
c0042,35.829838,7.376396,130.14393913103757,2019-08-02
c0042,35.829838,7.376396,131.5584134161243,2019-08-03
c0042,35.829838,7.376396,130.74252029825007,2019-08-04
c0042,35.829838,7.376396,133.89115686285598,2019-08-05
c0042,35.829838,7.376396,131.3114440580767,2019-08-06
c0042,35.829838,7.376396,134.75697321663472,2019-08-07
c0042,35.829838,7.376396,132.92922304632128,2019-08-08
c0042,35.829838,7.376396,130.76646027975409,2019-08-09
c0042,35.829838,7.376396,128.59929114075317,2019-08-10
c0042,35.829838,7.376396,129.68193694199363,2019-08-11
c0042,35.829838,7.376396,129.31165868723707,2019-08-12
c0042,35.829838,7.376396,128.33454310162517,2019-08-13
c0042,35.829838,7.376396,133.52825774150762,2019-08-14
c0042,35.829838,7.376396,129.73030368057522,2019-08-15
c0042,35.829838,7.376396,131.27187915992374,2019-08-16
c0042,35.829838,7.376396,133.36179261621905,2019-08-17
c0042,35.829838,7.376396,131.7427681193952,2019-08-18
c0042,35.829838,7.376396,130.05427684800017,2019-08-19
c0042,35.829838,7.376396,130.79196803311083,2019-08-20
c0042,35.829838,7.376396,130.5726927918424,2019-08-21
c0042,35.829838,7.376396,131.66590327326497,2019-08-22
c0042,35.829838,7.376396,138.2770404996222,2019-08-23
c0042,35.829838,7.376396,137.5690009345407,2019-08-24
c0042,35.829838,7.376396,136.1430177208235,2019-08-25
c0042,35.829838,7.376396,131.24937052568558,2019-08-26
c0042,35.829838,7.376396,131.2498045167764,2019-08-27
c0042,35.829838,7.376396,137.2071386583046,2019-08-28
c0042,35.829838,7.376396,135.47540133209066,2019-08-29
c0042,35.829838,7.376396,134.65097599816977,2019-08-30
c0042,35.829838,7.376396,138.8690027446232,2019-08-31
c0042,35.829838,7.376396,139.29760838856623,2019-09-01
c0042,35.829838,7.376396,136.5489560343785,2019-09-02
c0042,35.829838,7.376396,136.0154440903056,2019-09-03
c0042,35.829838,7.376396,134.5906842469792,2019-09-04
c0042,35.829838,7.376396,137.282229842769,2019-09-05
c0042,35.829838,7.376396,136.64133512166987,2019-09-06
c0042,35.829838,7.376396,135.55484323491962,2019-09-07
c0042,35.829838,7.376396,133.83007520851376,2019-09-08
c0042,35.829838,7.376396,133.48545378542755,2019-09-09
c0042,35.829838,7.376396,139.76445532697133,2019-09-10
c0042,35.829838,7.376396,136.87884729894623,2019-09-11
c0042,35.829838,7.376396,130.94004960171688,2019-09-12
c0042,35.829838,7.376396,123.82612063613328,2019-09-13
c0042,35.829838,7.376396,122.41130944944412,2019-09-14
c0042,35.829838,7.376396,123.6759314493821,2019-09-15
c0042,35.829838,7.376396,126.2319289290054,2019-09-16
c0042,35.829838,7.376396,131.38165551042934,2019-09-17
c0042,35.829838,7.376396,131.1962629876189,2019-09-18
c0042,35.829838,7.376396,130.2923740342696,2019-09-19
c0042,35.829838,7.376396,130.265451439942,2019-09-20
c0042,35.829838,7.376396,128.5920804515601,2019-09-21
c0042,35.829838,7.376396,124.75721585110044,2019-09-22
c0042,35.829838,7.376396,126.9245661914058,2019-09-23
c0042,35.829838,7.376396,126.81073808403896,2019-09-24
c0042,35.829838,7.376396,126.82831160145354,2019-09-25
c0042,35.829838,7.376396,128.3212683727619,2019-09-26
c0042,35.829838,7.376396,126.25772962570304,2019-09-27
c0042,35.829838,7.376396,128.57908769624612,2019-09-28
c0042,35.829838,7.376396,127.79349321791514,2019-09-29
c0042,35.829838,7.376396,124.86367743150076,2019-09-30
c0042,35.829838,7.376396,126.05364151677344,2019-10-01
c0042,35.829838,7.376396,129.90378443850966,2019-10-02
c0042,35.829838,7.376396,132.71792369356862,2019-10-03
c0042,35.829838,7.376396,126.64090414641862,2019-10-04
c0042,35.829838,7.376396,129.8968875996328,2019-10-05
c0042,35.829838,7.376396,130.83198686510565,2019-10-06
c0042,35.829838,7.376396,132.6838711885566,2019-10-07
c0042,35.829838,7.376396,126.5848642924533,2019-10-08
c0042,35.829838,7.376396,127.68736790184484,2019-10-09
c0042,35.829838,7.376396,126.96245040812052,2019-10-10
c0042,35.829838,7.376396,126.66264132695704,2019-10-11
c0042,35.829838,7.376396,123.14645696577152,2019-10-12
c0042,35.829838,7.376396,124.00215138859352,2019-10-13
c0042,35.829838,7.376396,125.22069434852216,2019-10-14
c0042,35.829838,7.376396,128.5844764692406,2019-10-15
c0042,35.829838,7.376396,124.77012929675725,2019-10-16
c0042,35.829838,7.376396,124.98540315843358,2019-10-17
c0042,35.829838,7.376396,125.03500179518356,2019-10-18
c0042,35.829838,7.376396,123.30456635442825,2019-10-19
c0042,35.829838,7.376396,122.08365263741392,2019-10-20
c0042,35.829838,7.376396,122.6515846120268,2019-10-21
c0042,35.829838,7.376396,119.99469880082644,2019-10-22
c0042,35.829838,7.376396,123.62347554502172,2019-10-23
c0042,35.829838,7.376396,140.76157330458335,2019-10-24
c0042,35.829838,7.376396,137.54478556369816,2019-10-25
c0042,35.829838,7.376396,142.95246534045256,2019-10-26
c0042,35.829838,7.376396,143.98672317338102,2019-10-27
c0042,35.829838,7.376396,133.8446701819107,2019-10-28
c0042,35.829838,7.376396,128.6776268309975,2019-10-29
c0042,35.829838,7.376396,134.4343820518895,2019-10-30
c0042,35.829838,7.376396,131.37233428718358,2019-10-31
c0042,35.829838,7.376396,132.49813753989386,2019-11-01
c0042,35.829838,7.376396,129.32388864900395,2019-11-02
c0042,35.829838,7.376396,138.49563832946137,2019-11-03
c0042,35.829838,7.376396,134.33136522945108,2019-11-04
c0042,35.829838,7.376396,139.43953128153416,2019-11-05
c0042,35.829838,7.376396,145.11708891568065,2019-11-06
c0042,35.829838,7.376396,139.10234412980574,2019-11-07
c0042,35.829838,7.376396,136.89094834646613,2019-11-08
c0042,35.829838,7.376396,143.9057967835277,2019-11-09
c0042,35.829838,7.376396,145.8571536396286,2019-11-10
c0042,35.829838,7.376396,160.84908151498368,2019-11-11
c0042,35.829838,7.376396,136.11497961034763,2019-11-13
c0042,35.829838,7.376396,141.090165673795,2019-11-14
c0042,35.829838,7.376396,141.93968840353702,2019-11-15
c0042,35.829838,7.376396,153.22165551857606,2019-11-16
c0042,35.829838,7.376396,153.8826725288692,2019-11-17
c0042,35.829838,7.376396,151.90523056723484,2019-11-18
c0042,35.829838,7.376396,149.27314531385258,2019-11-19
c0042,35.829838,7.376396,140.17081293291722,2019-11-20
c0042,35.829838,7.376396,143.12234648474742,2019-11-21
c0042,35.829838,7.376396,142.2382695077603,2019-11-22
c0042,35.829838,7.376396,145.2792286905815,2019-11-23
c0042,35.829838,7.376396,141.3763267152089,2019-11-24
c0042,35.829838,7.376396,139.75015202170823,2019-11-25
c0042,35.829838,7.376396,118.10548857064806,2019-11-26
c0042,35.829838,7.376396,116.4318358477684,2019-11-27
c0042,35.829838,7.376396,121.23191671173906,2019-11-28
c0042,35.829838,7.376396,126.11019544474604,2019-11-29
c0042,35.829838,7.376396,123.85847763921724,2019-11-30
c0042,35.829838,7.376396,120.34155729078736,2019-12-01
c0042,35.829838,7.376396,122.5973556867276,2019-12-02
c0042,35.829838,7.376396,126.59290398474876,2019-12-03
c0042,35.829838,7.376396,146.99697817841204,2019-12-04
c0042,35.829838,7.376396,139.13514214488544,2019-12-05
c0042,35.829838,7.376396,136.8904875369547,2019-12-06
c0042,35.829838,7.376396,140.50917317966673,2019-12-07
c0042,35.829838,7.376396,139.14651184058567,2019-12-08
c0042,35.829838,7.376396,141.71039537647582,2019-12-09
c0042,35.829838,7.376396,150.4292721237474,2019-12-10
c0042,35.829838,7.376396,135.17609389431522,2019-12-11
c0042,35.829838,7.376396,147.00813085290167,2019-12-12
c0042,35.829838,7.376396,142.23426492116374,2019-12-13
c0042,35.829838,7.376396,135.32521881675925,2019-12-14
c0042,35.829838,7.376396,134.70722690050764,2019-12-15
c0042,35.829838,7.376396,127.79247142486568,2019-12-16
c0042,35.829838,7.376396,138.83542878982527,2019-12-17
c0042,35.829838,7.376396,172.36519704434224,2019-12-18
c0042,35.829838,7.376396,132.88743264208185,2019-12-19
c0042,35.829838,7.376396,139.3530758780687,2019-12-20
c0042,35.829838,7.376396,123.56890173608517,2019-12-21
c0042,35.829838,7.376396,120.73958489975288,2019-12-22
c0042,35.829838,7.376396,126.5818308055762,2019-12-23
c0042,35.829838,7.376396,126.35041897838865,2019-12-24
c0042,35.829838,7.376396,128.27789407914068,2019-12-25
c0042,35.829838,7.376396,132.65558714323188,2019-12-26
c0042,35.829838,7.376396,137.37488434863943,2019-12-27
c0042,35.829838,7.376396,150.42109999550635,2019-12-28
c0042,35.829838,7.376396,157.1786792581221,2019-12-29
c0042,35.829838,7.376396,158.70639275746075,2019-12-30
c0042,35.829838,7.376396,147.870569666919,2019-12-31
c0042,35.829838,7.376396,142.45024015754257,2020-01-01
c0042,35.829838,7.376396,146.83002446469428,2020-01-02
c0042,35.829838,7.376396,140.83856472200353,2020-01-03
c0042,35.829838,7.376396,147.29576562386885,2020-01-04
c0042,35.829838,7.376396,154.83834728168765,2020-01-05
c0042,35.829838,7.376396,150.44210742108484,2020-01-06
c0042,35.829838,7.376396,154.9674755880184,2020-01-07
c0042,35.829838,7.376396,161.03421112797798,2020-01-08
c0042,35.829838,7.376396,169.69970630200078,2020-01-09
c0042,35.829838,7.376396,155.75912225801045,2020-01-10
c0042,35.829838,7.376396,156.70397593763792,2020-01-11
c0042,35.829838,7.376396,162.63710001316642,2020-01-12
c0042,35.829838,7.376396,145.48619837428365,2020-01-13
c0042,35.829838,7.376396,137.1829970533489,2020-01-14
c0042,35.829838,7.376396,140.01347266863007,2020-01-15
c0042,35.829838,7.376396,144.67741804103397,2020-01-16
c0042,35.829838,7.376396,146.01103548056645,2020-01-17
c0042,35.829838,7.376396,151.26182008481453,2020-01-18
c0042,35.829838,7.376396,164.4372157045553,2020-01-19
c0042,35.829838,7.376396,158.0167225597467,2020-01-20
c0042,35.829838,7.376396,143.24708477997868,2020-01-21
c0042,35.829838,7.376396,134.16901498044732,2020-01-22
c0042,35.829838,7.376396,129.1016199726356,2020-01-23
c0042,35.829838,7.376396,128.85623216254046,2020-01-24
c0042,35.829838,7.376396,127.65609158925612,2020-01-25
c0042,35.829838,7.376396,139.05458263396338,2020-01-26
c0042,35.829838,7.376396,146.08891731162757,2020-01-27
c0042,35.829838,7.376396,146.38920785500935,2020-01-28
c0042,35.829838,7.376396,146.82418049829337,2020-01-29
c0042,35.829838,7.376396,142.06661498676434,2020-01-30
c0042,35.829838,7.376396,141.84523575855485,2020-01-31
c0042,35.829838,7.376396,134.47919113410603,2020-02-01
c0042,35.829838,7.376396,132.942242900302,2020-02-02
c0042,35.829838,7.376396,128.0712226120324,2020-02-03
c0042,35.829838,7.376396,127.22426998772494,2020-02-04
c0042,35.829838,7.376396,131.16339265758597,2020-02-05
c0042,35.829838,7.376396,139.0742316411143,2020-02-06
c0042,35.829838,7.376396,141.14424254439243,2020-02-07
c0042,35.829838,7.376396,140.04210786702075,2020-02-08
c0042,35.829838,7.376396,140.3656701112408,2020-02-09
c0042,35.829838,7.376396,,2020-02-10
c0042,35.829838,7.376396,118.38198218649389,2020-02-11
c0042,35.829838,7.376396,133.58512951991798,2020-02-12
c0042,35.829838,7.376396,130.72237303312798,2020-02-13
c0042,35.829838,7.376396,136.40872339907074,2020-02-14
c0042,35.829838,7.376396,131.97963103155217,2020-02-15
c0042,35.829838,7.376396,140.06954195681035,2020-02-16
c0042,35.829838,7.376396,126.98708912852597,2020-02-17
c0042,35.829838,7.376396,132.75559392809262,2020-02-18
c0042,35.829838,7.376396,138.82771825596572,2020-02-19
c0042,35.829838,7.376396,140.45167732615542,2020-02-20
c0042,35.829838,7.376396,140.2728893578136,2020-02-21
c0042,35.829838,7.376396,136.59414820528843,2020-02-22
c0042,35.829838,7.376396,130.62849517112286,2020-02-23
c0042,35.829838,7.376396,128.65108613578167,2020-02-24
c0042,35.829838,7.376396,130.5864141616995,2020-02-25
c0042,35.829838,7.376396,149.38544001022336,2020-02-26
c0042,35.829838,7.376396,143.10577313190308,2020-02-27
c0042,35.829838,7.376396,130.9057427210273,2020-02-28
c0042,35.829838,7.376396,130.64459097686932,2020-02-29
c0042,35.829838,7.376396,137.96315723840763,2020-03-01
c0042,35.829838,7.376396,141.3098849658169,2020-03-02
c0042,35.829838,7.376396,152.66543587984427,2020-03-03
c0042,35.829838,7.376396,143.07807608736763,2020-03-04
c0042,35.829838,7.376396,127.9479929009886,2020-03-05
c0042,35.829838,7.376396,133.7382073458068,2020-03-06
c0042,35.829838,7.376396,161.4162750048785,2020-03-07
c0042,35.829838,7.376396,151.2853531015401,2020-03-08
c0042,35.829838,7.376396,163.5644082315794,2020-03-09
c0042,35.829838,7.376396,169.7473860339412,2020-03-10
c0042,35.829838,7.376396,140.4293459583837,2020-03-11
c0042,35.829838,7.376396,134.94329657198867,2020-03-12
c0042,35.829838,7.376396,134.21550725034666,2020-03-13
c0042,35.829838,7.376396,136.0632397175954,2020-03-14
c0042,35.829838,7.376396,137.53537245538692,2020-03-15
c0042,35.829838,7.376396,141.52238682080517,2020-03-16
c0042,35.829838,7.376396,149.29079999577772,2020-03-17
c0042,35.829838,7.376396,150.1288486145798,2020-03-18
c0042,35.829838,7.376396,149.91231481526518,2020-03-19
c0042,35.829838,7.376396,141.73535435404602,2020-03-20
c0042,35.829838,7.376396,160.86639292955232,2020-03-21
c0042,35.829838,7.376396,158.08073147832323,2020-03-22
c0042,35.829838,7.376396,157.3326760593973,2020-03-23
c0042,35.829838,7.376396,158.76244072414718,2020-03-24
c0042,35.829838,7.376396,167.12418709952405,2020-03-25
c0042,35.829838,7.376396,163.5118474256594,2020-03-26
c0042,35.829838,7.376396,156.5696061607245,2020-03-27
c0042,35.829838,7.376396,159.89259174111777,2020-03-28
c0042,35.829838,7.376396,173.19639848381377,2020-03-29
c0042,35.829838,7.376396,161.35866950884343,2020-03-30
c0042,35.829838,7.376396,151.60118172796044,2020-03-31
c0042,35.829838,7.376396,150.78459640842377,2020-04-01
c0042,35.829838,7.376396,161.77333796672923,2020-04-02
c0042,35.829838,7.376396,184.23665741214435,2020-04-03
c0042,35.829838,7.376396,149.13003551316964,2020-04-04
c0042,35.829838,7.376396,162.27473836298745,2020-04-05
c0042,35.829838,7.376396,153.32330633999106,2020-04-06
c0042,35.829838,7.376396,149.9924331554135,2020-04-07
c0042,35.829838,7.376396,154.95362689205828,2020-04-08
c0042,35.829838,7.376396,150.98833830202764,2020-04-09
c0042,35.829838,7.376396,146.7702969563652,2020-04-10
c0042,35.829838,7.376396,138.65355769479666,2020-04-11
c0042,35.829838,7.376396,133.67951148197568,2020-04-12
c0042,35.829838,7.376396,136.42080587147518,2020-04-13
c0042,35.829838,7.376396,138.53180149690144,2020-04-14
c0042,35.829838,7.376396,128.20481551878012,2020-04-15
c0042,35.829838,7.376396,133.26459206314863,2020-04-16
c0042,35.829838,7.376396,134.89813828479788,2020-04-17
c0042,35.829838,7.376396,131.925541374068,2020-04-18
c0042,35.829838,7.376396,127.22319147298931,2020-04-19
c0042,35.829838,7.376396,150.6693395906211,2020-04-20
c0042,35.829838,7.376396,150.49618602546107,2020-04-21
c0042,35.829838,7.376396,166.2843417530002,2020-04-22
c0042,35.829838,7.376396,142.8966860817561,2020-04-23
c0042,35.829838,7.376396,143.882784993288,2020-04-24
c0042,35.829838,7.376396,149.951580457631,2020-04-25
c0042,35.829838,7.376396,153.39604070018615,2020-04-26
c0042,35.829838,7.376396,145.14044312963853,2020-04-27
c0042,35.829838,7.376396,143.9590318778957,2020-04-28
c0042,35.829838,7.376396,147.1609224348722,2020-04-29
c0042,35.829838,7.376396,147.58619606016555,2020-04-30
c0042,35.829838,7.376396,144.2857485799882,2020-05-01
c0042,35.829838,7.376396,143.8527281086332,2020-05-02
c0042,35.829838,7.376396,137.3518045167027,2020-05-03
c0042,35.829838,7.376396,130.98010969897882,2020-05-04
c0042,35.829838,7.376396,136.7908031178783,2020-05-05
c0042,35.829838,7.376396,135.82823985066318,2020-05-06
c0042,35.829838,7.376396,136.58331707371713,2020-05-07
c0042,35.829838,7.376396,136.22386814113463,2020-05-08
c0042,35.829838,7.376396,131.71624099795858,2020-05-09
c0042,35.829838,7.376396,137.89089513719935,2020-05-10
c0042,35.829838,7.376396,135.59222293394774,2020-05-11
c0042,35.829838,7.376396,137.0270300812618,2020-05-12
c0042,35.829838,7.376396,140.16889822880665,2020-05-13
c0042,35.829838,7.376396,136.52222341215932,2020-05-14
c0042,35.829838,7.376396,135.430326862746,2020-05-15
c0042,35.829838,7.376396,135.99334983424495,2020-05-16
c0042,35.829838,7.376396,,2020-05-17
c0042,35.829838,7.376396,149.31202796770415,2020-05-18
c0042,35.829838,7.376396,144.45710789636584,2020-05-19
c0042,35.829838,7.376396,144.33100875768517,2020-05-20
c0042,35.829838,7.376396,143.97492225307326,2020-05-21
c0042,35.829838,7.376396,143.75436225407503,2020-05-22
c0042,35.829838,7.376396,142.6034594348779,2020-05-23
c0042,35.829838,7.376396,141.28287631750504,2020-05-24
c0042,35.829838,7.376396,145.24800111207426,2020-05-25
c0042,35.829838,7.376396,151.5613351908263,2020-05-26
c0042,35.829838,7.376396,149.5321962865462,2020-05-27
c0042,35.829838,7.376396,152.62546560882782,2020-05-28
c0042,35.829838,7.376396,147.4302256361355,2020-05-29
c0042,35.829838,7.376396,149.74963433718665,2020-05-30
c0042,35.829838,7.376396,141.0449846862179,2020-05-31
c0042,35.829838,7.376396,147.4770482699344,2020-06-01
c0042,35.829838,7.376396,144.82586556849296,2020-06-02
c0042,35.829838,7.376396,144.89859046511287,2020-06-03
c0042,35.829838,7.376396,141.2957875264704,2020-06-04
c0042,35.829838,7.376396,149.5353912465038,2020-06-05
c0042,35.829838,7.376396,,2020-06-06
c0042,35.829838,7.376396,137.28951556545488,2020-06-07
c0042,35.829838,7.376396,146.3580913736828,2020-06-08
c0042,35.829838,7.376396,146.91938471694496,2020-06-09
c0042,35.829838,7.376396,151.52004088227204,2020-06-10
c0042,35.829838,7.376396,149.83922393279468,2020-06-11
c0042,35.829838,7.376396,,2020-06-13
c0042,35.829838,7.376396,130.61203847646422,2020-06-14
c0042,35.829838,7.376396,139.01828343353705,2020-06-15
c0042,35.829838,7.376396,133.48722972298123,2020-06-16
c0042,35.829838,7.376396,134.93344136471234,2020-06-17
c0042,35.829838,7.376396,124.75377112317794,2020-06-18
c0042,35.829838,7.376396,125.69247966303952,2020-06-19
c0042,35.829838,7.376396,130.5041286657791,2020-06-20
c0042,35.829838,7.376396,144.02571521485302,2020-06-21
c0042,35.829838,7.376396,142.041403772554,2020-06-22
c0042,35.829838,7.376396,140.67587043845066,2020-06-23
c0042,35.829838,7.376396,135.9413286501569,2020-06-24
c0042,35.829838,7.376396,133.64594160985249,2020-06-25
c0042,35.829838,7.376396,130.98382995918345,2020-06-26
c0042,35.829838,7.376396,130.9683867595731,2020-06-27
c0042,35.829838,7.376396,128.9187148109688,2020-06-28
c0042,35.829838,7.376396,129.3928086812862,2020-06-29
c0042,35.829838,7.376396,130.8413814066134,2020-06-30
c0042,35.829838,7.376396,127.5012039082078,2020-07-01
c0042,35.829838,7.376396,124.70649438734208,2020-07-02
c0042,35.829838,7.376396,126.00377437562452,2020-07-03
c0042,35.829838,7.376396,,2020-07-04
c0042,35.829838,7.376396,130.84533219203138,2020-07-05
c0042,35.829838,7.376396,128.3078795805297,2020-07-06
c0042,35.829838,7.376396,128.690501242992,2020-07-07
c0042,35.829838,7.376396,127.58951968599716,2020-07-08
c0042,35.829838,7.376396,128.36087323833263,2020-07-09
c0042,35.829838,7.376396,129.01738661066486,2020-07-10
c0042,35.829838,7.376396,129.04985948041332,2020-07-11
c0042,35.829838,7.376396,126.9760574183567,2020-07-12
c0042,35.829838,7.376396,130.88231111369683,2020-07-13
c0042,35.829838,7.376396,132.58388883909666,2020-07-14
c0042,35.829838,7.376396,,2020-07-15
c0042,35.829838,7.376396,132.39721510161766,2020-07-16
c0042,35.829838,7.376396,134.78428633109792,2020-07-17
c0042,35.829838,7.376396,146.77232022240972,2020-07-18
c0042,35.829838,7.376396,137.19171901561867,2020-07-19
c0042,35.829838,7.376396,130.96386478787014,2020-07-20
c0042,35.829838,7.376396,132.11224006335516,2020-07-21
c0042,35.829838,7.376396,126.94414212701636,2020-07-22
c0042,35.829838,7.376396,125.79371806832134,2020-07-23
c0042,35.829838,7.376396,127.93170659859682,2020-07-24
c0042,35.829838,7.376396,130.41174675902383,2020-07-25
c0042,35.829838,7.376396,,2020-07-26
c0042,35.829838,7.376396,132.66052292692763,2020-07-27
c0042,35.829838,7.376396,131.11986251707182,2020-07-28
c0042,35.829838,7.376396,130.992971140433,2020-07-29
c0042,35.829838,7.376396,131.98598364228278,2020-07-30
c0042,35.829838,7.376396,129.55278735410724,2020-07-31
c0042,35.829838,7.376396,129.57942004156888,2020-08-02
c0042,35.829838,7.376396,130.703582317476,2020-08-03
c0042,35.829838,7.376396,139.2992647873788,2020-08-04
c0042,35.829838,7.376396,135.26071201700486,2020-08-05
c0042,35.829838,7.376396,133.80716992525166,2020-08-06
c0042,35.829838,7.376396,133.9384251171426,2020-08-07
c0042,35.829838,7.376396,135.01351570034683,2020-08-08
c0042,35.829838,7.376396,135.28347280358352,2020-08-09
c0042,35.829838,7.376396,133.06039278795217,2020-08-10
c0042,35.829838,7.376396,133.44242009729638,2020-08-11
c0042,35.829838,7.376396,128.74390311018422,2020-08-12
c0042,35.829838,7.376396,128.05618885869006,2020-08-13
c0042,35.829838,7.376396,127.250632057835,2020-08-14
c0042,35.829838,7.376396,129.26005346325522,2020-08-15
c0042,35.829838,7.376396,129.49314677413028,2020-08-16
c0042,35.829838,7.376396,128.39703826449093,2020-08-17
c0042,35.829838,7.376396,127.92407916170175,2020-08-18
c0042,35.829838,7.376396,131.97400945106094,2020-08-19
c0042,35.829838,7.376396,129.65374162966808,2020-08-20
c0042,35.829838,7.376396,127.04051219721823,2020-08-21
c0042,35.829838,7.376396,126.48367109261764,2020-08-22
c0042,35.829838,7.376396,127.2955512804472,2020-08-23
c0042,35.829838,7.376396,128.10259901426036,2020-08-24
c0042,35.829838,7.376396,127.5941182524838,2020-08-25
c0042,35.829838,7.376396,126.2354648460094,2020-08-26
c0042,35.829838,7.376396,127.09688272136952,2020-08-27
c0042,35.829838,7.376396,128.5148980639145,2020-08-28
c0042,35.829838,7.376396,127.74554880697345,2020-08-29
c0042,35.829838,7.376396,125.70748346334813,2020-08-30
c0042,35.829838,7.376396,129.22778301539847,2020-08-31
c0042,35.829838,7.376396,127.95149689467206,2020-09-01
c0042,35.829838,7.376396,133.6699340006921,2020-09-02
c0042,35.829838,7.376396,132.79783786174178,2020-09-03
c0042,35.829838,7.376396,135.8704259541186,2020-09-04
c0042,35.829838,7.376396,131.49888040285106,2020-09-05
c0042,35.829838,7.376396,127.07385879903468,2020-09-06
c0042,35.829838,7.376396,128.842646430048,2020-09-07
c0042,35.829838,7.376396,128.5842036274049,2020-09-08
c0042,35.829838,7.376396,128.89934670785124,2020-09-09
c0042,35.829838,7.376396,137.3509551924923,2020-09-10
c0042,35.829838,7.376396,135.15736763068654,2020-09-11
c0042,35.829838,7.376396,133.83901578237814,2020-09-12
c0042,35.829838,7.376396,132.59531855057008,2020-09-13
c0042,35.829838,7.376396,128.55683512827488,2020-09-15
c0042,35.829838,7.376396,124.49000028896182,2020-09-16
c0042,35.829838,7.376396,122.50095821242466,2020-09-17
c0042,35.829838,7.376396,119.76316902947302,2020-09-18
c0042,35.829838,7.376396,120.73343837662912,2020-09-19
c0042,35.829838,7.376396,123.23042749389784,2020-09-20
c0042,35.829838,7.376396,125.52409405574922,2020-09-21
c0042,35.829838,7.376396,126.93955187248912,2020-09-22
c0042,35.829838,7.376396,127.98883493108733,2020-09-23
c0042,35.829838,7.376396,121.24915673209794,2020-09-24
c0042,35.829838,7.376396,124.62329556132188,2020-09-25
c0042,35.829838,7.376396,129.1032989493318,2020-09-26
c0042,35.829838,7.376396,133.14602272042345,2020-09-27
c0042,35.829838,7.376396,136.0003568902962,2020-09-28
c0042,35.829838,7.376396,122.45208027738173,2020-09-29
c0042,35.829838,7.376396,125.74826161449198,2020-09-30
c0042,35.829838,7.376396,129.23493064170668,2020-10-01
c0042,35.829838,7.376396,135.50685829187316,2020-10-02
c0042,35.829838,7.376396,134.44446132818206,2020-10-03
c0042,35.829838,7.376396,129.49723614071834,2020-10-04
c0042,35.829838,7.376396,130.59440774600785,2020-10-05
c0042,35.829838,7.376396,129.27910193124077,2020-10-06
c0042,35.829838,7.376396,125.71090610845349,2020-10-07
c0042,35.829838,7.376396,124.90819222666904,2020-10-08
c0042,35.829838,7.376396,126.64949960829014,2020-10-09
c0042,35.829838,7.376396,123.34376061765876,2020-10-10
c0042,35.829838,7.376396,122.68835814247154,2020-10-11
c0042,35.829838,7.376396,133.0312633471861,2020-10-12
c0042,35.829838,7.376396,128.7771929645988,2020-10-13
c0042,35.829838,7.376396,131.2784016770141,2020-10-14
c0042,35.829838,7.376396,130.63967046208305,2020-10-15
c0042,35.829838,7.376396,128.474426030765,2020-10-16
c0042,35.829838,7.376396,127.296595656322,2020-10-17
c0042,35.829838,7.376396,129.95556966700596,2020-10-18
c0042,35.829838,7.376396,129.8023568696403,2020-10-19
c0042,35.829838,7.376396,127.85762060127496,2020-10-20
c0042,35.829838,7.376396,122.28768809548006,2020-10-21
c0042,35.829838,7.376396,120.97759082666106,2020-10-22
c0042,35.829838,7.376396,115.95437692004325,2020-10-23
c0042,35.829838,7.376396,119.83492938244024,2020-10-24
c0042,35.829838,7.376396,130.6315409312435,2020-10-25
c0042,35.829838,7.376396,128.36805415202755,2020-10-26
c0042,35.829838,7.376396,132.49331315859314,2020-10-27
c0042,35.829838,7.376396,129.85036892510223,2020-10-28
c0042,35.829838,7.376396,132.2037338027841,2020-10-29
c0042,35.829838,7.376396,123.56849576634974,2020-10-30
c0042,35.829838,7.376396,118.03895900233483,2020-10-31
c0042,35.829838,7.376396,118.99960727474983,2020-11-01
c0042,35.829838,7.376396,118.25710997046636,2020-11-02
c0042,35.829838,7.376396,123.0482471439198,2020-11-03
c0042,35.829838,7.376396,120.92946505372252,2020-11-04
c0042,35.829838,7.376396,113.92474445118869,2020-11-05
c0042,35.829838,7.376396,112.261397740598,2020-11-06
c0042,35.829838,7.376396,115.09956823672712,2020-11-07
c0042,35.829838,7.376396,122.58379767196192,2020-11-08
c0042,35.829838,7.376396,124.03159717906784,2020-11-09
c0042,35.829838,7.376396,126.38521646472864,2020-11-10
c0042,35.829838,7.376396,127.99074359973584,2020-11-11
c0042,35.829838,7.376396,125.54037675331932,2020-11-12
c0042,35.829838,7.376396,130.41207468971635,2020-11-13
c0042,35.829838,7.376396,131.56040326545997,2020-11-14
c0042,35.829838,7.376396,135.99732791847669,2020-11-15
c0042,35.829838,7.376396,133.0157718916838,2020-11-16
c0042,35.829838,7.376396,127.08792197790932,2020-11-17
c0042,35.829838,7.376396,119.9995505760644,2020-11-18
c0042,35.829838,7.376396,114.27518354962947,2020-11-19
c0042,35.829838,7.376396,114.57300646399185,2020-11-20
c0042,35.829838,7.376396,142.41520922605696,2020-11-21
c0042,35.829838,7.376396,144.62100305870916,2020-11-22
c0042,35.829838,7.376396,139.65933725709516,2020-11-23
c0042,35.829838,7.376396,121.85918915009496,2020-11-24
c0042,35.829838,7.376396,123.855424704508,2020-11-25
c0042,35.829838,7.376396,123.44524123671752,2020-11-26
c0042,35.829838,7.376396,128.54820639201503,2020-11-27
c0042,35.829838,7.376396,140.15213926601447,2020-11-28
c0042,35.829838,7.376396,131.84405664512445,2020-11-29
c0042,35.829838,7.376396,127.59698301565388,2020-11-30
c0042,35.829838,7.376396,131.1441288362879,2020-12-01
c0042,35.829838,7.376396,133.17289811890163,2020-12-02
c0042,35.829838,7.376396,142.99931462890004,2020-12-03
c0042,35.829838,7.376396,134.14508527110743,2020-12-04
c0042,35.829838,7.376396,130.07839615851657,2020-12-05
c0042,35.829838,7.376396,133.6618190310011,2020-12-06
c0042,35.829838,7.376396,139.7558116436733,2020-12-07
c0042,35.829838,7.376396,140.02569841236132,2020-12-08
c0042,35.829838,7.376396,151.04488637531094,2020-12-09
c0042,35.829838,7.376396,132.24660887857365,2020-12-10
c0042,35.829838,7.376396,119.48166014712922,2020-12-11
c0042,35.829838,7.376396,128.43964422176902,2020-12-12
c0042,35.829838,7.376396,119.95014960057372,2020-12-13
c0042,35.829838,7.376396,116.14654617422954,2020-12-14
c0042,35.829838,7.376396,116.58520429427185,2020-12-15
c0042,35.829838,7.376396,116.59802233787606,2020-12-16
c0042,35.829838,7.376396,117.6456124261068,2020-12-17
c0042,35.829838,7.376396,127.52901033473717,2020-12-18
c0042,35.829838,7.376396,133.4370568639741,2020-12-19
c0042,35.829838,7.376396,134.626126740457,2020-12-20
c0042,35.829838,7.376396,146.25684112746373,2020-12-21
c0042,35.829838,7.376396,136.7350593645827,2020-12-22
c0042,35.829838,7.376396,129.08866927200953,2020-12-23
c0042,35.829838,7.376396,127.24737745223958,2020-12-24
c0042,35.829838,7.376396,135.95513047973097,2020-12-25
c0042,35.829838,7.376396,150.12416114856666,2020-12-26
c0042,35.829838,7.376396,136.2770110238151,2020-12-27
c0042,35.829838,7.376396,144.56499539787302,2020-12-28
c0042,35.829838,7.376396,139.0431676588141,2020-12-29
c0042,35.829838,7.376396,151.69345605128484,2020-12-30
c0042,35.829838,7.376396,143.67224023458485,2020-12-31
c0042,35.829838,7.376396,160.8479787976545,2021-01-02
c0042,35.829838,7.376396,150.50969721122897,2021-01-03
c0042,35.829838,7.376396,144.78402681110083,2021-01-04
c0042,35.829838,7.376396,138.15380741315613,2021-01-05
c0042,35.829838,7.376396,132.77581197952978,2021-01-06
c0042,35.829838,7.376396,132.04821876107152,2021-01-07
c0042,35.829838,7.376396,136.9383147252774,2021-01-08
c0042,35.829838,7.376396,138.11563286969698,2021-01-09
c0042,35.829838,7.376396,137.9848897849614,2021-01-10
c0042,35.829838,7.376396,135.13319986460556,2021-01-11
c0042,35.829838,7.376396,142.12303679197024,2021-01-12
c0042,35.829838,7.376396,128.68161173450943,2021-01-13
c0042,35.829838,7.376396,120.62335043418808,2021-01-14
c0042,35.829838,7.376396,136.46527913018448,2021-01-15
c0042,35.829838,7.376396,157.7686891790935,2021-01-16
c0042,35.829838,7.376396,141.03522180510805,2021-01-17
c0042,35.829838,7.376396,152.95556295945684,2021-01-18
c0042,35.829838,7.376396,138.09878308754085,2021-01-19
c0042,35.829838,7.376396,139.45298352545063,2021-01-20
c0042,35.829838,7.376396,157.66116819158944,2021-01-21
c0042,35.829838,7.376396,140.320486019537,2021-01-22
c0042,35.829838,7.376396,156.93832767490466,2021-01-23
c0042,35.829838,7.376396,152.481899364516,2021-01-24
c0042,35.829838,7.376396,138.08810270637113,2021-01-25
c0042,35.829838,7.376396,138.13852739975763,2021-01-26
c0042,35.829838,7.376396,133.15264027903316,2021-01-27
c0042,35.829838,7.376396,132.26351849183774,2021-01-28
c0042,35.829838,7.376396,136.2739230703976,2021-01-29
c0042,35.829838,7.376396,136.7876981900957,2021-01-30
c0042,35.829838,7.376396,159.5905375739883,2021-01-31
c0042,35.829838,7.376396,142.29306500804253,2021-02-01
c0042,35.829838,7.376396,128.79135807637718,2021-02-02
c0042,35.829838,7.376396,137.1378442622787,2021-02-03
c0042,35.829838,7.376396,130.940427259809,2021-02-04
c0042,35.829838,7.376396,128.57450543076413,2021-02-05
c0042,35.829838,7.376396,127.56119107829282,2021-02-06
c0042,35.829838,7.376396,169.285311386266,2021-02-07
c0042,35.829838,7.376396,149.56650860381572,2021-02-08
c0042,35.829838,7.376396,142.2907692177505,2021-02-09
c0042,35.829838,7.376396,143.02379788331018,2021-02-10
c0042,35.829838,7.376396,132.72320517664815,2021-02-11
c0042,35.829838,7.376396,128.85861656619824,2021-02-12
c0042,35.829838,7.376396,140.64943386298543,2021-02-13
c0042,35.829838,7.376396,145.00008608389567,2021-02-14
c0042,35.829838,7.376396,138.8558730611997,2021-02-15
c0042,35.829838,7.376396,127.14361261427786,2021-02-16
c0042,35.829838,7.376396,132.13989419962508,2021-02-17
c0042,35.829838,7.376396,136.88133981104335,2021-02-18
c0042,35.829838,7.376396,161.66249875801427,2021-02-19
c0042,35.829838,7.376396,141.78650039667744,2021-02-20
c0042,35.829838,7.376396,129.2587621817663,2021-02-21
c0042,35.829838,7.376396,141.8003368613881,2021-02-22
c0042,35.829838,7.376396,145.01798859957756,2021-02-23
c0042,35.829838,7.376396,133.0186421244071,2021-02-24
c0042,35.829838,7.376396,136.84528435589192,2021-02-25
c0042,35.829838,7.376396,127.88480097400009,2021-02-26
c0042,35.829838,7.376396,126.21999440362744,2021-02-27
c0042,35.829838,7.376396,130.81679222498718,2021-02-28
c0042,35.829838,7.376396,134.95446362252935,2021-03-01
c0042,35.829838,7.376396,129.36333116634336,2021-03-02
c0042,35.829838,7.376396,132.69743057215396,2021-03-03
c0042,35.829838,7.376396,136.4230196704483,2021-03-04
c0042,35.829838,7.376396,156.2522572529574,2021-03-05
c0042,35.829838,7.376396,151.97558292614875,2021-03-06
c0042,35.829838,7.376396,151.79227075749384,2021-03-07
c0042,35.829838,7.376396,165.31050931246358,2021-03-08
c0042,35.829838,7.376396,156.98802767675,2021-03-09
c0042,35.829838,7.376396,162.0356437627819,2021-03-10
c0042,35.829838,7.376396,154.36655218875623,2021-03-11
c0042,35.829838,7.376396,130.48425995295767,2021-03-12
c0042,35.829838,7.376396,136.62555667734782,2021-03-13
c0042,35.829838,7.376396,141.58646168291767,2021-03-14
c0042,35.829838,7.376396,152.93626086168229,2021-03-15
c0042,35.829838,7.376396,152.92495371484242,2021-03-16
c0042,35.829838,7.376396,156.34538003308762,2021-03-17
c0042,35.829838,7.376396,163.50003573557527,2021-03-18
c0042,35.829838,7.376396,178.64327931681123,2021-03-19
c0042,35.829838,7.376396,171.39758755286164,2021-03-20
c0042,35.829838,7.376396,186.40496426333584,2021-03-21
c0042,35.829838,7.376396,190.55793171962213,2021-03-22
c0042,35.829838,7.376396,165.60578768983933,2021-03-23
c0042,35.829838,7.376396,151.94775373596838,2021-03-24
c0042,35.829838,7.376396,137.0684386235475,2021-03-25
c0042,35.829838,7.376396,134.62556957063785,2021-03-26
c0042,35.829838,7.376396,140.80278482413348,2021-03-27
c0042,35.829838,7.376396,145.45458679819873,2021-03-28
c0042,35.829838,7.376396,143.2340176850291,2021-03-29
c0042,35.829838,7.376396,144.9057269319366,2021-03-30
c0042,35.829838,7.376396,143.86879036822444,2021-03-31
c0042,35.829838,7.376396,144.79219544588491,2021-04-01
c0042,35.829838,7.376396,142.744057957553,2021-04-02
c0042,35.829838,7.376396,143.72726963207805,2021-04-03
c0042,35.829838,7.376396,157.4405351674969,2021-04-04
c0042,35.829838,7.376396,169.00263780981788,2021-04-05
c0042,35.829838,7.376396,150.1120425655336,2021-04-06
c0042,35.829838,7.376396,156.71395514510115,2021-04-07
c0042,35.829838,7.376396,151.51075458725987,2021-04-08
c0042,35.829838,7.376396,145.26377125249462,2021-04-09
c0042,35.829838,7.376396,143.83164077028303,2021-04-10
c0042,35.829838,7.376396,150.86654543150215,2021-04-11
c0042,35.829838,7.376396,158.66105949136036,2021-04-12
c0042,35.829838,7.376396,151.9932170203496,2021-04-13
c0042,35.829838,7.376396,151.4412957787314,2021-04-14
c0042,35.829838,7.376396,155.301836166203,2021-04-15
c0042,35.829838,7.376396,161.84125074800366,2021-04-16
c0042,35.829838,7.376396,176.42099740675738,2021-04-17
c0042,35.829838,7.376396,186.62474466780705,2021-04-18
c0042,35.829838,7.376396,154.80724962838002,2021-04-19
c0042,35.829838,7.376396,168.9741994056377,2021-04-20
c0042,35.829838,7.376396,152.3919188228698,2021-04-21
c0042,35.829838,7.376396,155.24667028396777,2021-04-22
c0042,35.829838,7.376396,155.2202841736376,2021-04-23
c0042,35.829838,7.376396,142.74912379407672,2021-04-24
c0042,35.829838,7.376396,138.95837229611985,2021-04-25
c0042,35.829838,7.376396,141.6118388984021,2021-04-26
c0042,35.829838,7.376396,141.28636853647075,2021-04-27
c0042,35.829838,7.376396,140.8287925237002,2021-04-28
c0042,35.829838,7.376396,144.51841110621928,2021-04-29
c0042,35.829838,7.376396,137.816209654719,2021-04-30
c0042,35.829838,7.376396,133.00601629068538,2021-05-01
c0042,35.829838,7.376396,141.3334172308477,2021-05-02
c0042,35.829838,7.376396,141.25123676977125,2021-05-03
c0042,35.829838,7.376396,138.4751305513698,2021-05-04
c0042,35.829838,7.376396,143.90536864089518,2021-05-05
c0042,35.829838,7.376396,140.31181678898204,2021-05-06
c0042,35.829838,7.376396,144.9968611426641,2021-05-07
c0042,35.829838,7.376396,144.34595561600852,2021-05-08
c0042,35.829838,7.376396,138.55367022361142,2021-05-09
c0042,35.829838,7.376396,130.29419075277215,2021-05-10
c0042,35.829838,7.376396,135.09064846471426,2021-05-11
c0042,35.829838,7.376396,135.01164486631174,2021-05-12
c0042,35.829838,7.376396,147.31511220629957,2021-05-13
c0042,35.829838,7.376396,149.29581936001412,2021-05-14
c0042,35.829838,7.376396,137.44133978272097,2021-05-15
c0042,35.829838,7.376396,138.33865559073905,2021-05-16
c0042,35.829838,7.376396,136.72773364064642,2021-05-17
c0042,35.829838,7.376396,135.87503405871934,2021-05-18
c0042,35.829838,7.376396,137.69243951008607,2021-05-19
c0042,35.829838,7.376396,143.11621562516558,2021-05-20
c0042,35.829838,7.376396,140.81966364156398,2021-05-21
c0042,35.829838,7.376396,135.9675776382868,2021-05-22
c0042,35.829838,7.376396,137.31756297615573,2021-05-23
c0042,35.829838,7.376396,142.98309425865364,2021-05-24
c0042,35.829838,7.376396,144.24081657498348,2021-05-25
c0042,35.829838,7.376396,145.8313540544601,2021-05-26
c0042,35.829838,7.376396,140.10652897097793,2021-05-27
c0042,35.829838,7.376396,142.8858590249072,2021-05-28
c0042,35.829838,7.376396,142.91620327450622,2021-05-29
c0042,35.829838,7.376396,140.7307587138611,2021-05-30
c0042,35.829838,7.376396,137.86056034029437,2021-05-31
c0042,35.829838,7.376396,139.62791903472618,2021-06-01
c0042,35.829838,7.376396,140.81140030174578,2021-06-02
c0042,35.829838,7.376396,137.88080615879915,2021-06-03
c0042,35.829838,7.376396,129.5076418617228,2021-06-04
c0042,35.829838,7.376396,128.66123978023396,2021-06-05
c0042,35.829838,7.376396,131.58496313493234,2021-06-06
c0042,35.829838,7.376396,135.0542508325122,2021-06-07
c0042,35.829838,7.376396,137.88968994332728,2021-06-08
c0042,35.829838,7.376396,143.91008984836853,2021-06-09
c0042,35.829838,7.376396,153.68248686611386,2021-06-10
c0042,35.829838,7.376396,146.63851514818666,2021-06-11
c0042,35.829838,7.376396,152.6810290014197,2021-06-12
c0042,35.829838,7.376396,148.9363436140701,2021-06-13
c0042,35.829838,7.376396,145.36006007781165,2021-06-14
c0042,35.829838,7.376396,143.70365760146666,2021-06-15
c0042,35.829838,7.376396,143.04596861152888,2021-06-16
c0042,35.829838,7.376396,138.5353715277175,2021-06-17
c0042,35.829838,7.376396,134.93408988850516,2021-06-18
c0042,35.829838,7.376396,132.28277191464232,2021-06-19
c0042,35.829838,7.376396,132.56433042128722,2021-06-20
c0042,35.829838,7.376396,138.48548318277753,2021-06-21
c0042,35.829838,7.376396,140.32300316982062,2021-06-22
c0042,35.829838,7.376396,137.5431860608914,2021-06-23
c0042,35.829838,7.376396,139.30212260629017,2021-06-24
c0042,35.829838,7.376396,139.65467298194153,2021-06-25
c0042,35.829838,7.376396,134.65221632625483,2021-06-26
c0042,35.829838,7.376396,137.6807163317756,2021-06-27
c0042,35.829838,7.376396,136.5337172292422,2021-06-28
c0042,35.829838,7.376396,133.1718912309372,2021-06-29
c0042,35.829838,7.376396,131.62361563163367,2021-06-30
c0042,35.829838,7.376396,129.93383415076934,2021-07-01
c0042,35.829838,7.376396,130.10970833629585,2021-07-02
c0042,35.829838,7.376396,131.7022178003318,2021-07-03
c0042,35.829838,7.376396,133.52315946398303,2021-07-04
c0042,35.829838,7.376396,134.90583670076236,2021-07-05
c0042,35.829838,7.376396,134.17853944291898,2021-07-06
c0042,35.829838,7.376396,131.2003380844557,2021-07-07
c0042,35.829838,7.376396,130.58716931651574,2021-07-08
c0042,35.829838,7.376396,133.06544134925733,2021-07-09
c0042,35.829838,7.376396,131.47592877576977,2021-07-10
c0042,35.829838,7.376396,130.33709705146532,2021-07-11
c0042,35.829838,7.376396,129.36807967999346,2021-07-12
c0042,35.829838,7.376396,131.84290846271563,2021-07-13
c0042,35.829838,7.376396,132.8191869171753,2021-07-14
c0042,35.829838,7.376396,133.2734269135119,2021-07-15
c0042,35.829838,7.376396,137.9054687424509,2021-07-16
c0042,35.829838,7.376396,139.18550090985647,2021-07-17
c0042,35.829838,7.376396,145.66788236165493,2021-07-18
c0042,35.829838,7.376396,138.99862835033858,2021-07-19
c0042,35.829838,7.376396,137.39125920621237,2021-07-20
c0042,35.829838,7.376396,134.01033375480012,2021-07-21
c0042,35.829838,7.376396,134.54015350241946,2021-07-22
c0042,35.829838,7.376396,132.9983706586209,2021-07-23
c0042,35.829838,7.376396,132.64685138141294,2021-07-24
c0042,35.829838,7.376396,133.91229238807244,2021-07-25
c0042,35.829838,7.376396,135.74248976822523,2021-07-26
c0042,35.829838,7.376396,140.98998832578675,2021-07-27
c0042,35.829838,7.376396,136.48666016057547,2021-07-28
c0042,35.829838,7.376396,135.284769598443,2021-07-29
c0042,35.829838,7.376396,133.1200240806188,2021-07-30
c0042,35.829838,7.376396,133.44678020679308,2021-07-31
c0042,35.829838,7.376396,132.69416465721395,2021-08-01
c0042,35.829838,7.376396,131.99369696864122,2021-08-02
c0042,35.829838,7.376396,129.94744903881724,2021-08-03
c0042,35.829838,7.376396,131.6644870655119,2021-08-04
c0042,35.829838,7.376396,137.88162342796014,2021-08-05
c0042,35.829838,7.376396,138.4663541361873,2021-08-06
c0042,35.829838,7.376396,131.92903637191776,2021-08-07
c0042,35.829838,7.376396,129.42388708630293,2021-08-08
c0042,35.829838,7.376396,128.65049295727417,2021-08-09
c0042,35.829838,7.376396,130.80434327157644,2021-08-10
c0042,35.829838,7.376396,129.07489673073056,2021-08-11
c0042,35.829838,7.376396,131.01641902248588,2021-08-12
c0042,35.829838,7.376396,130.158982497159,2021-08-13
c0042,35.829838,7.376396,130.96365974020478,2021-08-14
c0042,35.829838,7.376396,132.36422478564134,2021-08-15
c0042,35.829838,7.376396,132.84723095536197,2021-08-16
c0042,35.829838,7.376396,134.0208935872985,2021-08-17
c0042,35.829838,7.376396,131.5845700638332,2021-08-18
c0042,35.829838,7.376396,130.58197191690658,2021-08-19
c0042,35.829838,7.376396,132.61135092933802,2021-08-20
c0042,35.829838,7.376396,132.65971724784947,2021-08-21
c0042,35.829838,7.376396,132.04809488267568,2021-08-22
c0042,35.829838,7.376396,129.08048659244406,2021-08-23
c0042,35.829838,7.376396,127.19484151800832,2021-08-24
c0042,35.829838,7.376396,127.3950239712363,2021-08-25
c0042,35.829838,7.376396,130.2583146635429,2021-08-26
c0042,35.829838,7.376396,132.13583094811986,2021-08-27
c0042,35.829838,7.376396,132.71336393496358,2021-08-28
c0042,35.829838,7.376396,130.291344676631,2021-08-29
c0042,35.829838,7.376396,130.05690174578973,2021-08-30
c0042,35.829838,7.376396,129.73218180229324,2021-08-31
c0042,35.829838,7.376396,132.02691923182337,2021-09-01
c0042,35.829838,7.376396,129.28944188626105,2021-09-02
c0042,35.829838,7.376396,128.46189551403708,2021-09-03
c0042,35.829838,7.376396,129.38981283745417,2021-09-04
c0042,35.829838,7.376396,129.6348947051273,2021-09-05
c0042,35.829838,7.376396,133.08440845746438,2021-09-06
c0042,35.829838,7.376396,132.19876414546349,2021-09-07
c0042,35.829838,7.376396,134.63681860574317,2021-09-08
c0042,35.829838,7.376396,133.3873090055001,2021-09-09
c0042,35.829838,7.376396,136.56324343844662,2021-09-10
c0042,35.829838,7.376396,136.01331789066248,2021-09-11
c0042,35.829838,7.376396,131.2113236481219,2021-09-12
c0042,35.829838,7.376396,128.01152640498833,2021-09-13
c0042,35.829838,7.376396,126.8061291027666,2021-09-14
c0042,35.829838,7.376396,127.65114537299624,2021-09-15
c0042,35.829838,7.376396,126.9764405823305,2021-09-16
c0042,35.829838,7.376396,127.7006956029993,2021-09-17
c0042,35.829838,7.376396,128.7573302331328,2021-09-18
c0042,35.829838,7.376396,131.30452859079034,2021-09-19
c0042,35.829838,7.376396,130.03551906550732,2021-09-20
c0042,35.829838,7.376396,131.825922588398,2021-09-21
c0042,35.829838,7.376396,127.80304678169875,2021-09-22
c0042,35.829838,7.376396,129.11057026725263,2021-09-23
c0042,35.829838,7.376396,128.698343707701,2021-09-24
c0042,35.829838,7.376396,126.6283140261339,2021-09-25
c0042,35.829838,7.376396,129.32584602658278,2021-09-26
c0042,35.829838,7.376396,129.09738051546577,2021-09-27
c0042,35.829838,7.376396,128.19866773634138,2021-09-28
c0042,35.829838,7.376396,126.40486219850196,2021-09-30
c0042,35.829838,7.376396,131.7642481356487,2021-10-01
c0042,35.829838,7.376396,134.00989485219185,2021-10-02
c0042,35.829838,7.376396,131.3035307152635,2021-10-03
c0042,35.829838,7.376396,129.06855996283016,2021-10-04
c0042,35.829838,7.376396,131.93983873134795,2021-10-05
c0042,35.829838,7.376396,130.88249618399294,2021-10-06
c0042,35.829838,7.376396,134.66440498234724,2021-10-07
c0042,35.829838,7.376396,133.5403070015769,2021-10-08
c0042,35.829838,7.376396,137.97520925343449,2021-10-09
c0042,35.829838,7.376396,134.64667643044282,2021-10-10
c0042,35.829838,7.376396,131.045868068541,2021-10-11
c0042,35.829838,7.376396,127.99714208116478,2021-10-12
c0042,35.829838,7.376396,133.98747833334446,2021-10-13
c0042,35.829838,7.376396,141.29836609712805,2021-10-14
c0042,35.829838,7.376396,141.15870688044632,2021-10-15
c0042,35.829838,7.376396,144.61890503014095,2021-10-16
c0042,35.829838,7.376396,141.2868967396146,2021-10-17
c0042,35.829838,7.376396,143.89009278574355,2021-10-18
c0042,35.829838,7.376396,140.62106728317832,2021-10-19
c0042,35.829838,7.376396,132.96044037556652,2021-10-20
c0042,35.829838,7.376396,127.60882316675716,2021-10-21
c0042,35.829838,7.376396,129.91311786535826,2021-10-22
c0042,35.829838,7.376396,128.50877938076707,2021-10-23
c0042,35.829838,7.376396,133.1640600901265,2021-10-24
c0042,35.829838,7.376396,130.16445670545625,2021-10-25
c0042,35.829838,7.376396,127.40642848801888,2021-10-26
c0042,35.829838,7.376396,133.52566370629785,2021-10-27
c0042,35.829838,7.376396,136.92991298315317,2021-10-28
c0042,35.829838,7.376396,135.5886586546589,2021-10-29
c0042,35.829838,7.376396,134.01495898620658,2021-10-30
c0042,35.829838,7.376396,131.55675271180854,2021-10-31
c0042,35.829838,7.376396,128.13278410852706,2021-11-01
c0042,35.829838,7.376396,128.788476603294,2021-11-02
c0042,35.829838,7.376396,128.50499759763875,2021-11-03
c0042,35.829838,7.376396,128.11666309312983,2021-11-04
c0042,35.829838,7.376396,126.12608547938916,2021-11-05
c0042,35.829838,7.376396,128.06486575230946,2021-11-06
c0042,35.829838,7.376396,124.71820743467474,2021-11-07
c0042,35.829838,7.376396,128.853583925145,2021-11-08
c0042,35.829838,7.376396,140.0487088058419,2021-11-09
c0042,35.829838,7.376396,136.4266954461367,2021-11-10
c0042,35.829838,7.376396,140.14634277271142,2021-11-11
c0042,35.829838,7.376396,137.60938995597374,2021-11-12
c0042,35.829838,7.376396,130.8435841187074,2021-11-13
c0042,35.829838,7.376396,131.48829386914394,2021-11-14
c0042,35.829838,7.376396,127.66262463752436,2021-11-15
c0042,35.829838,7.376396,130.13053842174972,2021-11-16
c0042,35.829838,7.376396,131.52357724781425,2021-11-17
c0042,35.829838,7.376396,134.20056744474263,2021-11-18
c0042,35.829838,7.376396,128.41114872286474,2021-11-19
c0042,35.829838,7.376396,127.40498832748108,2021-11-20
c0042,35.829838,7.376396,136.79815946067114,2021-11-21
c0042,35.829838,7.376396,136.56948008254236,2021-11-22
c0042,35.829838,7.376396,135.62509179784394,2021-11-23
c0042,35.829838,7.376396,132.9918055540951,2021-11-24
c0042,35.829838,7.376396,137.41327242204483,2021-11-25
c0042,35.829838,7.376396,133.8189832618386,2021-11-26
c0042,35.829838,7.376396,151.82786846251554,2021-11-27
c0042,35.829838,7.376396,142.49423932071545,2021-11-28
c0042,35.829838,7.376396,149.6028365467273,2021-11-29
c0042,35.829838,7.376396,141.25249305488305,2021-11-30
c0042,35.829838,7.376396,141.65946842733422,2021-12-01
c0042,35.829838,7.376396,143.46712557986493,2021-12-02
c0042,35.829838,7.376396,155.02742340561895,2021-12-03
c0042,35.829838,7.376396,139.75036092165354,2021-12-04
c0042,35.829838,7.376396,141.49966859029664,2021-12-05
c0042,35.829838,7.376396,166.23199617311002,2021-12-06
c0042,35.829838,7.376396,135.75824846284203,2021-12-07
c0042,35.829838,7.376396,136.65238609116696,2021-12-08
c0042,35.829838,7.376396,158.06090248149025,2021-12-09
c0042,35.829838,7.376396,143.4824405406709,2021-12-10
c0042,35.829838,7.376396,,2021-12-11
c0042,35.829838,7.376396,138.37039283876612,2021-12-12
c0042,35.829838,7.376396,122.8328828230769,2021-12-13
c0042,35.829838,7.376396,120.39916823383469,2021-12-14
c0042,35.829838,7.376396,123.14753486909922,2021-12-15
c0042,35.829838,7.376396,133.2939121688276,2021-12-16
c0042,35.829838,7.376396,140.45738783314917,2021-12-17
c0042,35.829838,7.376396,140.66416052107314,2021-12-18
c0042,35.829838,7.376396,141.69161847197418,2021-12-19
c0042,35.829838,7.376396,144.29924283622438,2021-12-20
c0042,35.829838,7.376396,146.1714925711701,2021-12-21
c0042,35.829838,7.376396,147.26323252355243,2021-12-22
c0042,35.829838,7.376396,146.5368905947317,2021-12-23
c0042,35.829838,7.376396,121.0957508272376,2021-12-24
c0042,35.829838,7.376396,158.39854572305327,2021-12-25
c0042,35.829838,7.376396,138.0931232015064,2021-12-26
c0042,35.829838,7.376396,118.5635259066243,2021-12-27
c0042,35.829838,7.376396,128.2692343380228,2021-12-28
c0042,35.829838,7.376396,127.71494440067744,2021-12-29
c0042,35.829838,7.376396,127.41317403361964,2021-12-30
c0042,35.829838,7.376396,124.98199392064696,2021-12-31
c0042,35.829838,7.376396,122.29204462627462,2022-01-01
c0042,35.829838,7.376396,118.57184765593335,2022-01-02
c0042,35.829838,7.376396,118.90945552225004,2022-01-03
c0042,35.829838,7.376396,121.56614533267803,2022-01-04
c0042,35.829838,7.376396,137.8425303759826,2022-01-05
c0042,35.829838,7.376396,157.82937662664037,2022-01-06
c0042,35.829838,7.376396,145.49010245258611,2022-01-07
c0042,35.829838,7.376396,162.34459355979774,2022-01-08
c0042,35.829838,7.376396,162.33829287322945,2022-01-09
c0042,35.829838,7.376396,148.3269527944081,2022-01-10
c0042,35.829838,7.376396,151.8640099100188,2022-01-11
c0042,35.829838,7.376396,153.20771742208163,2022-01-12
c0042,35.829838,7.376396,152.8335956640896,2022-01-13
c0042,35.829838,7.376396,160.09301272861245,2022-01-14
c0042,35.829838,7.376396,155.96294610836424,2022-01-15
c0042,35.829838,7.376396,153.03983185461644,2022-01-16
c0042,35.829838,7.376396,144.9929896160529,2022-01-17
c0042,35.829838,7.376396,146.57379856880658,2022-01-18
c0042,35.829838,7.376396,146.07493468853752,2022-01-19
c0042,35.829838,7.376396,149.5432926060644,2022-01-20
c0042,35.829838,7.376396,147.47880646885028,2022-01-21
c0042,35.829838,7.376396,144.0510218336798,2022-01-22
c0042,35.829838,7.376396,143.66461729810626,2022-01-23
c0042,35.829838,7.376396,156.24675508068952,2022-01-24
c0042,35.829838,7.376396,147.19375921222397,2022-01-25
c0042,35.829838,7.376396,145.25492904628868,2022-01-26
c0042,35.829838,7.376396,147.60289726828782,2022-01-27
c0042,35.829838,7.376396,149.06173705826413,2022-01-28
c0042,35.829838,7.376396,150.94598185481578,2022-01-29
c0042,35.829838,7.376396,150.78789037167618,2022-01-30
c0042,35.829838,7.376396,149.35183492069987,2022-01-31
c0042,35.829838,7.376396,159.42823381245992,2022-02-01
c0042,35.829838,7.376396,136.04992770899054,2022-02-02
c0042,35.829838,7.376396,144.66086805702722,2022-02-03
c0042,35.829838,7.376396,137.95721396524482,2022-02-04
c0042,35.829838,7.376396,139.39168436743392,2022-02-05
c0042,35.829838,7.376396,141.03808962649194,2022-02-06
c0042,35.829838,7.376396,142.13375167965165,2022-02-07
c0042,35.829838,7.376396,144.12616099069422,2022-02-08
c0042,35.829838,7.376396,143.01169556444052,2022-02-09
c0042,35.829838,7.376396,140.3351929551556,2022-02-10
c0042,35.829838,7.376396,147.94440561961397,2022-02-11
c0042,35.829838,7.376396,158.6138256809725,2022-02-12
c0042,35.829838,7.376396,154.98669547296385,2022-02-13
c0042,35.829838,7.376396,145.3989798173651,2022-02-14
c0042,35.829838,7.376396,149.61745616094126,2022-02-15
c0042,35.829838,7.376396,156.9920125185743,2022-02-16
c0042,35.829838,7.376396,145.06965295417993,2022-02-17
c0042,35.829838,7.376396,137.14146932323686,2022-02-18
c0042,35.829838,7.376396,145.42989923099574,2022-02-19
c0042,35.829838,7.376396,147.06115567121924,2022-02-20
c0042,35.829838,7.376396,,2022-02-22
c0042,35.829838,7.376396,140.69853514701242,2022-02-23
c0042,35.829838,7.376396,137.33856261811596,2022-02-24
c0042,35.829838,7.376396,136.3302516670432,2022-02-25
c0042,35.829838,7.376396,141.45611619544977,2022-02-26
c0042,35.829838,7.376396,146.51001732783467,2022-02-27
c0042,35.829838,7.376396,144.7932144224278,2022-02-28
c0042,35.829838,7.376396,155.12315610202015,2022-03-01
c0042,35.829838,7.376396,146.80573924732192,2022-03-02
c0042,35.829838,7.376396,155.0362551543336,2022-03-03
c0042,35.829838,7.376396,154.64563627545078,2022-03-04
c0042,35.829838,7.376396,160.99049007270364,2022-03-05
c0042,35.829838,7.376396,154.97281984091148,2022-03-06
c0042,35.829838,7.376396,157.91966991240238,2022-03-07
c0042,35.829838,7.376396,145.5203706540801,2022-03-08
c0042,35.829838,7.376396,159.98535706194374,2022-03-09
c0042,35.829838,7.376396,155.61070670879448,2022-03-10
c0042,35.829838,7.376396,151.2193127682726,2022-03-11
c0042,35.829838,7.376396,168.9141221405257,2022-03-12
c0042,35.829838,7.376396,146.3416612777154,2022-03-13
c0042,35.829838,7.376396,130.39375103348772,2022-03-14
c0042,35.829838,7.376396,147.34591654499175,2022-03-15
c0042,35.829838,7.376396,168.5170545543304,2022-03-16
c0042,35.829838,7.376396,160.21119397945256,2022-03-17
c0042,35.829838,7.376396,165.7221256409058,2022-03-18
c0042,35.829838,7.376396,177.11722428922255,2022-03-19
c0042,35.829838,7.376396,158.34306856323153,2022-03-20
c0042,35.829838,7.376396,148.09892653377847,2022-03-21
c0042,35.829838,7.376396,147.02421338193557,2022-03-22
c0042,35.829838,7.376396,145.96578619105907,2022-03-23
c0042,35.829838,7.376396,150.3463319349215,2022-03-24
c0042,35.829838,7.376396,157.0608619983174,2022-03-25
c0042,35.829838,7.376396,142.71705192417735,2022-03-26
c0042,35.829838,7.376396,144.545055553724,2022-03-27
c0042,35.829838,7.376396,132.7212483565187,2022-03-28
c0042,35.829838,7.376396,150.2419100945353,2022-03-29
c0042,35.829838,7.376396,144.51549191716458,2022-03-30
c0042,35.829838,7.376396,166.8607299367401,2022-03-31
c0042,35.829838,7.376396,176.0452381402645,2022-04-01
c0042,35.829838,7.376396,164.6603242812786,2022-04-02
c0042,35.829838,7.376396,151.56403128559964,2022-04-03
c0042,35.829838,7.376396,142.19841737571468,2022-04-04
c0042,35.829838,7.376396,136.62635883054588,2022-04-05
c0042,35.829838,7.376396,138.3810246481246,2022-04-06
c0042,35.829838,7.376396,150.39266776948284,2022-04-07
c0042,35.829838,7.376396,153.32678972428653,2022-04-08
c0042,35.829838,7.376396,149.9035541372514,2022-04-09
c0042,35.829838,7.376396,142.40877020644896,2022-04-10
c0042,35.829838,7.376396,141.19232993247354,2022-04-11
c0042,35.829838,7.376396,149.53901689034802,2022-04-12
c0042,35.829838,7.376396,149.6849131907728,2022-04-13
c0042,35.829838,7.376396,155.2943303829975,2022-04-14
c0042,35.829838,7.376396,162.2760791174569,2022-04-15
c0042,35.829838,7.376396,151.58075515247236,2022-04-16
c0042,35.829838,7.376396,150.27040061837465,2022-04-17
c0042,35.829838,7.376396,142.66098957489487,2022-04-18
c0042,35.829838,7.376396,146.49568577950708,2022-04-19
c0042,35.829838,7.376396,154.27281444712358,2022-04-20
c0042,35.829838,7.376396,175.7140902441044,2022-04-21
c0042,35.829838,7.376396,153.15080819632348,2022-04-22
c0042,35.829838,7.376396,146.6632944446817,2022-04-23
c0042,35.829838,7.376396,146.28975398601548,2022-04-24
c0042,35.829838,7.376396,149.12790731444792,2022-04-25
c0042,35.829838,7.376396,146.60172164888854,2022-04-26
c0042,35.829838,7.376396,156.59643656778942,2022-04-27
c0042,35.829838,7.376396,162.1885337921465,2022-04-28
c0042,35.829838,7.376396,163.77383846943752,2022-04-29
c0042,35.829838,7.376396,163.44528787852363,2022-04-30
c0042,35.829838,7.376396,158.93381250559568,2022-05-01
c0042,35.829838,7.376396,149.49236731194011,2022-05-02
c0042,35.829838,7.376396,153.2069821935006,2022-05-03
c0042,35.829838,7.376396,144.78698385179212,2022-05-04
c0042,35.829838,7.376396,151.58225158147548,2022-05-05
c0042,35.829838,7.376396,154.02178193291246,2022-05-06
c0042,35.829838,7.376396,163.29540300140107,2022-05-07
c0042,35.829838,7.376396,164.10713852546968,2022-05-08
c0042,35.829838,7.376396,164.1914397422487,2022-05-09
c0042,35.829838,7.376396,168.43681712569173,2022-05-10
c0042,35.829838,7.376396,163.4854809251238,2022-05-11
c0042,35.829838,7.376396,151.90797731222148,2022-05-12
c0042,35.829838,7.376396,148.70382288157566,2022-05-13
c0042,35.829838,7.376396,148.88426028397063,2022-05-14
c0042,35.829838,7.376396,143.65210521212958,2022-05-15
c0042,35.829838,7.376396,146.43615564615703,2022-05-16
c0042,35.829838,7.376396,146.26167266937892,2022-05-17
c0042,35.829838,7.376396,146.4124478445089,2022-05-18
c0042,35.829838,7.376396,144.713985773326,2022-05-19
c0042,35.829838,7.376396,148.38148518200452,2022-05-20
c0042,35.829838,7.376396,152.18824719885424,2022-05-21
c0042,35.829838,7.376396,146.98820171849326,2022-05-22
c0042,35.829838,7.376396,145.29822988571306,2022-05-23
c0042,35.829838,7.376396,141.33706578459513,2022-05-24
c0042,35.829838,7.376396,145.21448727928154,2022-05-25
c0042,35.829838,7.376396,153.42103245044314,2022-05-26
c0042,35.829838,7.376396,151.97716335898718,2022-05-27
c0042,35.829838,7.376396,146.52993352184194,2022-05-28
c0042,35.829838,7.376396,148.3884624521365,2022-05-29
c0042,35.829838,7.376396,146.45981409860593,2022-05-30
c0042,35.829838,7.376396,138.25013032180328,2022-05-31
c0042,35.829838,7.376396,133.45365218400707,2022-06-01
c0042,35.829838,7.376396,134.43694024656935,2022-06-02
c0042,35.829838,7.376396,129.9840076227904,2022-06-03
c0042,35.829838,7.376396,126.48332194128449,2022-06-04
c0042,35.829838,7.376396,126.6805157449979,2022-06-05
c0042,35.829838,7.376396,129.29645397900293,2022-06-06
c0042,35.829838,7.376396,133.9319523567526,2022-06-07
c0042,35.829838,7.376396,134.52934302781668,2022-06-08
c0042,35.829838,7.376396,135.06515719698604,2022-06-09
c0042,35.829838,7.376396,137.13664345643426,2022-06-10
c0042,35.829838,7.376396,137.13630356457176,2022-06-11
c0042,35.829838,7.376396,139.58000394813237,2022-06-12
c0042,35.829838,7.376396,139.0260846040069,2022-06-13
c0042,35.829838,7.376396,138.7418718590395,2022-06-14
c0042,35.829838,7.376396,133.9913701644219,2022-06-15
c0042,35.829838,7.376396,135.29387921862354,2022-06-16
c0042,35.829838,7.376396,135.5423864435537,2022-06-17
c0042,35.829838,7.376396,135.54768875106694,2022-06-18
c0042,35.829838,7.376396,133.0400748734834,2022-06-19
c0042,35.829838,7.376396,133.81279500017993,2022-06-20
c0042,35.829838,7.376396,131.061205603702,2022-06-21
c0042,35.829838,7.376396,129.76032599309207,2022-06-22
c0042,35.829838,7.376396,128.81439271008733,2022-06-23
c0042,35.829838,7.376396,129.77872237729486,2022-06-24
c0042,35.829838,7.376396,132.690571967169,2022-06-25
c0042,35.829838,7.376396,132.80834486302348,2022-06-26
c0042,35.829838,7.376396,132.85038030921007,2022-06-27
c0042,35.829838,7.376396,133.9855376090314,2022-06-28
c0042,35.829838,7.376396,134.15047404653112,2022-06-29
c0042,35.829838,7.376396,131.79969761182738,2022-06-30
c0042,35.829838,7.376396,131.71970354634905,2022-07-01
c0042,35.829838,7.376396,134.51286861774483,2022-07-02
c0042,35.829838,7.376396,134.4259081960226,2022-07-03
c0042,35.829838,7.376396,134.08348773854152,2022-07-04
c0042,35.829838,7.376396,134.27882740887017,2022-07-05
c0042,35.829838,7.376396,132.79618715795493,2022-07-06
c0042,35.829838,7.376396,135.97108470107574,2022-07-07
c0042,35.829838,7.376396,141.5188823407448,2022-07-08
c0042,35.829838,7.376396,137.9213767779795,2022-07-09
c0042,35.829838,7.376396,138.56624264164938,2022-07-10
c0042,35.829838,7.376396,135.94335546996106,2022-07-11
c0042,35.829838,7.376396,137.13165917220155,2022-07-12
c0042,35.829838,7.376396,138.99350682041924,2022-07-13
c0042,35.829838,7.376396,136.60626994840752,2022-07-14
c0042,35.829838,7.376396,137.3926944942439,2022-07-15
c0042,35.829838,7.376396,134.67640727819753,2022-07-16
c0042,35.829838,7.376396,133.69864302298396,2022-07-17
c0042,35.829838,7.376396,132.34578433693764,2022-07-18
c0042,35.829838,7.376396,133.6800824036237,2022-07-19
c0042,35.829838,7.376396,134.92663123956095,2022-07-20
c0042,35.829838,7.376396,138.9961280279644,2022-07-21
c0042,35.829838,7.376396,138.94335177996095,2022-07-22
c0042,35.829838,7.376396,134.4539902225471,2022-07-23
c0042,35.829838,7.376396,133.5701276838268,2022-07-24
c0042,35.829838,7.376396,131.79576021312792,2022-07-25
c0042,35.829838,7.376396,129.8990591727361,2022-07-26
c0042,35.829838,7.376396,130.9475094962769,2022-07-27
c0042,35.829838,7.376396,129.7188576104176,2022-07-28
c0042,35.829838,7.376396,129.39078624377902,2022-07-29
c0042,35.829838,7.376396,129.45036201840324,2022-07-30
c0042,35.829838,7.376396,128.7852887712325,2022-07-31
c0042,35.829838,7.376396,130.2312472184028,2022-08-01
c0042,35.829838,7.376396,133.12985123283727,2022-08-02
c0042,35.829838,7.376396,140.1798371469204,2022-08-03
c0042,35.829838,7.376396,138.60180354662063,2022-08-04
c0042,35.829838,7.376396,133.62213898559688,2022-08-05
c0042,35.829838,7.376396,133.95112805401791,2022-08-06
c0042,35.829838,7.376396,134.3061068357495,2022-08-07
c0042,35.829838,7.376396,134.2060648604494,2022-08-08
c0042,35.829838,7.376396,134.8613881411716,2022-08-09
c0042,35.829838,7.376396,131.97883791545314,2022-08-10
c0042,35.829838,7.376396,133.3743641061991,2022-08-11
c0042,35.829838,7.376396,133.14450419014344,2022-08-12
c0042,35.829838,7.376396,132.57849936388465,2022-08-13
c0042,35.829838,7.376396,132.1961606520414,2022-08-14
c0042,35.829838,7.376396,133.631951777303,2022-08-15
c0042,35.829838,7.376396,132.35988251839137,2022-08-16
c0042,35.829838,7.376396,130.54059227991826,2022-08-17
c0042,35.829838,7.376396,129.22895314018746,2022-08-18
c0042,35.829838,7.376396,137.9013951201975,2022-08-19
c0042,35.829838,7.376396,133.17281964830224,2022-08-20
c0042,35.829838,7.376396,131.09679338056253,2022-08-21
c0042,35.829838,7.376396,132.82874620382606,2022-08-22
c0042,35.829838,7.376396,132.01983222066593,2022-08-23
c0042,35.829838,7.376396,133.64173214408785,2022-08-24
c0042,35.829838,7.376396,133.68288784703688,2022-08-25
c0042,35.829838,7.376396,136.02927114466038,2022-08-26
c0042,35.829838,7.376396,133.6121141863387,2022-08-27
c0042,35.829838,7.376396,130.63998095476222,2022-08-28
c0042,35.829838,7.376396,127.21996647128192,2022-08-29
c0042,35.829838,7.376396,128.11600647077705,2022-08-31
c0042,35.829838,7.376396,130.86957694235,2022-09-01
c0042,35.829838,7.376396,130.27184498475907,2022-09-02
c0042,35.829838,7.376396,130.2503529997175,2022-09-03
c0042,35.829838,7.376396,128.95550638039052,2022-09-04
c0042,35.829838,7.376396,128.66192879183183,2022-09-05
c0042,35.829838,7.376396,125.93054814345096,2022-09-06
c0042,35.829838,7.376396,125.23650493830104,2022-09-07
c0042,35.829838,7.376396,129.51821611035876,2022-09-08
c0042,35.829838,7.376396,130.64925903939502,2022-09-09
c0042,35.829838,7.376396,131.130425671675,2022-09-10
c0042,35.829838,7.376396,130.13892338484908,2022-09-11
c0042,35.829838,7.376396,126.0707734522176,2022-09-12
c0042,35.829838,7.376396,126.54871270237568,2022-09-13
c0042,35.829838,7.376396,126.77955255105296,2022-09-14
c0042,35.829838,7.376396,128.0992196149743,2022-09-15
c0042,35.829838,7.376396,128.2074632074994,2022-09-16
c0042,35.829838,7.376396,130.42068736168957,2022-09-17
c0042,35.829838,7.376396,130.5857522724844,2022-09-18
c0042,35.829838,7.376396,128.65991224361127,2022-09-19
c0042,35.829838,7.376396,129.53767040556656,2022-09-20
c0042,35.829838,7.376396,129.72179130290223,2022-09-21
c0042,35.829838,7.376396,137.25081357917148,2022-09-22
c0042,35.829838,7.376396,138.66439275513,2022-09-23
c0042,35.829838,7.376396,,2022-09-24
c0042,35.829838,7.376396,127.05118460301794,2022-09-25
c0042,35.829838,7.376396,124.5509081521285,2022-09-26
c0042,35.829838,7.376396,132.80368077895056,2022-09-27
c0042,35.829838,7.376396,128.09522547430902,2022-09-28
c0042,35.829838,7.376396,128.5117084079071,2022-09-29
c0042,35.829838,7.376396,129.89461929642562,2022-09-30
c0042,35.829838,7.376396,129.69196014150228,2022-10-01
c0042,35.829838,7.376396,119.50196393450084,2022-10-02
c0042,35.829838,7.376396,121.5940398501701,2022-10-03
c0042,35.829838,7.376396,124.47880164261564,2022-10-04
c0042,35.829838,7.376396,129.77446843725107,2022-10-05
c0042,35.829838,7.376396,135.66217506883203,2022-10-06
c0042,35.829838,7.376396,131.7496501981484,2022-10-07
c0042,35.829838,7.376396,124.67714622158402,2022-10-08
c0042,35.829838,7.376396,121.1873580710632,2022-10-09
c0042,35.829838,7.376396,123.5554210933429,2022-10-10
c0042,35.829838,7.376396,123.29398688490863,2022-10-11
c0042,35.829838,7.376396,124.8919135002064,2022-10-12
c0042,35.829838,7.376396,125.51499909503148,2022-10-13
c0042,35.829838,7.376396,123.06415629511392,2022-10-14
c0042,35.829838,7.376396,120.12123220637524,2022-10-15
c0042,35.829838,7.376396,121.72669752649772,2022-10-16
c0042,35.829838,7.376396,122.06423782547463,2022-10-17
c0042,35.829838,7.376396,119.48909511459514,2022-10-18
c0042,35.829838,7.376396,118.40482132227125,2022-10-19
c0042,35.829838,7.376396,115.72576413477655,2022-10-20
c0042,35.829838,7.376396,114.1113126300688,2022-10-21
c0042,35.829838,7.376396,115.86587742689684,2022-10-22
c0042,35.829838,7.376396,117.06279881547697,2022-10-23
c0042,35.829838,7.376396,119.58210138462722,2022-10-24
c0042,35.829838,7.376396,118.2621035000366,2022-10-25
c0042,35.829838,7.376396,122.4310447958908,2022-10-26
c0042,35.829838,7.376396,124.57216903481992,2022-10-27
c0042,35.829838,7.376396,121.91416337890637,2022-10-28
c0042,35.829838,7.376396,121.5783202956802,2022-10-29
c0042,35.829838,7.376396,119.8690243510812,2022-10-30
c0042,35.829838,7.376396,124.38878320826836,2022-10-31
c0042,35.829838,7.376396,121.22848856519262,2022-11-01
c0042,35.829838,7.376396,124.35015086761162,2022-11-02
c0042,35.829838,7.376396,123.70643392439707,2022-11-03
c0042,35.829838,7.376396,127.77568144185724,2022-11-04
c0042,35.829838,7.376396,127.75712792012118,2022-11-05
c0042,35.829838,7.376396,120.20266300063696,2022-11-06
c0042,35.829838,7.376396,121.87323429384809,2022-11-07
c0042,35.829838,7.376396,117.74283229381444,2022-11-08
c0042,35.829838,7.376396,115.22380952981068,2022-11-09
c0042,35.829838,7.376396,121.91537230005842,2022-11-10
c0042,35.829838,7.376396,124.26467405507348,2022-11-11
c0042,35.829838,7.376396,123.12251994779058,2022-11-12
c0042,35.829838,7.376396,126.0518170570799,2022-11-13
c0042,35.829838,7.376396,123.1226944079616,2022-11-14
c0042,35.829838,7.376396,125.29314367772888,2022-11-15
c0042,35.829838,7.376396,,2022-11-16
c0042,35.829838,7.376396,116.48776147868796,2022-11-19
c0042,35.829838,7.376396,125.86584833701951,2022-11-20
c0042,35.829838,7.376396,123.0617428004404,2022-11-21
c0042,35.829838,7.376396,135.28408821517942,2022-11-22
c0042,35.829838,7.376396,124.88126788619216,2022-11-23
c0042,35.829838,7.376396,125.95485547860494,2022-11-24
c0042,35.829838,7.376396,115.4335608001464,2022-11-25
c0042,35.829838,7.376396,128.63625465347005,2022-11-26
c0042,35.829838,7.376396,120.19540574277944,2022-11-27
c0042,35.829838,7.376396,121.89885638584092,2022-11-28
c0042,35.829838,7.376396,129.09228875748195,2022-11-29
c0042,35.829838,7.376396,128.46031624313676,2022-11-30
c0042,35.829838,7.376396,136.0356841927814,2022-12-01
c0042,35.829838,7.376396,143.2452806993087,2022-12-02
c0042,35.829838,7.376396,144.54397687124018,2022-12-03
c0042,35.829838,7.376396,126.70119908289752,2022-12-04
c0042,35.829838,7.376396,124.00238395041298,2022-12-05
c0042,35.829838,7.376396,137.46169995167156,2022-12-06
c0042,35.829838,7.376396,126.1861193497153,2022-12-07
c0042,35.829838,7.376396,125.48218759875724,2022-12-08
c0042,35.829838,7.376396,125.45192571619664,2022-12-09
c0042,35.829838,7.376396,141.03019453797222,2022-12-10
c0042,35.829838,7.376396,123.28773239298472,2022-12-11
c0042,35.829838,7.376396,130.18818590429444,2022-12-12
c0042,35.829838,7.376396,120.62800410912044,2022-12-13
c0042,35.829838,7.376396,119.74105616662408,2022-12-14
c0042,35.829838,7.376396,118.29285122091886,2022-12-15
c0042,35.829838,7.376396,126.3533517609165,2022-12-16
c0042,35.829838,7.376396,110.76290034761033,2022-12-17
c0042,35.829838,7.376396,128.4017810014218,2022-12-18
c0042,35.829838,7.376396,115.86161295249542,2022-12-19
c0042,35.829838,7.376396,119.94227757613282,2022-12-20
c0042,35.829838,7.376396,124.04074384407164,2022-12-21
c0042,35.829838,7.376396,132.4794791829897,2022-12-22
c0042,35.829838,7.376396,128.11514405541115,2022-12-23
c0042,35.829838,7.376396,126.3952985863415,2022-12-24
c0042,35.829838,7.376396,122.79064168788096,2022-12-25
c0042,35.829838,7.376396,121.5600493634768,2022-12-26
c0042,35.829838,7.376396,128.15038683874562,2022-12-27
c0042,35.829838,7.376396,129.47595236126347,2022-12-28
c0042,35.829838,7.376396,157.3583119919668,2022-12-29
c0042,35.829838,7.376396,142.36836272808836,2022-12-30
c0042,35.829838,7.376396,130.3879454944798,2022-12-31
c0042,35.829838,7.376396,131.46031024802048,2023-01-01
c0042,35.829838,7.376396,128.15276708832812,2023-01-02
c0042,35.829838,7.376396,126.57359615436144,2023-01-03
c0042,35.829838,7.376396,123.81228932290932,2023-01-04
c0042,35.829838,7.376396,138.39484314110453,2023-01-05
c0042,35.829838,7.376396,138.73458265413248,2023-01-06
c0042,35.829838,7.376396,129.80431111716777,2023-01-07
c0042,35.829838,7.376396,132.78967732239414,2023-01-08
c0042,35.829838,7.376396,135.81854469428583,2023-01-09
c0042,35.829838,7.376396,137.74686875853217,2023-01-10
c0042,35.829838,7.376396,126.11918347482516,2023-01-11
c0042,35.829838,7.376396,130.7500154484477,2023-01-12
c0042,35.829838,7.376396,140.3406253544044,2023-01-13
c0042,35.829838,7.376396,143.7129777286241,2023-01-14
c0042,35.829838,7.376396,137.74170847566475,2023-01-15
c0042,35.829838,7.376396,144.65728064406835,2023-01-16
c0042,35.829838,7.376396,151.59827197027093,2023-01-18
c0042,35.829838,7.376396,158.3338550851395,2023-01-19
c0042,35.829838,7.376396,157.82596541089802,2023-01-20
c0042,35.829838,7.376396,158.89129449874548,2023-01-21
c0042,35.829838,7.376396,159.23317469365338,2023-01-22
c0042,35.829838,7.376396,154.27404679810067,2023-01-23
c0042,35.829838,7.376396,169.2940895773349,2023-01-24
c0042,35.829838,7.376396,162.35430152895174,2023-01-25
c0042,35.829838,7.376396,165.08123671239633,2023-01-26
c0042,35.829838,7.376396,180.2585560128195,2023-01-27
c0042,35.829838,7.376396,199.40987143417,2023-01-28
c0042,35.829838,7.376396,160.77362379196538,2023-01-29
c0042,35.829838,7.376396,178.37554380391924,2023-01-30
c0042,35.829838,7.376396,145.8550495982877,2023-01-31
c0042,35.829838,7.376396,156.33239199411796,2023-02-01
c0042,35.829838,7.376396,138.28766021132256,2023-02-02
c0042,35.829838,7.376396,161.10486501623777,2023-02-03
c0042,35.829838,7.376396,145.70710333725515,2023-02-04
c0042,35.829838,7.376396,140.9370523877753,2023-02-05
c0042,35.829838,7.376396,147.66424412969627,2023-02-06
c0042,35.829838,7.376396,134.42856748924473,2023-02-07
c0042,35.829838,7.376396,140.73705163052458,2023-02-08
c0042,35.829838,7.376396,139.11465160746948,2023-02-09
c0042,35.829838,7.376396,138.49029812225646,2023-02-10
c0042,35.829838,7.376396,148.69905106231602,2023-02-11
c0042,35.829838,7.376396,136.05884094235472,2023-02-12
c0042,35.829838,7.376396,138.19022477985365,2023-02-13
c0042,35.829838,7.376396,134.1037219953286,2023-02-14
c0042,35.829838,7.376396,127.2635306716124,2023-02-15
c0042,35.829838,7.376396,136.98685675266472,2023-02-16
c0042,35.829838,7.376396,145.8899507160665,2023-02-17
c0042,35.829838,7.376396,135.55945112468967,2023-02-18
c0042,35.829838,7.376396,121.6484995164879,2023-02-19
c0042,35.829838,7.376396,112.30540173642056,2023-02-20
c0042,35.829838,7.376396,121.08124629924151,2023-02-21
c0042,35.829838,7.376396,135.7208107512372,2023-02-22
c0042,35.829838,7.376396,132.5952947709277,2023-02-23
c0042,35.829838,7.376396,132.45620234721312,2023-02-24
c0042,35.829838,7.376396,143.69646135553504,2023-02-25
c0042,35.829838,7.376396,155.618328034556,2023-02-26
c0042,35.829838,7.376396,157.86664540624798,2023-02-27
c0042,35.829838,7.376396,159.58452591952994,2023-02-28
c0042,35.829838,7.376396,156.5025259161815,2023-03-01
c0042,35.829838,7.376396,154.1442724888851,2023-03-02
c0042,35.829838,7.376396,164.45098001956487,2023-03-03
c0042,35.829838,7.376396,164.48008261194246,2023-03-04
c0042,35.829838,7.376396,147.6914260655042,2023-03-05
c0042,35.829838,7.376396,145.5021006779557,2023-03-06
c0042,35.829838,7.376396,145.11403904536706,2023-03-07
c0042,35.829838,7.376396,136.23858331128392,2023-03-08
c0042,35.829838,7.376396,129.59611027812338,2023-03-09
c0042,35.829838,7.376396,134.2092479043269,2023-03-10
c0042,35.829838,7.376396,134.70196858892314,2023-03-11
c0042,35.829838,7.376396,133.79303339683054,2023-03-12
c0042,35.829838,7.376396,128.88144760302842,2023-03-13
c0042,35.829838,7.376396,141.53517507216287,2023-03-14
c0042,35.829838,7.376396,145.20140208751863,2023-03-15
c0042,35.829838,7.376396,140.25481776762922,2023-03-16
c0042,35.829838,7.376396,134.63781283899257,2023-03-17
c0042,35.829838,7.376396,132.8304840729753,2023-03-18
c0042,35.829838,7.376396,138.9396234484016,2023-03-19
c0042,35.829838,7.376396,150.38510800553794,2023-03-20
c0042,35.829838,7.376396,131.3694192330046,2023-03-21
c0042,35.829838,7.376396,143.91612510696592,2023-03-22
c0042,35.829838,7.376396,130.0007003968265,2023-03-23
c0042,35.829838,7.376396,124.52460771776887,2023-03-24
c0042,35.829838,7.376396,123.64944712509148,2023-03-25
c0042,35.829838,7.376396,121.56462200153432,2023-03-26
c0042,35.829838,7.376396,130.18386272520337,2023-03-27
c0042,35.829838,7.376396,138.24727421937448,2023-03-28
c0042,35.829838,7.376396,137.2993133401561,2023-03-29
c0042,35.829838,7.376396,129.15196045331749,2023-03-30
c0042,35.829838,7.376396,131.14572493669922,2023-03-31
c0042,35.829838,7.376396,142.0417050848151,2023-04-01
c0042,35.829838,7.376396,172.1280128249715,2023-04-02
c0042,35.829838,7.376396,160.634780218204,2023-04-03
c0042,35.829838,7.376396,144.40084170486,2023-04-04
c0042,35.829838,7.376396,149.61237583574805,2023-04-05
c0042,35.829838,7.376396,149.94771095857772,2023-04-06
c0042,35.829838,7.376396,161.16057694534862,2023-04-07
c0042,35.829838,7.376396,154.80130433575982,2023-04-08
c0042,35.829838,7.376396,148.1818076903233,2023-04-09
c0042,35.829838,7.376396,155.1495409240845,2023-04-10
c0042,35.829838,7.376396,142.74639304966374,2023-04-11
c0042,35.829838,7.376396,134.62198813828715,2023-04-12
c0042,35.829838,7.376396,141.72147940039866,2023-04-13
c0042,35.829838,7.376396,159.241388259545,2023-04-14
c0042,35.829838,7.376396,160.51495907356127,2023-04-15
c0042,35.829838,7.376396,157.9568750263389,2023-04-16
c0042,35.829838,7.376396,149.75457651813574,2023-04-17
c0042,35.829838,7.376396,139.3195765025998,2023-04-18
c0042,35.829838,7.376396,132.94980257814493,2023-04-19
c0042,35.829838,7.376396,144.0663581960636,2023-04-20
c0042,35.829838,7.376396,153.3527471980022,2023-04-21
c0042,35.829838,7.376396,160.5045554911252,2023-04-22
c0042,35.829838,7.376396,149.70858470320286,2023-04-23
c0042,35.829838,7.376396,146.60406266320547,2023-04-24
c0042,35.829838,7.376396,149.23255876170765,2023-04-25
c0042,35.829838,7.376396,144.2758872509731,2023-04-26
c0042,35.829838,7.376396,143.87296976685766,2023-04-27
c0042,35.829838,7.376396,141.589752279837,2023-04-28
c0042,35.829838,7.376396,133.9907936601269,2023-04-29
c0042,35.829838,7.376396,145.57160305167687,2023-04-30
c0042,35.829838,7.376396,151.57427619145702,2023-05-01
c0042,35.829838,7.376396,153.15822198083092,2023-05-02
c0042,35.829838,7.376396,151.78457054279335,2023-05-03
c0042,35.829838,7.376396,147.91608868681487,2023-05-04
c0042,35.829838,7.376396,146.340690691535,2023-05-05
c0042,35.829838,7.376396,141.34402523458837,2023-05-06
c0042,35.829838,7.376396,141.61452467844146,2023-05-07
c0042,35.829838,7.376396,164.5498128348898,2023-05-08
c0042,35.829838,7.376396,154.3226581730763,2023-05-09
c0042,35.829838,7.376396,143.08414698078707,2023-05-10
c0042,35.829838,7.376396,151.63297475460504,2023-05-11
c0042,35.829838,7.376396,152.61976594306975,2023-05-12
c0042,35.829838,7.376396,147.53742736926014,2023-05-13
c0042,35.829838,7.376396,144.7952377812079,2023-05-14
c0042,35.829838,7.376396,170.3376906456264,2023-05-15
c0042,35.829838,7.376396,148.96637276776087,2023-05-16
c0042,35.829838,7.376396,146.02540922158218,2023-05-17
c0042,35.829838,7.376396,154.3575820761436,2023-05-18
c0042,35.829838,7.376396,154.90728439557884,2023-05-19
c0042,35.829838,7.376396,153.41058780427375,2023-05-20
c0042,35.829838,7.376396,153.7217580845432,2023-05-21
c0042,35.829838,7.376396,145.18376178676374,2023-05-22
c0042,35.829838,7.376396,150.60901697471877,2023-05-23
c0042,35.829838,7.376396,154.74053754229087,2023-05-24
c0042,35.829838,7.376396,152.96960798244544,2023-05-25
c0042,35.829838,7.376396,153.20174268138402,2023-05-26
c0042,35.829838,7.376396,141.30744826264166,2023-05-27
c0042,35.829838,7.376396,141.8629247929695,2023-05-28
c0042,35.829838,7.376396,149.73122394806555,2023-05-29
c0042,35.829838,7.376396,152.05426647615874,2023-05-30
c0042,35.829838,7.376396,149.97666627523265,2023-05-31
c0042,35.829838,7.376396,156.56740836622566,2023-06-01
c0042,35.829838,7.376396,152.70406156764645,2023-06-02
c0042,35.829838,7.376396,150.2683356134678,2023-06-03
c0042,35.829838,7.376396,147.93255289135078,2023-06-04
c0042,35.829838,7.376396,146.43173148479522,2023-06-05
c0042,35.829838,7.376396,147.89955154529935,2023-06-06
c0042,35.829838,7.376396,134.1465112734447,2023-06-07
c0042,35.829838,7.376396,135.4132809116215,2023-06-08
c0042,35.829838,7.376396,141.43621967655133,2023-06-09
c0042,35.829838,7.376396,139.83610757011445,2023-06-10
c0042,35.829838,7.376396,134.21882747673354,2023-06-11
c0042,35.829838,7.376396,134.67588055699463,2023-06-12
c0042,35.829838,7.376396,145.17262737734072,2023-06-13
c0042,35.829838,7.376396,158.90293028698804,2023-06-14
c0042,35.829838,7.376396,146.55992455158778,2023-06-15
c0042,35.829838,7.376396,141.2743658172372,2023-06-16
c0042,35.829838,7.376396,140.6610080384861,2023-06-17
c0042,35.829838,7.376396,134.96198003067096,2023-06-18
c0042,35.829838,7.376396,138.41836824442302,2023-06-19
c0042,35.829838,7.376396,137.82923725310863,2023-06-20
c0042,35.829838,7.376396,135.16359971758945,2023-06-21
c0042,35.829838,7.376396,134.40506397683447,2023-06-22
c0042,35.829838,7.376396,137.28563980800516,2023-06-23
c0042,35.829838,7.376396,140.2295967381499,2023-06-24
c0042,35.829838,7.376396,143.2930357940753,2023-06-25
c0042,35.829838,7.376396,137.23959830873494,2023-06-26
c0042,35.829838,7.376396,136.70777065053352,2023-06-27
c0042,35.829838,7.376396,137.90598727784194,2023-06-28
c0042,35.829838,7.376396,143.48791455733587,2023-06-29
c0042,35.829838,7.376396,137.2818313747483,2023-06-30
c0042,35.829838,7.376396,136.64620883547207,2023-07-01
c0042,35.829838,7.376396,141.88665992621466,2023-07-02
c0042,35.829838,7.376396,139.7660753824999,2023-07-03
c0042,35.829838,7.376396,131.85845078029456,2023-07-04
c0042,35.829838,7.376396,130.68125236013492,2023-07-05
c0042,35.829838,7.376396,128.7031402507969,2023-07-06
c0042,35.829838,7.376396,127.52553930273336,2023-07-07
c0042,35.829838,7.376396,129.95886476676614,2023-07-08
c0042,35.829838,7.376396,129.91651557588636,2023-07-09
c0042,35.829838,7.376396,129.521644612462,2023-07-10
c0042,35.829838,7.376396,129.75125524271868,2023-07-11
c0042,35.829838,7.376396,128.97117147125206,2023-07-12
c0042,35.829838,7.376396,129.5479044966253,2023-07-13
c0042,35.829838,7.376396,132.93524161799462,2023-07-14
c0042,35.829838,7.376396,131.11043620916038,2023-07-15
c0042,35.829838,7.376396,129.2178466506909,2023-07-16
c0042,35.829838,7.376396,128.36176150844804,2023-07-17
c0042,35.829838,7.376396,127.2816199059752,2023-07-18
c0042,35.829838,7.376396,,2023-07-19
c0042,35.829838,7.376396,127.70383236565613,2023-07-20
c0042,35.829838,7.376396,130.09641992114837,2023-07-21
c0042,35.829838,7.376396,133.19025844781072,2023-07-22
c0042,35.829838,7.376396,131.74987592402226,2023-07-23
c0042,35.829838,7.376396,129.23888892566973,2023-07-24
c0042,35.829838,7.376396,130.85355209094945,2023-07-25
c0042,35.829838,7.376396,134.17241877498034,2023-07-26
c0042,35.829838,7.376396,132.0441009746788,2023-07-27
c0042,35.829838,7.376396,128.90531435684358,2023-07-28
c0042,35.829838,7.376396,127.17683984234029,2023-07-29
c0042,35.829838,7.376396,126.40351723525336,2023-07-30
c0042,35.829838,7.376396,132.70485730979385,2023-07-31
c0042,35.829838,7.376396,137.59091570037106,2023-08-01
c0042,35.829838,7.376396,134.9821742766618,2023-08-02
c0042,35.829838,7.376396,133.37025085086577,2023-08-03
c0042,35.829838,7.376396,129.13758118742226,2023-08-04
c0042,35.829838,7.376396,134.95333621087408,2023-08-05
c0042,35.829838,7.376396,132.25657030238398,2023-08-06
c0042,35.829838,7.376396,131.91046732171503,2023-08-07
c0042,35.829838,7.376396,133.30126079008727,2023-08-10
c0042,35.829838,7.376396,133.7419025672255,2023-08-11
c0042,35.829838,7.376396,134.4456326030014,2023-08-12
c0042,35.829838,7.376396,,2023-08-13
c0042,35.829838,7.376396,133.14948175114463,2023-08-14
c0042,35.829838,7.376396,,2023-08-15
c0042,35.829838,7.376396,129.7300126805874,2023-08-16
c0042,35.829838,7.376396,130.1688602741817,2023-08-17
c0042,35.829838,7.376396,129.75100677790326,2023-08-18
c0042,35.829838,7.376396,131.15977313627573,2023-08-19
c0042,35.829838,7.376396,132.60373492416443,2023-08-20
c0042,35.829838,7.376396,133.9799700144885,2023-08-21
c0042,35.829838,7.376396,136.27525811859076,2023-08-22
c0042,35.829838,7.376396,136.01057443074205,2023-08-23
c0042,35.829838,7.376396,134.18187621532795,2023-08-24
c0042,35.829838,7.376396,132.09173587750595,2023-08-25
c0042,35.829838,7.376396,133.75903354279285,2023-08-26
c0042,35.829838,7.376396,130.47610494992625,2023-08-27
c0042,35.829838,7.376396,136.8332538396187,2023-08-28
c0042,35.829838,7.376396,135.88236285269548,2023-08-29
c0042,35.829838,7.376396,139.46547487824867,2023-08-30
c0042,35.829838,7.376396,138.0543003082251,2023-08-31
c0042,35.829838,7.376396,137.7806827835867,2023-09-01
c0042,35.829838,7.376396,136.66010434407056,2023-09-02
c0042,35.829838,7.376396,130.45640365669624,2023-09-03
c0042,35.829838,7.376396,127.7690259244619,2023-09-04
c0042,35.829838,7.376396,126.18816179362406,2023-09-05
c0042,35.829838,7.376396,130.52451669686644,2023-09-06
c0042,35.829838,7.376396,133.6247849732004,2023-09-07
c0042,35.829838,7.376396,131.72208128342584,2023-09-08
c0042,35.829838,7.376396,129.42141559611014,2023-09-09
c0042,35.829838,7.376396,131.49880574348282,2023-09-10
c0042,35.829838,7.376396,130.0038731608273,2023-09-11
c0042,35.829838,7.376396,131.7606507502397,2023-09-12
c0042,35.829838,7.376396,131.55435522470205,2023-09-13
c0042,35.829838,7.376396,129.9796874272659,2023-09-14
c0042,35.829838,7.376396,129.16541129799606,2023-09-15
c0042,35.829838,7.376396,130.25073339422843,2023-09-16
c0042,35.829838,7.376396,124.14630590303187,2023-09-17
c0042,35.829838,7.376396,123.7695898885892,2023-09-18
c0042,35.829838,7.376396,126.44522736571636,2023-09-19
c0042,35.829838,7.376396,129.42276224403656,2023-09-20
c0042,35.829838,7.376396,126.69711523393504,2023-09-21
c0042,35.829838,7.376396,124.71217288934908,2023-09-22
c0042,35.829838,7.376396,127.63225406075064,2023-09-23
c0042,35.829838,7.376396,126.6623935604798,2023-09-24
c0042,35.829838,7.376396,123.4434750607317,2023-09-25
c0042,35.829838,7.376396,122.01003660154596,2023-09-26
c0042,35.829838,7.376396,122.92084371107464,2023-09-27
c0042,35.829838,7.376396,124.83557920062609,2023-09-28
c0042,35.829838,7.376396,123.59502845014777,2023-09-29
c0042,35.829838,7.376396,123.54128551550646,2023-09-30
c0042,35.829838,7.376396,120.0422319935462,2023-10-01
c0042,35.829838,7.376396,120.15416597215474,2023-10-02
c0042,35.829838,7.376396,120.39144925356663,2023-10-03
c0042,35.829838,7.376396,124.05588798132612,2023-10-04
c0042,35.829838,7.376396,126.84216776212487,2023-10-05
c0042,35.829838,7.376396,126.8311635202079,2023-10-06
c0042,35.829838,7.376396,126.49793562299988,2023-10-07
c0042,35.829838,7.376396,127.11435770981988,2023-10-08
c0042,35.829838,7.376396,130.66806585851435,2023-10-09
c0042,35.829838,7.376396,128.83917273975223,2023-10-10
c0042,35.829838,7.376396,125.4278439607053,2023-10-11
c0042,35.829838,7.376396,125.21315944155631,2023-10-12
c0042,35.829838,7.376396,125.53573163862764,2023-10-13
c0042,35.829838,7.376396,125.4907912966022,2023-10-14
c0042,35.829838,7.376396,123.9385713023525,2023-10-15
c0042,35.829838,7.376396,123.99621724136176,2023-10-16
c0042,35.829838,7.376396,120.15020218560451,2023-10-17
c0042,35.829838,7.376396,122.09275481873998,2023-10-18
c0042,35.829838,7.376396,127.678393625469,2023-10-19
c0042,35.829838,7.376396,121.77418332161416,2023-10-20
c0042,35.829838,7.376396,123.7201739730882,2023-10-21
c0042,35.829838,7.376396,117.01340312196136,2023-10-22
c0042,35.829838,7.376396,115.86224092166324,2023-10-23
c0042,35.829838,7.376396,117.77528182350484,2023-10-24
c0042,35.829838,7.376396,127.38309732540904,2023-10-25
c0042,35.829838,7.376396,121.30250932734369,2023-10-26
c0042,35.829838,7.376396,120.96375171691314,2023-10-27
c0042,35.829838,7.376396,125.4609151114478,2023-10-28
c0042,35.829838,7.376396,124.42945460593828,2023-10-29
c0042,35.829838,7.376396,124.5599514459666,2023-10-30
c0042,35.829838,7.376396,126.22026185478214,2023-10-31
c0042,35.829838,7.376396,125.28517993312111,2023-11-01
c0042,35.829838,7.376396,122.48339919897712,2023-11-02
c0042,35.829838,7.376396,128.14305426932413,2023-11-03
c0042,35.829838,7.376396,120.25498051667532,2023-11-04
c0042,35.829838,7.376396,128.16437253611588,2023-11-05
c0042,35.829838,7.376396,128.01977276816717,2023-11-06
c0042,35.829838,7.376396,129.2562917267659,2023-11-07
c0042,35.829838,7.376396,139.8773194866875,2023-11-08
c0042,35.829838,7.376396,135.25500227055775,2023-11-09
c0042,35.829838,7.376396,134.6983130080823,2023-11-10
c0042,35.829838,7.376396,135.1329972452295,2023-11-11
c0042,35.829838,7.376396,135.4623990052022,2023-11-12
c0042,35.829838,7.376396,127.2162351659967,2023-11-13
c0042,35.829838,7.376396,118.5174698486583,2023-11-14
c0042,35.829838,7.376396,113.98231437827008,2023-11-15
c0042,35.829838,7.376396,113.77344032080208,2023-11-16
c0042,35.829838,7.376396,121.13717051915413,2023-11-17
c0042,35.829838,7.376396,121.46488179491652,2023-11-18
c0042,35.829838,7.376396,126.54652922139115,2023-11-19
c0042,35.829838,7.376396,125.50061739643148,2023-11-20
c0042,35.829838,7.376396,130.43483733489876,2023-11-21
c0042,35.829838,7.376396,155.65069577934008,2023-11-23
c0042,35.829838,7.376396,135.96784068205923,2023-11-24
c0042,35.829838,7.376396,129.8471280890602,2023-11-25
c0042,35.829838,7.376396,136.5583818248565,2023-11-26
c0042,35.829838,7.376396,134.7448625501544,2023-11-27
c0042,35.829838,7.376396,127.4096825808248,2023-11-28
c0042,35.829838,7.376396,132.65630127838924,2023-11-29
c0042,35.829838,7.376396,129.67952556501277,2023-11-30
c0042,35.829838,7.376396,124.77922190567963,2023-12-01
c0042,35.829838,7.376396,130.5821351099344,2023-12-02
c0042,35.829838,7.376396,140.82099532798344,2023-12-03
c0042,35.829838,7.376396,129.8797377082842,2023-12-04
c0042,35.829838,7.376396,136.27779604924913,2023-12-05
c0042,35.829838,7.376396,146.71601488672192,2023-12-06
c0042,35.829838,7.376396,140.04746381749385,2023-12-07
c0042,35.829838,7.376396,154.24223569610382,2023-12-08
c0042,35.829838,7.376396,151.75643162432004,2023-12-09
c0042,35.829838,7.376396,139.62287547403648,2023-12-10
c0042,35.829838,7.376396,127.96683315296886,2023-12-11
c0042,35.829838,7.376396,123.17790112336498,2023-12-12
c0042,35.829838,7.376396,115.10284474439662,2023-12-13
c0042,35.829838,7.376396,137.01886266920292,2023-12-14
c0042,35.829838,7.376396,143.9650547298584,2023-12-15
c0042,35.829838,7.376396,156.18192708967052,2023-12-16
c0042,35.829838,7.376396,153.2308641034272,2023-12-17
c0042,35.829838,7.376396,146.5302004877042,2023-12-18
c0042,35.829838,7.376396,145.8086156835178,2023-12-19
c0042,35.829838,7.376396,125.54630950661908,2023-12-20
c0042,35.829838,7.376396,142.9534810166328,2023-12-21
c0042,35.829838,7.376396,129.97185434128193,2023-12-22
c0042,35.829838,7.376396,132.01522369504767,2023-12-23
c0042,35.829838,7.376396,123.94253689271342,2023-12-24
c0042,35.829838,7.376396,129.50241579302022,2023-12-25
c0042,35.829838,7.376396,129.1933508124681,2023-12-26
c0042,35.829838,7.376396,121.83663814131026,2023-12-27
c0042,35.829838,7.376396,125.58506892807463,2023-12-28
c0042,35.829838,7.376396,141.93022368338904,2023-12-29
c0042,35.829838,7.376396,141.88304052771605,2023-12-30
c0042,35.829838,7.376396,146.89187380080546,2023-12-31
c0042,35.829838,7.376396,133.53405271960267,2024-01-01
c0042,35.829838,7.376396,141.18519172752485,2024-01-02
c0042,35.829838,7.376396,127.98667167195931,2024-01-03
c0042,35.829838,7.376396,127.83988999270336,2024-01-04
c0042,35.829838,7.376396,144.6978787687771,2024-01-05
c0042,35.829838,7.376396,170.02769603542873,2024-01-06
c0042,35.829838,7.376396,152.40458535931498,2024-01-07
c0042,35.829838,7.376396,162.48608964980517,2024-01-08
c0042,35.829838,7.376396,140.96605269547632,2024-01-09
c0042,35.829838,7.376396,145.93324892408057,2024-01-10
c0042,35.829838,7.376396,142.52326942528464,2024-01-11
c0042,35.829838,7.376396,137.22017056205323,2024-01-12
c0042,35.829838,7.376396,135.66502452751175,2024-01-13
c0042,35.829838,7.376396,137.953011967043,2024-01-14
c0042,35.829838,7.376396,138.94240926145997,2024-01-15
c0042,35.829838,7.376396,137.87403830081735,2024-01-16
c0042,35.829838,7.376396,138.05465010417058,2024-01-17
c0042,35.829838,7.376396,137.09443918737074,2024-01-18
c0042,35.829838,7.376396,135.97752654701512,2024-01-19
c0042,35.829838,7.376396,158.47126234218152,2024-01-20
c0042,35.829838,7.376396,152.1554717168392,2024-01-21
c0042,35.829838,7.376396,165.15800365390044,2024-01-22
c0042,35.829838,7.376396,146.87508896514805,2024-01-23
c0042,35.829838,7.376396,137.71111643777326,2024-01-24
c0042,35.829838,7.376396,136.06569844329522,2024-01-25
c0042,35.829838,7.376396,119.19609747043371,2024-01-26
c0042,35.829838,7.376396,119.48601382694385,2024-01-27
c0042,35.829838,7.376396,127.80283915584074,2024-01-28
c0042,35.829838,7.376396,127.91897533036033,2024-01-29
c0042,35.829838,7.376396,133.12622535841916,2024-01-30
c0042,35.829838,7.376396,133.89184787927883,2024-01-31
c0042,35.829838,7.376396,147.4131320148833,2024-02-01
c0042,35.829838,7.376396,154.86054865650544,2024-02-02
c0042,35.829838,7.376396,156.84417226639732,2024-02-03
c0042,35.829838,7.376396,148.5279719137471,2024-02-04
c0042,35.829838,7.376396,145.72589295548178,2024-02-05
c0042,35.829838,7.376396,151.9824624652997,2024-02-06
c0042,35.829838,7.376396,143.51036878326423,2024-02-07
c0042,35.829838,7.376396,136.53167812168817,2024-02-08
c0042,35.829838,7.376396,136.31617146020722,2024-02-09
c0042,35.829838,7.376396,182.23913710968472,2024-02-10
c0042,35.829838,7.376396,161.58274531682468,2024-02-11
c0042,35.829838,7.376396,144.71927279639812,2024-02-12
c0042,35.829838,7.376396,129.65947516653551,2024-02-13
c0042,35.829838,7.376396,128.78088094838927,2024-02-14
c0042,35.829838,7.376396,128.31274024274924,2024-02-15
c0042,35.829838,7.376396,155.0725963326786,2024-02-16
c0042,35.829838,7.376396,171.53589095820575,2024-02-17
c0042,35.829838,7.376396,150.0429010961006,2024-02-18
c0042,35.829838,7.376396,126.65383604757422,2024-02-19
c0042,35.829838,7.376396,168.74587700292577,2024-02-20
c0042,35.829838,7.376396,147.88925668966,2024-02-21
c0042,35.829838,7.376396,142.508069066243,2024-02-22
c0042,35.829838,7.376396,143.885703975896,2024-02-23
c0042,35.829838,7.376396,199.7342517032316,2024-02-24
c0042,35.829838,7.376396,186.1785707513419,2024-02-25
c0042,35.829838,7.376396,139.1040933772297,2024-02-26
c0042,35.829838,7.376396,186.5844370453961,2024-02-27
c0042,35.829838,7.376396,205.8477705355267,2024-02-28
c0042,35.829838,7.376396,209.06588508867392,2024-02-29
c0042,35.829838,7.376396,149.54286412922434,2024-03-01
c0042,35.829838,7.376396,135.93693797693948,2024-03-02
c0042,35.829838,7.376396,168.8614295151594,2024-03-03
c0042,35.829838,7.376396,162.2888739942424,2024-03-04
c0042,35.829838,7.376396,149.85887612968355,2024-03-05
c0042,35.829838,7.376396,155.44987551859654,2024-03-06
c0042,35.829838,7.376396,143.43401445722515,2024-03-07
c0042,35.829838,7.376396,171.3000833504356,2024-03-08
c0042,35.829838,7.376396,160.81582365470535,2024-03-09
c0042,35.829838,7.376396,168.29865243978253,2024-03-10
c0042,35.829838,7.376396,182.12295870363852,2024-03-11
c0042,35.829838,7.376396,168.44790224529987,2024-03-12
c0042,35.829838,7.376396,170.67284238598634,2024-03-13
c0042,35.829838,7.376396,151.38043495965888,2024-03-14
c0042,35.829838,7.376396,144.16602254885325,2024-03-15
c0042,35.829838,7.376396,147.37803018521234,2024-03-16
c0042,35.829838,7.376396,136.3911686885534,2024-03-17
c0042,35.829838,7.376396,129.22704434015603,2024-03-18
c0042,35.829838,7.376396,147.785502378905,2024-03-19
c0042,35.829838,7.376396,149.3484215548842,2024-03-20
c0042,35.829838,7.376396,153.7895562524337,2024-03-21
c0042,35.829838,7.376396,160.03290631148604,2024-03-22
c0042,35.829838,7.376396,168.71055278644758,2024-03-23
c0042,35.829838,7.376396,165.54493480825442,2024-03-24
c0042,35.829838,7.376396,154.2288642342866,2024-03-25
c0042,35.829838,7.376396,156.6056275749483,2024-03-26
c0042,35.829838,7.376396,176.76667436382732,2024-03-27
c0042,35.829838,7.376396,147.5694437443482,2024-03-28
c0042,35.829838,7.376396,148.75103404817523,2024-03-29
c0042,35.829838,7.376396,162.09549482240726,2024-03-30
c0042,35.829838,7.376396,154.8099843852983,2024-03-31
c0042,35.829838,7.376396,147.75408055224045,2024-04-01
c0042,35.829838,7.376396,141.37277780764316,2024-04-02
c0042,35.829838,7.376396,138.58462177703262,2024-04-03
c0042,35.829838,7.376396,151.53076311226914,2024-04-04
c0042,35.829838,7.376396,166.050597115111,2024-04-05
c0042,35.829838,7.376396,158.85035418894,2024-04-06
c0042,35.829838,7.376396,151.09101839124725,2024-04-07
c0042,35.829838,7.376396,151.06142220228202,2024-04-08
c0042,35.829838,7.376396,152.00100025680612,2024-04-09
c0042,35.829838,7.376396,184.69374877022864,2024-04-10
c0042,35.829838,7.376396,197.01298500569587,2024-04-11
c0042,35.829838,7.376396,175.9100284508292,2024-04-12
c0042,35.829838,7.376396,163.82719128109238,2024-04-13
c0042,35.829838,7.376396,173.4269422924077,2024-04-14
c0042,35.829838,7.376396,162.4228524098084,2024-04-15
c0042,35.829838,7.376396,156.8122608032063,2024-04-16
c0042,35.829838,7.376396,150.0957173533192,2024-04-17
c0042,35.829838,7.376396,159.1873201186887,2024-04-18
c0042,35.829838,7.376396,167.8521652414251,2024-04-19
c0042,35.829838,7.376396,171.50572049081202,2024-04-20
c0042,35.829838,7.376396,170.38776589679344,2024-04-21
c0042,35.829838,7.376396,168.2102913623549,2024-04-22
c0042,35.829838,7.376396,183.88453453111967,2024-04-23
c0042,35.829838,7.376396,182.6176993710779,2024-04-24
c0042,35.829838,7.376396,173.97136173537254,2024-04-25
c0042,35.829838,7.376396,169.10677483476297,2024-04-26
c0042,35.829838,7.376396,163.29694731565024,2024-04-27
c0042,35.829838,7.376396,155.7159147038809,2024-04-28
c0042,35.829838,7.376396,146.81127328260155,2024-04-29
c0042,35.829838,7.376396,162.84382033232131,2024-04-30
c0042,35.829838,7.376396,160.603944346981,2024-05-01
c0042,35.829838,7.376396,154.80104049587004,2024-05-02
c0042,35.829838,7.376396,152.03296858060077,2024-05-03
c0042,35.829838,7.376396,154.91490628476313,2024-05-04
c0042,35.829838,7.376396,149.68093104067432,2024-05-05
c0042,35.829838,7.376396,147.55159994896334,2024-05-06
c0042,35.829838,7.376396,161.0261673349634,2024-05-07
c0042,35.829838,7.376396,199.78031886569457,2024-05-08
c0042,35.829838,7.376396,189.5691963945506,2024-05-09
c0042,35.829838,7.376396,162.6162839349689,2024-05-10
c0042,35.829838,7.376396,166.84011171196067,2024-05-13
c0042,35.829838,7.376396,158.12018927180313,2024-05-14
c0042,35.829838,7.376396,159.2223301236722,2024-05-15
c0042,35.829838,7.376396,162.48062120557293,2024-05-16
c0042,35.829838,7.376396,157.9720265741678,2024-05-17
c0042,35.829838,7.376396,149.61851440410328,2024-05-18
c0042,35.829838,7.376396,144.15720424617666,2024-05-19
c0042,35.829838,7.376396,146.21079224597622,2024-05-20
c0042,35.829838,7.376396,151.21697459558848,2024-05-21
c0042,35.829838,7.376396,150.9652562210339,2024-05-22
c0042,35.829838,7.376396,154.85151807976132,2024-05-23
c0042,35.829838,7.376396,152.28664386629325,2024-05-24
c0042,35.829838,7.376396,155.7542117573746,2024-05-25
c0042,35.829838,7.376396,150.35863340348908,2024-05-26
c0042,35.829838,7.376396,159.1492867112982,2024-05-27
c0042,35.829838,7.376396,159.80208809763195,2024-05-28
c0042,35.829838,7.376396,158.13744750717734,2024-05-29
c0042,35.829838,7.376396,147.92291845393285,2024-05-30
c0042,35.829838,7.376396,155.68410773685645,2024-05-31
c0042,35.829838,7.376396,154.13932800767844,2024-06-01
c0042,35.829838,7.376396,158.81064462177122,2024-06-02
c0042,35.829838,7.376396,156.35679172891437,2024-06-03
c0042,35.829838,7.376396,151.70586816231076,2024-06-04
c0042,35.829838,7.376396,158.44937084166108,2024-06-05
c0042,35.829838,7.376396,143.26900552089816,2024-06-06
c0042,35.829838,7.376396,135.36333989571364,2024-06-07
c0042,35.829838,7.376396,132.62211655484694,2024-06-08
c0042,35.829838,7.376396,138.66145719641273,2024-06-09
c0042,35.829838,7.376396,142.84007341655737,2024-06-10
c0042,35.829838,7.376396,138.9521734053697,2024-06-11
c0042,35.829838,7.376396,142.8596925056128,2024-06-12
c0042,35.829838,7.376396,146.06229613827887,2024-06-13
c0042,35.829838,7.376396,148.75722454698982,2024-06-14
c0042,35.829838,7.376396,134.78037345463403,2024-06-15
c0042,35.829838,7.376396,144.60274043946268,2024-06-16
c0042,35.829838,7.376396,143.42149366827047,2024-06-17
c0042,35.829838,7.376396,137.42474471613454,2024-06-18
c0042,35.829838,7.376396,129.31619369899286,2024-06-19
c0042,35.829838,7.376396,131.37093119494682,2024-06-20
c0042,35.829838,7.376396,135.92350679237066,2024-06-21
c0042,35.829838,7.376396,139.25455356277473,2024-06-22
c0042,35.829838,7.376396,148.44630189432564,2024-06-23
c0042,35.829838,7.376396,145.78675452011663,2024-06-24
c0042,35.829838,7.376396,144.19614085518944,2024-06-25
c0042,35.829838,7.376396,141.82183502275356,2024-06-26
c0042,35.829838,7.376396,136.70708269680665,2024-06-27
c0042,35.829838,7.376396,134.5757674808727,2024-06-28
c0042,35.829838,7.376396,135.73485236403843,2024-06-29
c0042,35.829838,7.376396,133.87947420198438,2024-06-30
c0042,35.829838,7.376396,137.18065849472592,2024-07-01
c0042,35.829838,7.376396,144.04494542830932,2024-07-02
c0042,35.829838,7.376396,154.11396657057657,2024-07-03
c0042,35.829838,7.376396,142.3359250709616,2024-07-04
c0042,35.829838,7.376396,144.01517306258356,2024-07-05
c0042,35.829838,7.376396,134.31053234705365,2024-07-06
c0042,35.829838,7.376396,136.36267322162757,2024-07-07
c0042,35.829838,7.376396,132.57776601141367,2024-07-08
c0042,35.829838,7.376396,129.5721682406446,2024-07-09
c0042,35.829838,7.376396,131.04457680858394,2024-07-10
c0042,35.829838,7.376396,132.90387917092897,2024-07-11
c0042,35.829838,7.376396,131.0277151097687,2024-07-12
c0042,35.829838,7.376396,132.95723201206528,2024-07-13
c0042,35.829838,7.376396,130.41888891859432,2024-07-14
c0042,35.829838,7.376396,131.0490938305695,2024-07-15
c0042,35.829838,7.376396,131.87900881937583,2024-07-16
c0042,35.829838,7.376396,134.23465982986428,2024-07-17
c0042,35.829838,7.376396,135.0678080039756,2024-07-18
c0042,35.829838,7.376396,133.23633066194597,2024-07-19
c0042,35.829838,7.376396,132.79342706043545,2024-07-20
c0042,35.829838,7.376396,136.9631523646364,2024-07-21
c0042,35.829838,7.376396,138.5885450611786,2024-07-22
c0042,35.829838,7.376396,140.87061383935165,2024-07-23
c0042,35.829838,7.376396,139.59770488211376,2024-07-24
c0042,35.829838,7.376396,137.09321444542286,2024-07-25
c0042,35.829838,7.376396,133.83535928457272,2024-07-28
c0042,35.829838,7.376396,134.84114975675715,2024-07-29
c0042,35.829838,7.376396,131.88547850441066,2024-07-31
c0042,35.829838,7.376396,129.5405348642539,2024-08-01
c0042,35.829838,7.376396,133.82062607834456,2024-08-03
c0042,35.829838,7.376396,134.64996562252,2024-08-04
c0042,35.829838,7.376396,136.99403811882348,2024-08-05
c0042,35.829838,7.376396,134.06400996753254,2024-08-06
c0042,35.829838,7.376396,134.4276720869238,2024-08-07
c0042,35.829838,7.376396,134.86956883480036,2024-08-08
c0042,35.829838,7.376396,136.4437096682085,2024-08-09
c0042,35.829838,7.376396,135.09447061839367,2024-08-10
c0042,35.829838,7.376396,134.4470651264564,2024-08-11
c0042,35.829838,7.376396,135.01101230936433,2024-08-12
c0042,35.829838,7.376396,132.03384221841554,2024-08-13
c0042,35.829838,7.376396,135.18929124375126,2024-08-14
c0042,35.829838,7.376396,141.27313432747104,2024-08-15
c0042,35.829838,7.376396,144.55831385798663,2024-08-16
c0042,35.829838,7.376396,,2024-08-17
c0042,35.829838,7.376396,133.53382856534105,2024-08-18
c0042,35.829838,7.376396,136.98852140425345,2024-08-19
c0042,35.829838,7.376396,136.31337151996928,2024-08-20
c0042,35.829838,7.376396,133.45876975893566,2024-08-21
c0042,35.829838,7.376396,135.4717603570172,2024-08-22
c0042,35.829838,7.376396,141.77706299594416,2024-08-23
c0042,35.829838,7.376396,140.54630395860875,2024-08-24
c0042,35.829838,7.376396,135.71613974417335,2024-08-25
c0042,35.829838,7.376396,137.00523829954835,2024-08-26
c0042,35.829838,7.376396,138.5694849071498,2024-08-27
c0042,35.829838,7.376396,136.75424113854285,2024-08-28
c0042,35.829838,7.376396,138.5232442594494,2024-08-29
c0042,35.829838,7.376396,135.7456341137078,2024-08-30
c0042,35.829838,7.376396,132.45140720896927,2024-08-31
c0042,35.829838,7.376396,135.07329923166685,2024-09-01
c0042,35.829838,7.376396,135.55726712717365,2024-09-02
c0042,35.829838,7.376396,134.25939429141857,2024-09-03
c0042,35.829838,7.376396,131.8654261672596,2024-09-04
c0042,35.829838,7.376396,131.55734534192948,2024-09-05
c0042,35.829838,7.376396,130.20376881923917,2024-09-06
c0042,35.829838,7.376396,127.27008891569407,2024-09-07
c0042,35.829838,7.376396,126.84019322484778,2024-09-08
c0042,35.829838,7.376396,133.33107421876585,2024-09-09
c0042,35.829838,7.376396,133.9688849968278,2024-09-10
c0042,35.829838,7.376396,135.02327378558977,2024-09-11
c0042,35.829838,7.376396,138.20603752251853,2024-09-12
c0042,35.829838,7.376396,132.94982555414006,2024-09-13
c0042,35.829838,7.376396,134.55617720434444,2024-09-14
c0042,35.829838,7.376396,134.86991782307544,2024-09-15
c0042,35.829838,7.376396,132.2257599239301,2024-09-16
c0042,35.829838,7.376396,140.21067850307332,2024-09-17
c0042,35.829838,7.376396,142.6311362618846,2024-09-18
c0042,35.829838,7.376396,133.0893910766957,2024-09-19
c0042,35.829838,7.376396,134.89281896968362,2024-09-20
c0042,35.829838,7.376396,131.4501366780268,2024-09-21
c0042,35.829838,7.376396,127.1934639729138,2024-09-22
c0042,35.829838,7.376396,135.7860282826095,2024-09-23
c0042,35.829838,7.376396,,2024-09-24
c0042,35.829838,7.376396,136.7558221542059,2024-09-25
c0042,35.829838,7.376396,128.0967921244265,2024-09-26
c0042,35.829838,7.376396,127.28510720087206,2024-09-27
c0042,35.829838,7.376396,126.70836302244632,2024-09-28
c0042,35.829838,7.376396,127.3800857549972,2024-09-29
c0042,35.829838,7.376396,127.60947586539302,2024-09-30
c0042,35.829838,7.376396,125.27465715301554,2024-10-01
c0042,35.829838,7.376396,126.60288632681348,2024-10-02
c0042,35.829838,7.376396,124.95201658197075,2024-10-03
c0042,35.829838,7.376396,127.9336813498296,2024-10-04
c0042,35.829838,7.376396,124.63009394633522,2024-10-05
c0042,35.829838,7.376396,122.61598794552675,2024-10-06
c0042,35.829838,7.376396,123.37380226026788,2024-10-07
c0042,35.829838,7.376396,126.58304988219338,2024-10-08
c0042,35.829838,7.376396,119.40098219239952,2024-10-09
c0042,35.829838,7.376396,116.93587902504385,2024-10-10
c0042,35.829838,7.376396,117.9617543283671,2024-10-11
c0042,35.829838,7.376396,118.6234225588232,2024-10-12
c0042,35.829838,7.376396,118.2508135240243,2024-10-13
c0042,35.829838,7.376396,118.87952814292991,2024-10-14
c0042,35.829838,7.376396,122.03945223150828,2024-10-15
c0042,35.829838,7.376396,123.15769704315042,2024-10-16
c0042,35.829838,7.376396,120.00480187112863,2024-10-17
c0042,35.829838,7.376396,133.1005378199322,2024-10-18
c0042,35.829838,7.376396,133.22803568289012,2024-10-19
c0042,35.829838,7.376396,140.6738903623156,2024-10-20
c0042,35.829838,7.376396,134.12789076640925,2024-10-21
c0042,35.829838,7.376396,132.41711706554065,2024-10-22
c0042,35.829838,7.376396,125.0061994921128,2024-10-23
c0042,35.829838,7.376396,128.2430266653545,2024-10-24
c0042,35.829838,7.376396,,2024-10-25
c0042,35.829838,7.376396,132.10569161734702,2024-10-26
c0042,35.829838,7.376396,134.3459157010039,2024-10-27
c0042,35.829838,7.376396,131.94233140753292,2024-10-28
c0042,35.829838,7.376396,126.37870368701276,2024-10-29
c0042,35.829838,7.376396,127.99132154226068,2024-10-30
c0042,35.829838,7.376396,122.45274488393294,2024-10-31
c0042,35.829838,7.376396,128.8848988762363,2024-11-02
c0042,35.829838,7.376396,134.9237868866909,2024-11-03
c0042,35.829838,7.376396,129.6110287907914,2024-11-04
c0042,35.829838,7.376396,126.432722350016,2024-11-05
c0042,35.829838,7.376396,127.95307952089313,2024-11-06
c0042,35.829838,7.376396,132.40058876099215,2024-11-07
c0042,35.829838,7.376396,131.0644378311369,2024-11-08
c0042,35.829838,7.376396,130.07397623801216,2024-11-09
c0042,35.829838,7.376396,137.0453159782102,2024-11-10
c0042,35.829838,7.376396,139.37797151003025,2024-11-11
c0042,35.829838,7.376396,136.00208960981462,2024-11-12
c0042,35.829838,7.376396,129.64705776815427,2024-11-13
c0042,35.829838,7.376396,123.7073942031889,2024-11-14
c0042,35.829838,7.376396,123.36315496102604,2024-11-15
c0042,35.829838,7.376396,122.51725125590606,2024-11-16
c0042,35.829838,7.376396,127.166884438164,2024-11-17
c0042,35.829838,7.376396,125.37723105638234,2024-11-18
c0042,35.829838,7.376396,,2024-11-19
c0042,35.829838,7.376396,132.93936511095816,2024-11-20
c0042,35.829838,7.376396,123.25784789064704,2024-11-21
c0042,35.829838,7.376396,,2024-11-22
c0042,35.829838,7.376396,132.94688486530714,2024-11-23
c0042,35.829838,7.376396,130.43125193496522,2024-11-24
c0042,35.829838,7.376396,132.9272253851273,2024-11-25
c0042,35.829838,7.376396,140.49245953884775,2024-11-26
c0042,35.829838,7.376396,135.90786755501054,2024-11-27
c0042,35.829838,7.376396,138.2678239189967,2024-11-28
c0042,35.829838,7.376396,134.96787572725788,2024-11-29
c0042,35.829838,7.376396,133.67732548646126,2024-11-30
c0042,35.829838,7.376396,133.48591513815947,2024-12-01
c0042,35.829838,7.376396,135.06633992431702,2024-12-02
c0042,35.829838,7.376396,,2024-12-03
c0042,35.829838,7.376396,144.38495860738314,2024-12-04
c0042,35.829838,7.376396,145.2975595579874,2024-12-05
c0042,35.829838,7.376396,136.95495183155734,2024-12-06
c0042,35.829838,7.376396,126.0717051762282,2024-12-07
c0042,35.829838,7.376396,128.5736386392337,2024-12-08
c0042,35.829838,7.376396,135.72682014071913,2024-12-09
c0042,35.829838,7.376396,124.18483019879,2024-12-10
c0042,35.829838,7.376396,119.16289268907812,2024-12-11
c0042,35.829838,7.376396,122.03765012660706,2024-12-12
c0042,35.829838,7.376396,116.18110115195496,2024-12-13
c0042,35.829838,7.376396,115.16455113842092,2024-12-14
c0042,35.829838,7.376396,152.28322422528993,2024-12-15
c0042,35.829838,7.376396,148.314021727065,2024-12-16
c0042,35.829838,7.376396,145.38383268552113,2024-12-17
c0042,35.829838,7.376396,138.72800595534767,2024-12-18
c0042,35.829838,7.376396,122.24127213310476,2024-12-19
c0042,35.829838,7.376396,133.85153607265002,2024-12-20
c0042,35.829838,7.376396,143.81865643412155,2024-12-21
c0042,35.829838,7.376396,142.3676324607804,2024-12-22
c0042,35.829838,7.376396,147.64957723486805,2024-12-23
c0042,35.829838,7.376396,150.10896846401295,2024-12-24
c0042,35.829838,7.376396,153.64169256134082,2024-12-25
c0042,35.829838,7.376396,156.34293291779602,2024-12-26
c0042,35.829838,7.376396,161.0636355005431,2024-12-27
c0042,35.829838,7.376396,145.08596227797224,2024-12-28
c0042,35.829838,7.376396,134.93278667335824,2024-12-29
c0042,35.829838,7.376396,137.70375912205512,2024-12-30
c0042,35.829838,7.376396,152.12112972045384,2025-01-01
c0042,35.829838,7.376396,156.27068170117087,2025-01-02
c0042,35.829838,7.376396,148.9825171534208,2025-01-03
c0042,35.829838,7.376396,139.37813913334534,2025-01-04
c0042,35.829838,7.376396,142.39543541938116,2025-01-05
c0042,35.829838,7.376396,136.30911455642723,2025-01-06
c0042,35.829838,7.376396,158.1310836745828,2025-01-07
c0042,35.829838,7.376396,126.28522671234175,2025-01-08
c0042,35.829838,7.376396,144.1822621811765,2025-01-09
c0042,35.829838,7.376396,144.33961725884478,2025-01-10
c0042,35.829838,7.376396,140.69489528022206,2025-01-11
c0042,35.829838,7.376396,164.72389026536425,2025-01-12
c0042,35.829838,7.376396,163.39286447217742,2025-01-13
c0042,35.829838,7.376396,164.0257072317943,2025-01-14
c0042,35.829838,7.376396,160.59102039534486,2025-01-15
c0042,35.829838,7.376396,169.4280340438493,2025-01-16
c0042,35.829838,7.376396,164.3593235078095,2025-01-17
c0042,35.829838,7.376396,161.00520144369298,2025-01-18
c0042,35.829838,7.376396,154.2242250165609,2025-01-19
c0042,35.829838,7.376396,141.49133624152532,2025-01-20
c0042,35.829838,7.376396,134.15600845732652,2025-01-21
c0042,35.829838,7.376396,127.62607074239246,2025-01-22
c0042,35.829838,7.376396,130.66346400721196,2025-01-23
c0042,35.829838,7.376396,133.65117152333107,2025-01-24
c0042,35.829838,7.376396,133.92738729869336,2025-01-25
c0042,35.829838,7.376396,145.5952649480769,2025-01-26
c0042,35.829838,7.376396,140.12795989593005,2025-01-27
c0042,35.829838,7.376396,137.99159115916598,2025-01-28
c0042,35.829838,7.376396,164.12687588378813,2025-01-29
c0042,35.829838,7.376396,156.34334476919528,2025-01-30
c0042,35.829838,7.376396,156.4121475842751,2025-01-31
c0042,35.829838,7.376396,162.42793720306375,2025-02-01
c0042,35.829838,7.376396,154.81571067464282,2025-02-02
c0042,35.829838,7.376396,153.1837105197889,2025-02-03
c0042,35.829838,7.376396,162.28568128529906,2025-02-04
c0042,35.829838,7.376396,156.5953568582375,2025-02-05
c0042,35.829838,7.376396,151.4758766941502,2025-02-06
c0042,35.829838,7.376396,157.72139891520774,2025-02-07
c0042,35.829838,7.376396,159.0062550664872,2025-02-08
c0042,35.829838,7.376396,142.4311563340933,2025-02-09
c0042,35.829838,7.376396,142.6181985400601,2025-02-10
c0042,35.829838,7.376396,135.01134979471436,2025-02-11
c0042,35.829838,7.376396,141.99447292567768,2025-02-12
c0042,35.829838,7.376396,151.04552196450658,2025-02-13
c0042,35.829838,7.376396,142.43576765487245,2025-02-14
c0042,35.829838,7.376396,143.28419978003254,2025-02-15
c0042,35.829838,7.376396,146.4457761915589,2025-02-16
c0042,35.829838,7.376396,152.04234653191585,2025-02-17
c0042,35.829838,7.376396,143.34991673768204,2025-02-18
c0042,35.829838,7.376396,163.23628766723175,2025-02-19
c0042,35.829838,7.376396,167.6458848709638,2025-02-20
c0042,35.829838,7.376396,157.20837865202398,2025-02-21
c0042,35.829838,7.376396,154.95456242213592,2025-02-22
c0042,35.829838,7.376396,177.88526503907164,2025-02-23
c0042,35.829838,7.376396,168.79308222255514,2025-02-24
c0042,35.829838,7.376396,164.9744042297887,2025-02-25
c0042,35.829838,7.376396,177.0724401917149,2025-02-26
c0042,35.829838,7.376396,165.6050579291949,2025-02-27
c0042,35.829838,7.376396,160.96987182343062,2025-02-28
c0042,35.829838,7.376396,175.51575010458876,2025-03-01
c0042,35.829838,7.376396,140.25869778047402,2025-03-02
c0042,35.829838,7.376396,130.4561334669389,2025-03-03
c0042,35.829838,7.376396,125.68867705041995,2025-03-04
c0042,35.829838,7.376396,140.05434471298867,2025-03-05
c0042,35.829838,7.376396,144.322333626254,2025-03-06
c0042,35.829838,7.376396,140.90529670649244,2025-03-07
c0042,35.829838,7.376396,139.40494786707245,2025-03-08
c0042,35.829838,7.376396,147.0101925961975,2025-03-09
c0042,35.829838,7.376396,138.5113357330923,2025-03-10
c0042,35.829838,7.376396,145.48500246585698,2025-03-11
c0042,35.829838,7.376396,143.25499825591808,2025-03-12
c0042,35.829838,7.376396,147.55756423376278,2025-03-13
c0042,35.829838,7.376396,142.4396374387118,2025-03-14
c0042,35.829838,7.376396,162.53211674110085,2025-03-15
c0042,35.829838,7.376396,154.4218023021518,2025-03-16
c0042,35.829838,7.376396,129.141190632701,2025-03-17
c0042,35.829838,7.376396,147.63827347550503,2025-03-18
c0042,35.829838,7.376396,141.3068714555242,2025-03-19
c0042,35.829838,7.376396,141.70285839240648,2025-03-20
c0042,35.829838,7.376396,,2025-03-21
c0042,35.829838,7.376396,140.56528722974903,2025-03-22
c0042,35.829838,7.376396,153.48775121719342,2025-03-24
c0042,35.829838,7.376396,163.5090595570939,2025-03-25
c0042,35.829838,7.376396,159.4800149965994,2025-03-26
c0042,35.829838,7.376396,151.81635596213823,2025-03-27
c0042,35.829838,7.376396,162.68943909660717,2025-03-28
c0042,35.829838,7.376396,163.81802850372068,2025-03-29
c0042,35.829838,7.376396,182.60906603587185,2025-03-30
c0042,35.829838,7.376396,159.10878309845717,2025-03-31
c0042,35.829838,7.376396,152.02083244593354,2025-04-01
c0042,35.829838,7.376396,151.3423123279128,2025-04-02
c0042,35.829838,7.376396,145.93592337017907,2025-04-03
c0042,35.829838,7.376396,146.7965670860444,2025-04-04
c0042,35.829838,7.376396,151.33760507869695,2025-04-05
c0042,35.829838,7.376396,157.190338774495,2025-04-06
c0042,35.829838,7.376396,158.3037918146929,2025-04-07
c0042,35.829838,7.376396,155.0426029056277,2025-04-08
c0042,35.829838,7.376396,158.28719158837762,2025-04-09
c0042,35.829838,7.376396,152.80032595517335,2025-04-10
c0042,35.829838,7.376396,144.81201275821243,2025-04-11
c0042,35.829838,7.376396,139.79263414107243,2025-04-12
c0042,35.829838,7.376396,138.58580841278578,2025-04-13
c0042,35.829838,7.376396,148.40254162499593,2025-04-14
c0042,35.829838,7.376396,141.2926772481614,2025-04-15
c0042,35.829838,7.376396,169.42812545417917,2025-04-16
c0042,35.829838,7.376396,141.32911425163607,2025-04-17
c0042,35.829838,7.376396,135.33537861235766,2025-04-18
c0042,35.829838,7.376396,143.56769555217414,2025-04-19
c0042,35.829838,7.376396,146.58954776661446,2025-04-20
c0042,35.829838,7.376396,162.9640347655532,2025-04-21
c0042,35.829838,7.376396,147.47677580780694,2025-04-22
c0042,35.829838,7.376396,168.2585810099235,2025-04-23
c0042,35.829838,7.376396,144.1042489719058,2025-04-24
c0042,35.829838,7.376396,138.487034164654,2025-04-25
c0042,35.829838,7.376396,144.97800230885085,2025-04-26
c0042,35.829838,7.376396,156.04077905356937,2025-04-27
c0042,35.829838,7.376396,162.84997528459962,2025-04-28
c0042,35.829838,7.376396,144.7886526342053,2025-04-29
c0042,35.829838,7.376396,144.0473706297048,2025-04-30
c0042,35.829838,7.376396,141.06473359454256,2025-05-01
c0042,35.829838,7.376396,140.55042345816886,2025-05-02
c0042,35.829838,7.376396,144.82629869665462,2025-05-03
c0042,35.829838,7.376396,149.92822150407682,2025-05-04
c0042,35.829838,7.376396,154.36421068475008,2025-05-06
c0042,35.829838,7.376396,153.9505097475279,2025-05-07
c0042,35.829838,7.376396,149.8053733418867,2025-05-08
c0042,35.829838,7.376396,149.80505443541605,2025-05-09
c0042,35.829838,7.376396,144.29785240846314,2025-05-10
c0042,35.829838,7.376396,140.00562387210135,2025-05-11
c0042,35.829838,7.376396,148.7145666190005,2025-05-12
c0042,35.829838,7.376396,147.29051914529012,2025-05-13
c0042,35.829838,7.376396,151.26571661753724,2025-05-14
c0042,35.829838,7.376396,157.50389389002183,2025-05-15
c0042,35.829838,7.376396,164.53689043749827,2025-05-16
c0042,35.829838,7.376396,154.69928814062155,2025-05-17
c0042,35.829838,7.376396,142.98050125754224,2025-05-18
c0042,35.829838,7.376396,147.14659792907156,2025-05-19
c0042,35.829838,7.376396,148.5898235049869,2025-05-20
c0042,35.829838,7.376396,151.00108591539578,2025-05-21
c0042,35.829838,7.376396,,2025-05-22
c0042,35.829838,7.376396,154.93745131467134,2025-05-23
c0042,35.829838,7.376396,162.463776660936,2025-05-24
c0042,35.829838,7.376396,152.35127688231825,2025-05-25
c0042,35.829838,7.376396,148.64988994870777,2025-05-26
c0042,35.829838,7.376396,148.67821366643375,2025-05-27
c0042,35.829838,7.376396,146.47517725753823,2025-05-28
c0042,35.829838,7.376396,142.8165457248257,2025-05-29
c0042,35.829838,7.376396,143.49136845062682,2025-05-30
c0042,35.829838,7.376396,145.45019470798155,2025-05-31
c0042,35.829838,7.376396,147.50529681424624,2025-06-01
c0042,35.829838,7.376396,145.5910502182432,2025-06-02
c0042,35.829838,7.376396,144.0353228682381,2025-06-03
c0042,35.829838,7.376396,150.623158427685,2025-06-04
c0042,35.829838,7.376396,145.8795355176299,2025-06-05
c0042,35.829838,7.376396,140.7178749786482,2025-06-06
c0042,35.829838,7.376396,141.37554208896765,2025-06-07
c0042,35.829838,7.376396,142.67400708852034,2025-06-08
c0042,35.829838,7.376396,141.08967493023718,2025-06-09
c0042,35.829838,7.376396,135.92717936393345,2025-06-10
c0042,35.829838,7.376396,133.24827142896015,2025-06-11
c0042,35.829838,7.376396,135.69919296663232,2025-06-12
c0042,35.829838,7.376396,139.16858565451437,2025-06-13
c0042,35.829838,7.376396,141.55764059688505,2025-06-14
c0042,35.829838,7.376396,138.02197986215037,2025-06-15
c0042,35.829838,7.376396,134.4069021102831,2025-06-16
c0042,35.829838,7.376396,138.41554556320986,2025-06-17
c0042,35.829838,7.376396,141.08319609482697,2025-06-18
c0042,35.829838,7.376396,146.46060702158843,2025-06-19
c0042,35.829838,7.376396,143.50430061182757,2025-06-20
c0042,35.829838,7.376396,139.96398379010122,2025-06-21
c0042,35.829838,7.376396,137.93616013497106,2025-06-22
c0042,35.829838,7.376396,136.53550976777103,2025-06-23
c0042,35.829838,7.376396,134.0053946816165,2025-06-24
c0042,35.829838,7.376396,132.50798693374654,2025-06-25
c0042,35.829838,7.376396,129.81460961287547,2025-06-26
c0042,35.829838,7.376396,129.69118450224127,2025-06-27
c0042,35.829838,7.376396,131.6458913631842,2025-06-28
c0042,35.829838,7.376396,134.51404007250338,2025-06-29
c0042,35.829838,7.376396,135.2880538409777,2025-06-30
c0042,35.829838,7.376396,131.88583571472446,2025-07-01
c0042,35.829838,7.376396,135.62389386245565,2025-07-02
c0042,35.829838,7.376396,137.04113320570218,2025-07-03
c0042,35.829838,7.376396,136.88087957371422,2025-07-04
c0042,35.829838,7.376396,134.7416977618567,2025-07-05
c0042,35.829838,7.376396,136.09247527057627,2025-07-06
c0042,35.829838,7.376396,135.05975603479274,2025-07-07
c0042,35.829838,7.376396,134.47515993521984,2025-07-08
c0042,35.829838,7.376396,131.93934271136064,2025-07-09
c0042,35.829838,7.376396,138.29918460500562,2025-07-10
c0042,35.829838,7.376396,137.69681502330604,2025-07-11
c0042,35.829838,7.376396,136.95333772216435,2025-07-12
c0042,35.829838,7.376396,132.6143273722072,2025-07-13
c0042,35.829838,7.376396,131.36235403909654,2025-07-14
c0042,35.829838,7.376396,130.52220007243906,2025-07-15
c0042,35.829838,7.376396,133.57711910798287,2025-07-16
c0042,35.829838,7.376396,134.03434334675822,2025-07-17
c0042,35.829838,7.376396,133.7386923159394,2025-07-18
c0042,35.829838,7.376396,134.44411881933496,2025-07-19
c0042,35.829838,7.376396,130.89520005305738,2025-07-20
c0042,35.829838,7.376396,131.64416977291242,2025-07-21
c0042,35.829838,7.376396,133.32042593242878,2025-07-22
c0042,35.829838,7.376396,132.45242444753828,2025-07-23
c0042,35.829838,7.376396,132.99321021666128,2025-07-24
c0042,35.829838,7.376396,131.48006806749493,2025-07-25
c0042,35.829838,7.376396,139.0389673824734,2025-07-26
c0042,35.829838,7.376396,137.6968901463734,2025-07-27
c0042,35.829838,7.376396,135.27657201606698,2025-07-28
c0042,35.829838,7.376396,135.74899138807748,2025-07-29
c0042,35.829838,7.376396,136.82752528235127,2025-07-30
c0042,35.829838,7.376396,134.58861636727127,2025-07-31
c0042,35.829838,7.376396,134.38294328518083,2025-08-01
c0042,35.829838,7.376396,135.19696953763753,2025-08-02
c0042,35.829838,7.376396,135.3558799740384,2025-08-03
c0042,35.829838,7.376396,136.71153767129604,2025-08-04
c0042,35.829838,7.376396,135.50873940812232,2025-08-05
c0042,35.829838,7.376396,138.37761391863043,2025-08-06
c0042,35.829838,7.376396,137.27504439114523,2025-08-07
c0042,35.829838,7.376396,134.11556142115532,2025-08-08
c0042,35.829838,7.376396,131.3255171991013,2025-08-09
c0042,35.829838,7.376396,129.33686835475964,2025-08-10
c0042,35.829838,7.376396,132.60355596454613,2025-08-11
c0042,35.829838,7.376396,134.64208264337103,2025-08-12
c0042,35.829838,7.376396,134.19396010854464,2025-08-13
c0042,35.829838,7.376396,132.34084526385018,2025-08-14
c0042,35.829838,7.376396,136.1256296202187,2025-08-15
c0042,35.829838,7.376396,131.74643495886076,2025-08-16
c0042,35.829838,7.376396,132.92227464950585,2025-08-17
c0042,35.829838,7.376396,133.4161593195162,2025-08-18
c0042,35.829838,7.376396,137.40952199995,2025-08-19
c0042,35.829838,7.376396,137.14571840321713,2025-08-20
c0042,35.829838,7.376396,132.66174356849274,2025-08-21
c0042,35.829838,7.376396,130.9693810649921,2025-08-22
c0042,35.829838,7.376396,133.76128194286704,2025-08-23
c0042,35.829838,7.376396,131.10964072772074,2025-08-24
c0042,35.829838,7.376396,129.11040544648716,2025-08-25
c0042,35.829838,7.376396,130.63676434174212,2025-08-26
c0042,35.829838,7.376396,135.87694808672725,2025-08-27
c0042,35.829838,7.376396,131.8863397714677,2025-08-28
c0042,35.829838,7.376396,135.47382483010995,2025-08-29
c0042,35.829838,7.376396,130.6495814282753,2025-08-30
c0042,35.829838,7.376396,132.67073779824747,2025-08-31
c0042,35.829838,7.376396,130.03988837738606,2025-09-01
c0042,35.829838,7.376396,134.12537863827075,2025-09-02
c0042,35.829838,7.376396,130.2794181822093,2025-09-03
c0042,35.829838,7.376396,132.33611767548956,2025-09-04
c0042,35.829838,7.376396,132.6162880829182,2025-09-05
c0042,35.829838,7.376396,131.6583789960639,2025-09-06
c0042,35.829838,7.376396,132.49295150711774,2025-09-07
c0042,35.829838,7.376396,130.16941456194257,2025-09-08
c0042,35.829838,7.376396,130.6474696347641,2025-09-09
c0042,35.829838,7.376396,135.67583968370135,2025-09-10
c0042,35.829838,7.376396,132.22085765111186,2025-09-11
c0042,35.829838,7.376396,130.35309248791555,2025-09-12
c0042,35.829838,7.376396,129.1738426515511,2025-09-13
c0042,35.829838,7.376396,130.2291115234515,2025-09-14
c0042,35.829838,7.376396,127.33742690712911,2025-09-15
c0042,35.829838,7.376396,125.86927593421538,2025-09-16
c0042,35.829838,7.376396,125.83153316485598,2025-09-17
c0042,35.829838,7.376396,122.52607542357154,2025-09-18
c0042,35.829838,7.376396,123.21833526652456,2025-09-19
c0042,35.829838,7.376396,124.64108058590216,2025-09-20
c0042,35.829838,7.376396,126.87950472852496,2025-09-21
c0042,35.829838,7.376396,127.8070805705558,2025-09-22
c0042,35.829838,7.376396,132.2045633789125,2025-09-23
c0042,35.829838,7.376396,132.84542368780296,2025-09-24
c0042,35.829838,7.376396,128.76262471692695,2025-09-25
c0042,35.829838,7.376396,128.40148137243514,2025-09-26
c0042,35.829838,7.376396,137.444012500894,2025-09-27
c0042,35.829838,7.376396,126.48765187362132,2025-09-28
c0042,35.829838,7.376396,128.46957789533135,2025-09-29
c0042,35.829838,7.376396,130.5635002276422,2025-09-30
c0042,35.829838,7.376396,129.4142978129246,2025-10-01
c0042,35.829838,7.376396,128.82653459282167,2025-10-02
c0042,35.829838,7.376396,139.04212677168982,2025-10-03
c0042,35.829838,7.376396,129.30396218157935,2025-10-04
c0042,35.829838,7.376396,123.66624825445452,2025-10-05
c0042,35.829838,7.376396,125.43228755247756,2025-10-06
c0042,35.829838,7.376396,124.10200758123088,2025-10-07
c0042,35.829838,7.376396,125.17057495016022,2025-10-08
c0042,35.829838,7.376396,134.4446340912526,2025-10-09
c0042,35.829838,7.376396,131.484943113387,2025-10-10
c0042,35.829838,7.376396,126.84587528554614,2025-10-11
c0042,35.829838,7.376396,130.07949950517894,2025-10-12
c0042,35.829838,7.376396,124.99816450450352,2025-10-13
c0042,35.829838,7.376396,128.50651947414423,2025-10-14
c0042,35.829838,7.376396,127.37557333100948,2025-10-15
c0042,35.829838,7.376396,132.71385467084357,2025-10-16
c0042,35.829838,7.376396,137.3210699901629,2025-10-17
c0042,35.829838,7.376396,136.02349401639077,2025-10-18
c0042,35.829838,7.376396,128.2512090825918,2025-10-19
c0042,35.829838,7.376396,123.02486574046308,2025-10-20
c0042,35.829838,7.376396,119.9697468072806,2025-10-21
c0042,35.829838,7.376396,,2025-10-22
c0042,35.829838,7.376396,123.16083708996317,2025-10-23
c0042,35.829838,7.376396,121.79317643762904,2025-10-24
c0042,35.829838,7.376396,120.72406686004103,2025-10-25
c0042,35.829838,7.376396,123.33567241972122,2025-10-26
c0042,35.829838,7.376396,129.22360724133975,2025-10-27
c0042,35.829838,7.376396,130.9137767296247,2025-10-28
c0042,35.829838,7.376396,125.35603800017287,2025-10-29
c0042,35.829838,7.376396,129.63926790661233,2025-10-30
c0042,35.829838,7.376396,132.75255366600732,2025-10-31
c0042,35.829838,7.376396,126.23415820738916,2025-11-01
c0042,35.829838,7.376396,130.9239930100487,2025-11-02
c0042,35.829838,7.376396,138.05955078677306,2025-11-03
c0042,35.829838,7.376396,132.42491790528086,2025-11-04
c0042,35.829838,7.376396,134.33343613169006,2025-11-05
c0042,35.829838,7.376396,131.25345851834723,2025-11-06
c0042,35.829838,7.376396,132.67761943871773,2025-11-07
c0042,35.829838,7.376396,133.55817560735147,2025-11-08
c0042,35.829838,7.376396,147.32628964977164,2025-11-09
c0042,35.829838,7.376396,129.70892359722603,2025-11-10
c0042,35.829838,7.376396,121.81069161131435,2025-11-11
c0042,35.829838,7.376396,118.85334628314308,2025-11-12
c0042,35.829838,7.376396,117.17359808097224,2025-11-13
c0042,35.829838,7.376396,119.8001354556976,2025-11-14
c0042,35.829838,7.376396,122.94799175506552,2025-11-15
c0042,35.829838,7.376396,125.79401386657096,2025-11-16
c0042,35.829838,7.376396,128.97503145203316,2025-11-17
c0042,35.829838,7.376396,131.3699991814757,2025-11-18
c0042,35.829838,7.376396,132.0072396572083,2025-11-19
c0042,35.829838,7.376396,144.511257931972,2025-11-20
c0042,35.829838,7.376396,142.19361457150146,2025-11-21
c0042,35.829838,7.376396,143.518107833611,2025-11-22
c0042,35.829838,7.376396,146.81271241682717,2025-11-23
c0042,35.829838,7.376396,142.00995962794082,2025-11-24
c0042,35.829838,7.376396,147.26217366681593,2025-11-25
c0042,35.829838,7.376396,147.20926461897295,2025-11-26
c0042,35.829838,7.376396,162.1400428420475,2025-11-27
c0042,35.829838,7.376396,155.8737346424139,2025-11-28
c0042,35.829838,7.376396,135.89467530307508,2025-11-30
c0042,35.829838,7.376396,147.2801347182058,2025-12-01
c0042,35.829838,7.376396,154.54513561432947,2025-12-02
c0042,35.829838,7.376396,152.14567046963873,2025-12-03
c0042,35.829838,7.376396,154.71065212727265,2025-12-04
c0042,35.829838,7.376396,164.37270902192094,2025-12-05
c0042,35.829838,7.376396,154.0765704548923,2025-12-06
c0042,35.829838,7.376396,145.63466310364697,2025-12-07
c0042,35.829838,7.376396,143.61076261071523,2025-12-08
c0042,35.829838,7.376396,143.6584342115259,2025-12-09
c0042,35.829838,7.376396,142.86618483681698,2025-12-10
c0042,35.829838,7.376396,136.71500036822545,2025-12-11
c0042,35.829838,7.376396,134.7942945022082,2025-12-12
c0042,35.829838,7.376396,132.77808177085623,2025-12-13
c0042,35.829838,7.376396,137.46234721772785,2025-12-14
c0042,35.829838,7.376396,142.13227508127736,2025-12-15
c0042,35.829838,7.376396,140.79270554141004,2025-12-16
c0042,35.829838,7.376396,154.27421011868682,2025-12-17
c0042,35.829838,7.376396,156.7958895306854,2025-12-18
c0042,35.829838,7.376396,153.2178943624183,2025-12-22
c0042,35.829838,7.376396,151.42823799182187,2025-12-23
c0042,35.829838,7.376396,151.55765592250643,2025-12-24
c0042,35.829838,7.376396,144.99410337682534,2025-12-25
c0042,35.829838,7.376396,145.17578725878886,2025-12-26
c0042,35.829838,7.376396,138.60783743046048,2025-12-27
c0042,35.829838,7.376396,145.85367874452083,2025-12-28
c0042,35.829838,7.376396,155.04059986448857,2025-12-29
c0042,35.829838,7.376396,143.9157106885292,2025-12-30
